0,1,2,3,4,5,6,7,8,9,10,11,12,13,14,15,16,17,18
1.0,0.8829799109314714,0.8936785202309467,0.775027795102207,0.7899897586374948,0.6890359206522332,0.46578010542157944,0.4376690704070622,0.24191531032841493,0.1734505345080356,0.7988259342443867,0.6750389425017499,0.49572134544107427,0.647645406848999,0.3715078093613953,0.2616071423628762,0.552601702207569,0.7212509949084062,0.43025688596823736
0.8829799109314714,1.0,0.866607813755745,0.7896712244714316,0.7387104603389982,0.593694043937624,0.415285125003044,0.3446885239604022,0.31667732574064217,0.2194822605554268,0.7431117989185462,0.7429193323252214,0.5076974424469314,0.7239737414957109,0.3963265537829423,0.29250297431939365,0.5984553702025608,0.6014751669872211,0.34717813659612834
0.8936785202309467,0.866607813755745,1.0,0.8497313663609295,0.9285769414039993,0.8164135162293916,0.603981014129372,0.5611981297328839,0.33130145501680175,0.279972548555312,0.8927691428542055,0.7538600659204024,0.5434439039503697,0.7203986544728574,0.4871005880946355,0.31913428166066254,0.5819248333214802,0.82177703926554,0.5366621170467977
0.775027795102207,0.7896712244714316,0.8497313663609295,1.0,0.835075462512716,0.8388725443969606,0.5196985654965356,0.46072935107527785,0.33619716944883843,0.2878255061408531,0.8046288909058228,0.8142597279243613,0.5494930684012175,0.6412648911212289,0.48991759640405047,0.361575832162891,0.6333532342154666,0.693181709869729,0.4136828397653194
0.7899897586374948,0.7387104603389982,0.9285769414039993,0.835075462512716,1.0,0.8972708390832884,0.7111508787381358,0.6434808657313306,0.3384682406835476,0.33071862868255036,0.9034694082282884,0.7170513047387068,0.6602138520504578,0.677775607853021,0.534810293044307,0.43515078472689017,0.5545732481995618,0.9091242745677408,0.6287894670198311
0.6890359206522332,0.593694043937624,0.8164135162293916,0.8388725443969606,0.8972708390832884,1.0,0.7303827298962675,0.6802900258911483,0.34130905648051213,0.27199854315044475,0.7875882264216517,0.7274331520878003,0.526048351650484,0.5899752192798717,0.5177461634662394,0.3734121661385345,0.5425248154517349,0.809496865525056,0.6917600784033661
0.46578010542157944,0.415285125003044,0.603981014129372,0.5196985654965356,0.7111508787381358,0.7303827298962675,1.0,0.8452594772014563,0.5207647095266393,0.4634732510155697,0.5763703635749031,0.5246007450817491,0.4670993534087063,0.5481765900764692,0.6086764227293028,0.3570486864293878,0.29546595740485165,0.7228782391226644,0.8446862273020721
0.4376690704070622,0.3446885239604022,0.5611981297328839,0.46072935107527785,0.6434808657313306,0.6802900258911483,0.8452594772014563,1.0,0.5231765593029624,0.48867168469414024,0.5246248159116704,0.5213100358703402,0.34792608305068995,0.5778420762437301,0.4140499319370792,0.24192013056256478,0.2526388218019968,0.5360413645771163,0.8875426114568783
0.24191531032841493,0.31667732574064217,0.33130145501680175,0.33619716944883843,0.3384682406835476,0.34130905648051213,0.5207647095266393,0.5231765593029624,1.0,0.675122109964018,0.34666281222268464,0.3829629704425684,0.1700441591395432,0.5065036324167841,0.5383870569305085,0.2925284515586306,0.17193433510511333,0.22333894892174505,0.48653019547424814
0.1734505345080356,0.2194822605554268,0.279972548555312,0.2878255061408531,0.33071862868255036,0.27199854315044475,0.4634732510155697,0.48867168469414024,0.675122109964018,1.0,0.3101366811482531,0.32586298340493963,0.25829193964878666,0.5070354240457948,0.4017445385411885,0.5135339085093096,0.12895406412930546,0.22364669304830756,0.3886588763895318
0.7988259342443867,0.7431117989185462,0.8927691428542055,0.8046288909058228,0.9034694082282884,0.7875882264216517,0.5763703635749031,0.5246248159116704,0.34666281222268464,0.3101366811482531,1.0,0.689745796881081,0.6275055020046065,0.6480623264495979,0.5245836426123766,0.40500109995783073,0.4830561996178781,0.7920266460580099,0.47805181840557637
0.6750389425017499,0.7429193323252214,0.7538600659204024,0.8142597279243613,0.7170513047387068,0.7274331520878003,0.5246007450817491,0.5213100358703402,0.3829629704425684,0.32586298340493963,0.689745796881081,1.0,0.4287591404297786,0.81065080323637,0.40525432185031146,0.3148890663637943,0.5610757806677742,0.5624658547741053,0.4364767548621068
0.49572134544107427,0.5076974424469314,0.5434439039503697,0.5494930684012175,0.6602138520504578,0.526048351650484,0.4670993534087063,0.34792608305068995,0.1700441591395432,0.25829193964878666,0.6275055020046065,0.4287591404297786,1.0,0.38728450331223474,0.44557491323627474,0.5842841872401815,0.3103530952445332,0.7243739550808573,0.2970315677357561
0.647645406848999,0.7239737414957109,0.7203986544728574,0.6412648911212289,0.677775607853021,0.5899752192798717,0.5481765900764692,0.5778420762437301,0.5065036324167841,0.5070354240457948,0.6480623264495979,0.81065080323637,0.38728450331223474,1.0,0.4724835136892159,0.4465669597508376,0.5234459387461501,0.5036652778959901,0.5015918632774781
0.3715078093613953,0.3963265537829423,0.4871005880946355,0.48991759640405047,0.534810293044307,0.5177461634662394,0.6086764227293028,0.4140499319370792,0.5383870569305085,0.4017445385411885,0.5245836426123766,0.40525432185031146,0.44557491323627474,0.4724835136892159,1.0,0.43449080146224045,0.32197530912430505,0.5051984023482695,0.3739245045718735
0.2616071423628762,0.29250297431939365,0.31913428166066254,0.361575832162891,0.43515078472689017,0.3734121661385345,0.3570486864293878,0.24192013056256478,0.2925284515586306,0.5135339085093096,0.40500109995783073,0.3148890663637943,0.5842841872401815,0.4465669597508376,0.43449080146224045,1.0,0.17353090962006373,0.5031088518441996,0.22054876578353888
0.552601702207569,0.5984553702025608,0.5819248333214802,0.6333532342154666,0.5545732481995618,0.5425248154517349,0.29546595740485165,0.2526388218019968,0.17193433510511333,0.12895406412930546,0.4830561996178781,0.5610757806677742,0.3103530952445332,0.5234459387461501,0.32197530912430505,0.17353090962006373,1.0,0.49218742600145654,0.2865907466343836
0.7212509949084062,0.6014751669872211,0.82177703926554,0.693181709869729,0.9091242745677408,0.809496865525056,0.7228782391226644,0.5360413645771163,0.22333894892174505,0.22364669304830756,0.7920266460580099,0.5624658547741053,0.7243739550808573,0.5036652778959901,0.5051984023482695,0.5031088518441996,0.49218742600145654,1.0,0.6091609309053709
0.43025688596823736,0.34717813659612834,0.5366621170467977,0.4136828397653194,0.6287894670198311,0.6917600784033661,0.8446862273020721,0.8875426114568783,0.48653019547424814,0.3886588763895318,0.47805181840557637,0.4364767548621068,0.2970315677357561,0.5015918632774781,0.3739245045718735,0.22054876578353888,0.2865907466343836,0.6091609309053709,1.0
