0,1,2,3,4,5,6,7,8,9,10,11,12,13,14,15,16,17,18
1.0,0.9280927044379649,0.8456362606547015,0.7516665118274319,0.6635459728168911,0.5501404432300155,0.4949862705608358,0.4359868846877377,0.41928813863196035,0.16576762654772254,0.6689122430452217,0.687494288914092,0.4374108342622333,0.5498251225910601,0.4597163994182737,0.20412704915179633,0.6558407750286583,0.5260038067131915,0.49532257217883396
0.9280927044379649,1.0,0.8180282691171498,0.7902540343798157,0.6101791199319263,0.4907462822316417,0.4413673764003037,0.375422578458571,0.4297565500885089,0.1529920584701639,0.6050114417812799,0.765919076997063,0.39006588510854906,0.6227498079023351,0.4704130598528461,0.22038357911261489,0.6298079619407269,0.3925870969275805,0.40288630355630334
0.8456362606547015,0.8180282691171498,1.0,0.8502355447829226,0.8956157620921485,0.7530654664192773,0.6545897479950996,0.5485416697564883,0.5181276598189387,0.2607680491413613,0.8425098497869878,0.7987744785794133,0.6407918174815189,0.6853578586120338,0.6510889079542994,0.3310732278290163,0.7613438766939183,0.7462038645982764,0.5886248505293562
0.7516665118274319,0.7902540343798157,0.8502355447829226,1.0,0.7312269859537059,0.680945518499574,0.521730056560147,0.48257107239858166,0.4561585482132845,0.1667651586818351,0.6488035060191988,0.8063307462052792,0.44791750530272395,0.6425292861219593,0.5394390486740818,0.1870605304666874,0.6900964820340538,0.4954265200787694,0.4792530680866936
0.6635459728168911,0.6101791199319263,0.8956157620921485,0.7312269859537059,1.0,0.8605533686328994,0.783220285522509,0.6680531750311249,0.5884538171233383,0.3110645830645286,0.855699277006583,0.7850402083054918,0.7950842669713594,0.7073486290732215,0.7564028910683142,0.45919395921089495,0.7650126000273622,0.8675741925945719,0.7047427684194507
0.5501404432300155,0.4907462822316417,0.7530654664192773,0.680945518499574,0.8605533686328994,1.0,0.7408065887230354,0.735404830594642,0.4257622809080051,0.16221006578323985,0.7299681901473501,0.7538749628769369,0.7045390590161587,0.6466848353086174,0.6495999929264212,0.47530372590165365,0.6775103375370217,0.7030439865062676,0.7144143032463949
0.4949862705608358,0.4413673764003037,0.6545897479950996,0.521730056560147,0.783220285522509,0.7408065887230354,1.0,0.8446744185944322,0.6427929568634796,0.2998324532267594,0.6267438646767043,0.62317392805428,0.6914952801767323,0.6397468107974316,0.7933918426276254,0.4749320859825488,0.48929066821467465,0.7529720686223793,0.8776745946905827
0.4359868846877377,0.375422578458571,0.5485416697564883,0.48257107239858166,0.6680531750311249,0.735404830594642,0.8446744185944322,1.0,0.5165303052630529,0.12111621379700456,0.4960818604537419,0.6139380339080496,0.5557942174641379,0.6580135668842528,0.6330068923860364,0.3579861399099407,0.4010968107564442,0.49942979243671753,0.857693880614572
0.41928813863196035,0.4297565500885089,0.5181276598189387,0.4561585482132845,0.5884538171233383,0.4257622809080051,0.6427929568634796,0.5165303052630529,1.0,0.3040033653375388,0.44795877394632466,0.5550288212361973,0.4101335588503382,0.5943047903279509,0.6981177111986412,0.27431127513744796,0.5590936275728661,0.5338056415400649,0.6128090573802927
0.16576762654772254,0.1529920584701639,0.2607680491413613,0.1667651586818351,0.3110645830645286,0.16221006578323985,0.2998324532267594,0.12111621379700456,0.3040033653375388,1.0,0.3513219529041973,0.25336038944441025,0.3208640635694634,0.2125965345944891,0.25900481882216936,0.26455350220893636,0.19790214394528774,0.2184431446029563,0.2378496550596511
0.6689122430452217,0.6050114417812799,0.8425098497869878,0.6488035060191988,0.855699277006583,0.7299681901473501,0.6267438646767043,0.4960818604537419,0.44795877394632466,0.3513219529041973,1.0,0.697825141584359,0.8351831697162682,0.5818729030951166,0.6616544393344947,0.5673615897920122,0.6175033830908947,0.779600548666954,0.5013954778814795
0.687494288914092,0.765919076997063,0.7987744785794133,0.8063307462052792,0.7850402083054918,0.7538749628769369,0.62317392805428,0.6139380339080496,0.5550288212361973,0.25336038944441025,0.697825141584359,1.0,0.6136197171777673,0.8776507251352543,0.6699875357613387,0.4552323580994018,0.713490346482075,0.5412036977898652,0.5718743549082975
0.4374108342622333,0.39006588510854906,0.6407918174815189,0.44791750530272395,0.7950842669713594,0.7045390590161587,0.6914952801767323,0.5557942174641379,0.4101335588503382,0.3208640635694634,0.8351831697162682,0.6136197171777673,1.0,0.6170817446583845,0.7296596497264523,0.7828331748386089,0.44730597079746304,0.7969830643650043,0.507228231811365
0.5498251225910601,0.6227498079023351,0.6853578586120338,0.6425292861219593,0.7073486290732215,0.6466848353086174,0.6397468107974316,0.6580135668842528,0.5943047903279509,0.2125965345944891,0.5818729030951166,0.8776507251352543,0.6170817446583845,1.0,0.6993793920743095,0.5298473760487981,0.6145416869890993,0.5099369834438605,0.5800949712482646
0.4597163994182737,0.4704130598528461,0.6510889079542994,0.5394390486740818,0.7564028910683142,0.6495999929264212,0.7933918426276254,0.6330068923860364,0.6981177111986412,0.25900481882216936,0.6616544393344947,0.6699875357613387,0.7296596497264523,0.6993793920743095,1.0,0.528548840209382,0.5517412882575081,0.6897924521665408,0.6073487203128282
0.20412704915179633,0.22038357911261489,0.3310732278290163,0.1870605304666874,0.45919395921089495,0.47530372590165365,0.4749320859825488,0.3579861399099407,0.27431127513744796,0.26455350220893636,0.5673615897920122,0.4552323580994018,0.7828331748386089,0.5298473760487981,0.528548840209382,1.0,0.22747702803988104,0.5602672279981011,0.31140718458243527
0.6558407750286583,0.6298079619407269,0.7613438766939183,0.6900964820340538,0.7650126000273622,0.6775103375370217,0.48929066821467465,0.4010968107564442,0.5590936275728661,0.19790214394528774,0.6175033830908947,0.713490346482075,0.44730597079746304,0.6145416869890993,0.5517412882575081,0.22747702803988104,1.0,0.6425721612872869,0.5384124134558368
0.5260038067131915,0.3925870969275805,0.7462038645982764,0.4954265200787694,0.8675741925945719,0.7030439865062676,0.7529720686223793,0.49942979243671753,0.5338056415400649,0.2184431446029563,0.779600548666954,0.5412036977898652,0.7969830643650043,0.5099369834438605,0.6897924521665408,0.5602672279981011,0.6425721612872869,1.0,0.6641059464315919
0.49532257217883396,0.40288630355630334,0.5886248505293562,0.4792530680866936,0.7047427684194507,0.7144143032463949,0.8776745946905827,0.857693880614572,0.6128090573802927,0.2378496550596511,0.5013954778814795,0.5718743549082975,0.507228231811365,0.5800949712482646,0.6073487203128282,0.31140718458243527,0.5384124134558368,0.6641059464315919,1.0
