0,1,2,3,4,5,6,7,8,9,10,11,12,13,14,15,16,17,18
1.0,0.808932372901836,0.8459522343524901,0.7810999294678432,0.7537258207154853,0.6713064387962447,0.5653339055526723,0.500356334457253,0.41022410427164446,0.4307178409710382,0.8101357375286712,0.6879876203027809,0.5133503941946758,0.5587864143021809,0.5485226740575805,0.23271626258534414,0.6121579129230442,0.6727871749874451,0.5570265604273156
0.808932372901836,1.0,0.8012047752147016,0.812596776770788,0.6444006344066644,0.5381805964035881,0.45901901496979863,0.31263025221805346,0.34802951544118443,0.3012826567635039,0.7045858935637817,0.7635842067386694,0.37018558153175884,0.4309765564021444,0.4287514459034355,0.07088042825407623,0.575842043492682,0.5180638593824965,0.45512603574003907
0.8459522343524901,0.8012047752147016,1.0,0.8885718755740372,0.9413835979449953,0.8262325105363926,0.7093577181900319,0.6052209769183511,0.5054489091145645,0.4698909531331064,0.9454797293069022,0.7925703997930406,0.6228210710920548,0.6565352492906614,0.6103042308888982,0.23967685575499714,0.7128695702565994,0.8279521455975472,0.6938731768020638
0.7810999294678432,0.812596776770788,0.8885718755740372,1.0,0.8188746806324991,0.8457805287710786,0.6139970067402761,0.4782522811814689,0.41003936271736596,0.3513840285556578,0.8108953450034732,0.8514386217353483,0.4741575061392331,0.49624980601542124,0.5157506085210037,0.0598628132271849,0.7349224129821288,0.6786849851106963,0.6041029439372353
0.7537258207154853,0.6444006344066644,0.9413835979449953,0.8188746806324991,1.0,0.8808373016968459,0.818526062230344,0.7008385102203991,0.5466190559422991,0.5156775294665336,0.934805357288565,0.7291602637129992,0.7434607349202164,0.6898454639061612,0.6863328350495065,0.33396443576122975,0.6925257858175247,0.9040193590666113,0.7645472039940917
0.6713064387962447,0.5381805964035881,0.8262325105363926,0.8457805287710786,0.8808373016968459,1.0,0.7927964897764127,0.6733236759409906,0.5015609082824969,0.46597436775757733,0.7882337221537448,0.7464311383599918,0.5869591650656177,0.545747048025406,0.6139737740209467,0.17897268388498871,0.7136265477791945,0.7776276201592512,0.7843725560787237
0.5653339055526723,0.45901901496979863,0.7093577181900319,0.6139970067402761,0.818526062230344,0.7927964897764127,1.0,0.8378669893907192,0.6689427155746935,0.6169922484157814,0.7039565352189509,0.6214221870422387,0.6717352856145795,0.5969942785197779,0.7388736454435856,0.24667850646908415,0.5251338294043316,0.7684870890720713,0.8665821164429335
0.500356334457253,0.31263025221805346,0.6052209769183511,0.4782522811814689,0.7008385102203991,0.6733236759409906,0.8378669893907192,1.0,0.5947253700794143,0.6033098597163781,0.5806230238589444,0.5109808911486216,0.4823359621161501,0.4984844027246356,0.4601803165774549,0.17083966789034793,0.42122331006163466,0.5334964559828704,0.8699571217777395
0.41022410427164446,0.34802951544118443,0.5054489091145645,0.41003936271736596,0.5466190559422991,0.5015609082824969,0.6689427155746935,0.5947253700794143,1.0,0.7331797403848126,0.47877845424970866,0.41597435116832504,0.42019328587722427,0.45200518038483156,0.578999941866556,0.22860408621343623,0.3923885893408413,0.5037817919967033,0.6451000783595554
0.4307178409710382,0.3012826567635039,0.4698909531331064,0.3513840285556578,0.5156775294665336,0.46597436775757733,0.6169922484157814,0.6033098597163781,0.7331797403848126,1.0,0.4345599991091782,0.39275776849939975,0.4828683032785989,0.37063722638725977,0.4388384894765152,0.35909026222267904,0.3768420750724138,0.5120180681928027,0.6493386085793069
0.8101357375286712,0.7045858935637817,0.9454797293069022,0.8108953450034732,0.934805357288565,0.7882337221537448,0.7039565352189509,0.5806230238589444,0.47877845424970866,0.4345599991091782,1.0,0.7279442826460901,0.7210669010630232,0.6777964273788598,0.6698573127873709,0.34217709822774606,0.6533485516310952,0.8633237777282473,0.657231709390861
0.6879876203027809,0.7635842067386694,0.7925703997930406,0.8514386217353483,0.7291602637129992,0.7464311383599918,0.6214221870422387,0.5109808911486216,0.41597435116832504,0.39275776849939975,0.7279442826460901,1.0,0.46671116021871956,0.5820886904318983,0.48060458501425435,0.14545383597013517,0.6376903156733005,0.6144203552969035,0.6029068054749444
0.5133503941946758,0.37018558153175884,0.6228210710920548,0.4741575061392331,0.7434607349202164,0.5869591650656177,0.6717352856145795,0.4823359621161501,0.42019328587722427,0.4828683032785989,0.7210669010630232,0.46671116021871956,1.0,0.6241018440504887,0.6923993240335685,0.6680247008229552,0.4344100400372345,0.8472353624342183,0.5229223419775686
0.5587864143021809,0.4309765564021444,0.6565352492906614,0.49624980601542124,0.6898454639061612,0.545747048025406,0.5969942785197779,0.4984844027246356,0.45200518038483156,0.37063722638725977,0.6777964273788598,0.5820886904318983,0.6241018440504887,1.0,0.5724709184969794,0.4828844870618971,0.38493360361508644,0.6023430770767797,0.5407339778600344
0.5485226740575805,0.4287514459034355,0.6103042308888982,0.5157506085210037,0.6863328350495065,0.6139737740209467,0.7388736454435856,0.4601803165774549,0.578999941866556,0.4388384894765152,0.6698573127873709,0.48060458501425435,0.6923993240335685,0.5724709184969794,1.0,0.3937277147500114,0.45889648797655874,0.7224715599212482,0.5293312657323566
0.23271626258534414,0.07088042825407623,0.23967685575499714,0.0598628132271849,0.33396443576122975,0.17897268388498871,0.24667850646908415,0.17083966789034793,0.22860408621343623,0.35909026222267904,0.34217709822774606,0.14545383597013517,0.6680247008229552,0.4828844870618971,0.3937277147500114,1.0,0.16908364756535355,0.5318125888873145,0.19060844980988226
0.6121579129230442,0.575842043492682,0.7128695702565994,0.7349224129821288,0.6925257858175247,0.7136265477791945,0.5251338294043316,0.42122331006163466,0.3923885893408413,0.3768420750724138,0.6533485516310952,0.6376903156733005,0.4344100400372345,0.38493360361508644,0.45889648797655874,0.16908364756535355,1.0,0.6542188432132873,0.515891732086062
0.6727871749874451,0.5180638593824965,0.8279521455975472,0.6786849851106963,0.9040193590666113,0.7776276201592512,0.7684870890720713,0.5334964559828704,0.5037817919967033,0.5120180681928027,0.8633237777282473,0.6144203552969035,0.8472353624342183,0.6023430770767797,0.7224715599212482,0.5318125888873145,0.6542188432132873,1.0,0.6797395114027412
0.5570265604273156,0.45512603574003907,0.6938731768020638,0.6041029439372353,0.7645472039940917,0.7843725560787237,0.8665821164429335,0.8699571217777395,0.6451000783595554,0.6493386085793069,0.657231709390861,0.6029068054749444,0.5229223419775686,0.5407339778600344,0.5293312657323566,0.19060844980988226,0.515891732086062,0.6797395114027412,1.0
