0,1,2,3,4,5,6,7,8,9,10,11,12,13,14,15,16,17,18
1.0,0.8829718013550963,0.831023986966744,0.76145558743608,0.6901180858832101,0.6246094340138019,0.49959486427386357,0.504449079041856,0.24009175893687174,0.3228931566947627,0.6970122589310458,0.5515738330992283,0.5576273587623126,0.38817513191572234,0.28625937819348346,0.22982794405726484,0.6100188368117814,0.5242379380130714,0.4305811142416533
0.8829718013550963,1.0,0.7627875522511882,0.7820995937838429,0.5872200914244373,0.5299461526926896,0.40523983003957653,0.41866392759515286,0.2165522217393698,0.23095388149577292,0.5560719796423408,0.5974437760674454,0.43086568331595154,0.37573914476479214,0.26260589675340756,0.10395021581811643,0.537180934014732,0.3068346446377332,0.33724374071358215
0.831023986966744,0.7627875522511882,1.0,0.8497025453871409,0.9204428757843575,0.825319348493522,0.6854834692761853,0.6816588412962886,0.3942280190167147,0.42648446218992353,0.7719997444382904,0.6698601862456708,0.6904239219552056,0.5413313749092334,0.35881419079249827,0.19556545689969135,0.7709043645190711,0.7423531300535159,0.6431418807832583
0.76145558743608,0.7820995937838429,0.8497025453871409,1.0,0.7909849514015758,0.8084450157561578,0.553244584677915,0.5906475521532317,0.2783120364274471,0.2938511587714578,0.6003129375614669,0.7663036629442125,0.5840423110425126,0.5026654735429685,0.2850564109538963,0.14169679234813923,0.7071358093618539,0.5169334527703151,0.5009344713719871
0.6901180858832101,0.5872200914244373,0.9204428757843575,0.7909849514015758,1.0,0.9061844251055322,0.8255191899655948,0.7669381949928777,0.4411497269636799,0.4560827093175661,0.7443104643152589,0.6311871789793402,0.8047540559392601,0.5580889870095577,0.4043526025890693,0.2434380504002339,0.7537579782794074,0.8580080574511108,0.7755629148824601
0.6246094340138019,0.5299461526926896,0.825319348493522,0.8084450157561578,0.9061844251055322,1.0,0.7945825877454464,0.806516288784477,0.4012159024951762,0.3916263325321229,0.5823591062490746,0.6874557201956535,0.7035364199133959,0.5895067582747007,0.39390521124469735,0.2837487739477506,0.6925280334032476,0.7143089489907546,0.7880176682396499
0.49959486427386357,0.40523983003957653,0.6854834692761853,0.553244584677915,0.8255191899655948,0.7945825877454464,1.0,0.8739814331218315,0.638098155224743,0.5936743254117405,0.5702685823219507,0.5006931686551422,0.7426465254775232,0.6137928399658449,0.517875868045064,0.2533920085449724,0.5010233255453961,0.7419013731316497,0.8978518198699561
0.504449079041856,0.41866392759515286,0.6816588412962886,0.5906475521532317,0.7669381949928777,0.806516288784477,0.8739814331218315,1.0,0.598784098970088,0.579456320765964,0.5009003216841241,0.6423066723584783,0.6005726556838117,0.7304466679278562,0.46264704246841476,0.21473075704641453,0.4853132560624637,0.5375790258224364,0.902598353752496
0.24009175893687174,0.2165522217393698,0.3942280190167147,0.2783120364274471,0.4411497269636799,0.4012159024951762,0.638098155224743,0.598784098970088,1.0,0.7467940024866367,0.40776085280950164,0.35679325393113814,0.3972334257097887,0.42460832096924067,0.32715010095433467,0.1848516134995148,0.21542199580555757,0.3775244223445129,0.5863532313297416
0.3228931566947627,0.23095388149577292,0.42648446218992353,0.2938511587714578,0.4560827093175661,0.3916263325321229,0.5936743254117405,0.579456320765964,0.7467940024866367,1.0,0.41221519066010875,0.362894848481981,0.47840531797870556,0.47507174403190716,0.24256281265381263,0.4553647463977965,0.24927006403495527,0.43368513398862873,0.5345337853241096
0.6970122589310458,0.5560719796423408,0.7719997444382904,0.6003129375614669,0.7443104643152589,0.5823591062490746,0.5702685823219507,0.5009003216841241,0.40776085280950164,0.41221519066010875,1.0,0.46328726357129135,0.7030498900039861,0.35756918178584274,0.25999499966957634,0.3004335025905043,0.590065410117258,0.6762291110996393,0.5039690280855237
0.5515738330992283,0.5974437760674454,0.6698601862456708,0.7663036629442125,0.6311871789793402,0.6874557201956535,0.5006931686551422,0.6423066723584783,0.35679325393113814,0.362894848481981,0.46328726357129135,1.0,0.4446957661261978,0.7061512175916534,0.24427584697183638,0.14834319638851776,0.5073299750805845,0.36465929417872595,0.507402093637541
0.5576273587623126,0.43086568331595154,0.6904239219552056,0.5840423110425126,0.8047540559392601,0.7035364199133959,0.7426465254775232,0.6005726556838117,0.3972334257097887,0.47840531797870556,0.7030498900039861,0.4446957661261978,1.0,0.44439053779345933,0.3630717411756346,0.45722237461948406,0.47263468319068064,0.8114126420646858,0.6144209297099142
0.38817513191572234,0.37573914476479214,0.5413313749092334,0.5026654735429685,0.5580889870095577,0.5895067582747007,0.6137928399658449,0.7304466679278562,0.42460832096924067,0.47507174403190716,0.35756918178584274,0.7061512175916534,0.44439053779345933,1.0,0.34770955870264303,0.2416746704895024,0.4008196894143473,0.3272295479870214,0.6076829176175329
0.28625937819348346,0.26260589675340756,0.35881419079249827,0.2850564109538963,0.4043526025890693,0.39390521124469735,0.517875868045064,0.46264704246841476,0.32715010095433467,0.24256281265381263,0.25999499966957634,0.24427584697183638,0.3630717411756346,0.34770955870264303,1.0,0.07282619642117194,0.22472012327874727,0.2809249365582218,0.46061661044288854
0.22982794405726484,0.10395021581811643,0.19556545689969135,0.14169679234813923,0.2434380504002339,0.2837487739477506,0.2533920085449724,0.21473075704641453,0.1848516134995148,0.4553647463977965,0.3004335025905043,0.14834319638851776,0.45722237461948406,0.2416746704895024,0.07282619642117194,1.0,0.11169498016777057,0.3929899038093743,0.19983319895465182
0.6100188368117814,0.537180934014732,0.7709043645190711,0.7071358093618539,0.7537579782794074,0.6925280334032476,0.5010233255453961,0.4853132560624637,0.21542199580555757,0.24927006403495527,0.590065410117258,0.5073299750805845,0.47263468319068064,0.4008196894143473,0.22472012327874727,0.11169498016777057,1.0,0.6550017553179464,0.5520999973139008
0.5242379380130714,0.3068346446377332,0.7423531300535159,0.5169334527703151,0.8580080574511108,0.7143089489907546,0.7419013731316497,0.5375790258224364,0.3775244223445129,0.43368513398862873,0.6762291110996393,0.36465929417872595,0.8114126420646858,0.3272295479870214,0.2809249365582218,0.3929899038093743,0.6550017553179464,1.0,0.6811749945954099
0.4305811142416533,0.33724374071358215,0.6431418807832583,0.5009344713719871,0.7755629148824601,0.7880176682396499,0.8978518198699561,0.902598353752496,0.5863532313297416,0.5345337853241096,0.5039690280855237,0.507402093637541,0.6144209297099142,0.6076829176175329,0.46061661044288854,0.19983319895465182,0.5520999973139008,0.6811749945954099,1.0
