0,1,2,3,4,5,6,7,8,9,10,11,12,13,14,15,16,17,18
1.0,0.8178249024112282,0.7910320009068106,0.699327366191614,0.6719301163037545,0.5760827606045854,0.3610894089814453,0.3675706183237831,0.17717553195580082,0.03366633652391751,0.603631125841784,0.5893675099107827,0.5538450373836442,0.3867213339576594,0.338034233363182,0.13053619861882962,0.46345115940741277,0.6256138727096251,0.30840566552994575
0.8178249024112282,1.0,0.7922384023014348,0.7849197240512319,0.6719778709075368,0.5425925810623392,0.34934337642824775,0.21300206590381643,0.25260736839899867,-0.02433659761938661,0.5951481028736374,0.7112985517910733,0.5606044173618049,0.49158874682958925,0.3560348385281585,0.21209937749506377,0.4485669556370498,0.5839322969484045,0.24837949721684272
0.7910320009068106,0.7922384023014348,1.0,0.8601106523376535,0.9080939741595548,0.7883516823213121,0.5387048174951587,0.48310612241641787,0.32354924479407343,0.03930892029892299,0.8051032774682924,0.7582012468333564,0.7240848313387624,0.5010361125379303,0.4796080702529908,0.14606203117886768,0.5529194416015584,0.8271300844985138,0.4511278606610618
0.699327366191614,0.7849197240512319,0.8601106523376535,1.0,0.8073165256709629,0.8150968032083203,0.5073978506257371,0.3551430174042609,0.34723292587064214,0.0010613102422687049,0.7075709977129687,0.8059894732217671,0.6202270300191768,0.5533494795106719,0.42471421931528447,0.1949522184190042,0.5020814126344983,0.7188985768125905,0.4219463198125847
0.6719301163037545,0.6719778709075368,0.9080939741595548,0.8073165256709629,1.0,0.846433661568532,0.7077484138161114,0.6185528360767859,0.3821015786397031,0.05872427698261753,0.7988345382797277,0.7157817488264142,0.841144597254193,0.5847818679537996,0.5579685858505613,0.2573802938839039,0.5784189173691144,0.886550518134005,0.6012979348908231
0.5760827606045854,0.5425925810623392,0.7883516823213121,0.8150968032083203,0.846433661568532,1.0,0.718194570779172,0.6129416400763397,0.4356012880332451,-0.02583142530914274,0.6396344414684326,0.7473583493815489,0.6736127171493383,0.6424904781857292,0.48476936831725115,0.31877600100062137,0.5856888530199965,0.7981042596929517,0.7067002083625203
0.3610894089814453,0.34934337642824775,0.5387048174951587,0.5073978506257371,0.7077484138161114,0.718194570779172,1.0,0.7794148253168406,0.6296351057816332,0.25356249383137214,0.48261677858636765,0.5149132153007427,0.7552974977428908,0.5936050776092429,0.6999898596809021,0.426422719257104,0.37270654195854697,0.6953773349641155,0.8531273559855439
0.3675706183237831,0.21300206590381643,0.48310612241641787,0.3551430174042609,0.6185528360767859,0.6129416400763397,0.7794148253168406,1.0,0.48877685772347335,0.05934659734723988,0.3926596660324155,0.42549474251465913,0.6031276255296063,0.5279019401647498,0.4838647194795607,0.3171495870447177,0.42661261921950333,0.47597193202344945,0.7953228825740332
0.17717553195580082,0.25260736839899867,0.32354924479407343,0.34723292587064214,0.3821015786397031,0.4356012880332451,0.6296351057816332,0.48877685772347335,1.0,0.3464727028572579,0.33388463682702485,0.37402596147099537,0.37063163773188085,0.47939262273233185,0.4592301427804737,0.41604887935442536,0.1516919396892121,0.33833295690590076,0.6228346225156347
0.03366633652391751,-0.02433659761938661,0.03930892029892299,0.0010613102422687049,0.05872427698261753,-0.02583142530914274,0.25356249383137214,0.05934659734723988,0.3464727028572579,1.0,0.1019675263828042,-0.01785275746898245,0.07404293311006477,-0.03465239565858845,0.15530053093484994,0.07797887669853884,-0.02020937984313931,-0.06880201810691469,0.23336380670018367
0.603631125841784,0.5951481028736374,0.8051032774682924,0.7075709977129687,0.7988345382797277,0.6396344414684326,0.48261677858636765,0.3926596660324155,0.33388463682702485,0.1019675263828042,1.0,0.6274415450652073,0.7033500089797938,0.42471117834656164,0.485569517700843,0.14648880948739385,0.4020630667304249,0.6815473226262116,0.3719083491325154
0.5893675099107827,0.7112985517910733,0.7582012468333564,0.8059894732217671,0.7157817488264142,0.7473583493815489,0.5149132153007427,0.42549474251465913,0.37402596147099537,-0.01785275746898245,0.6274415450652073,1.0,0.5868346919319538,0.7088798105438068,0.373828932299506,0.2917970744278356,0.4356317878852311,0.6619261596440684,0.4796841807733591
0.5538450373836442,0.5606044173618049,0.7240848313387624,0.6202270300191768,0.841144597254193,0.6736127171493383,0.7552974977428908,0.6031276255296063,0.37063163773188085,0.07404293311006477,0.7033500089797938,0.5868346919319538,1.0,0.563197536798328,0.7448961415825694,0.3018978923131408,0.4156268308334422,0.7781132141779306,0.5333918688296169
0.3867213339576594,0.49158874682958925,0.5010361125379303,0.5533494795106719,0.5847818679537996,0.6424904781857292,0.5936050776092429,0.5279019401647498,0.47939262273233185,-0.03465239565858845,0.42471117834656164,0.7088798105438068,0.563197536798328,1.0,0.3813219938494757,0.6907515174107005,0.39164417983980765,0.516062601126212,0.570586886821375
0.338034233363182,0.3560348385281585,0.4796080702529908,0.42471421931528447,0.5579685858505613,0.48476936831725115,0.6999898596809021,0.4838647194795607,0.4592301427804737,0.15530053093484994,0.485569517700843,0.373828932299506,0.7448961415825694,0.3813219938494757,1.0,0.2721555138668786,0.2835315535376795,0.5310917216147006,0.43365829004352624
0.13053619861882962,0.21209937749506377,0.14606203117886768,0.1949522184190042,0.2573802938839039,0.31877600100062137,0.426422719257104,0.3171495870447177,0.41604887935442536,0.07797887669853884,0.14648880948739385,0.2917970744278356,0.3018978923131408,0.6907515174107005,0.2721555138668786,1.0,0.17817400376235773,0.2871284150429572,0.37826245372244716
0.46345115940741277,0.4485669556370498,0.5529194416015584,0.5020814126344983,0.5784189173691144,0.5856888530199965,0.37270654195854697,0.42661261921950333,0.1516919396892121,-0.02020937984313931,0.4020630667304249,0.4356317878852311,0.4156268308334422,0.39164417983980765,0.2835315535376795,0.17817400376235773,1.0,0.5192458569706363,0.4151835692784524
0.6256138727096251,0.5839322969484045,0.8271300844985138,0.7188985768125905,0.886550518134005,0.7981042596929517,0.6953773349641155,0.47597193202344945,0.33833295690590076,-0.06880201810691469,0.6815473226262116,0.6619261596440684,0.7781132141779306,0.516062601126212,0.5310917216147006,0.2871284150429572,0.5192458569706363,1.0,0.6018488580404894
0.30840566552994575,0.24837949721684272,0.4511278606610618,0.4219463198125847,0.6012979348908231,0.7067002083625203,0.8531273559855439,0.7953228825740332,0.6228346225156347,0.23336380670018367,0.3719083491325154,0.4796841807733591,0.5333918688296169,0.570586886821375,0.43365829004352624,0.37826245372244716,0.4151835692784524,0.6018488580404894,1.0
