0,1,2,3,4,5,6,7,8,9,10,11,12,13,14,15,16,17,18
1.0,0.78031481858921,0.7891841737997637,0.6883687261239079,0.7052265709155002,0.6709543912937209,0.5108437361493808,0.547972841044352,0.3275901957709669,0.3061439982304282,0.7007545039593455,0.6259707559045145,0.4657637024672205,0.4476801049160457,0.4202028850726709,0.11219984755829472,0.6112069425708306,0.5938301022878144,0.5359387702767231
0.78031481858921,1.0,0.747120793061437,0.6715422689606834,0.6745577452588224,0.5832942808313845,0.5057426230962837,0.4701574715755166,0.4110527146169256,0.2724782011264643,0.6437412957383695,0.7157816980694774,0.4396872128464818,0.5031499519812952,0.44956723847842106,0.09635613035111185,0.6239094083640311,0.45669099481594655,0.5176604849832783
0.7891841737997637,0.747120793061437,1.0,0.7567502691403217,0.9509816732033928,0.8489333177022045,0.7039664953454832,0.6927797026714548,0.3862863803247656,0.3108512809576671,0.8959601181160518,0.7603870410721272,0.7171270711770864,0.6004315669930739,0.5788419628151501,0.18685051437715133,0.6877780034344032,0.8386052807041952,0.6801478785627681
0.6883687261239079,0.6715422689606834,0.7567502691403217,1.0,0.7454387484077631,0.7695014055368181,0.5731128389382967,0.5545780940492836,0.30185958224567355,0.24612905284932554,0.6713932057945463,0.7417833037328697,0.5659288446484909,0.48015290416326734,0.46640941315007656,0.20637710198857437,0.6239396773986757,0.6132715805603028,0.5580245267071645
0.7052265709155002,0.6745577452588224,0.9509816732033928,0.7454387484077631,1.0,0.8697934433628401,0.7993826838841492,0.7435227990223385,0.42465965720228627,0.3409762543439862,0.8888329609691121,0.727965362471096,0.8083250520388569,0.5830849237453157,0.6299671997841002,0.24413650562646386,0.6256955776757255,0.9044959199088267,0.7415421430927888
0.6709543912937209,0.5832942808313845,0.8489333177022045,0.7695014055368181,0.8697934433628401,1.0,0.7431748371242236,0.756234008782759,0.3980699300416795,0.28810612743175146,0.7193231064853759,0.7493587076949217,0.5942312837628473,0.5797893218428205,0.5541076386831051,0.17122095048825647,0.7070649469651753,0.7226218356613149,0.7823009286197823
0.5108437361493808,0.5057426230962837,0.7039664953454832,0.5731128389382967,0.7993826838841492,0.7431748371242236,1.0,0.8757284473827711,0.6420352567055626,0.5633348185149076,0.6587729619832456,0.6280400003866164,0.6939688803225706,0.6475362290643693,0.7450211375567505,0.21107219053026968,0.4624773279725689,0.7492992923324984,0.8887598124006646
0.547972841044352,0.4701574715755166,0.6927797026714548,0.5545780940492836,0.7435227990223385,0.756234008782759,0.8757284473827711,1.0,0.5881791258406748,0.6139993534564496,0.5963232957263099,0.6621655819319893,0.5406379060317206,0.7096949300509364,0.5784410347544008,0.22484079905245663,0.5399512029371101,0.5926469622882494,0.9323090536844266
0.3275901957709669,0.4110527146169256,0.3862863803247656,0.30185958224567355,0.42465965720228627,0.3980699300416795,0.6420352567055626,0.5881791258406748,1.0,0.7275059758047471,0.33604025439081825,0.3879587350369946,0.3420804533988823,0.38460180518952203,0.5671151956340321,0.13143265563019327,0.3445049506585796,0.36107158440515,0.6494933139030175
0.3061439982304282,0.2724782011264643,0.3108512809576671,0.24612905284932554,0.3409762543439862,0.28810612743175146,0.5633348185149076,0.6139993534564496,0.7275059758047471,1.0,0.2973203923674074,0.33561820360896616,0.29573660045917943,0.38599278966784034,0.4522184351719959,0.28895105287312994,0.25125497138142405,0.2721952510650564,0.5926399374952385
0.7007545039593455,0.6437412957383695,0.8959601181160518,0.6713932057945463,0.8888329609691121,0.7193231064853759,0.6587729619832456,0.5963232957263099,0.33604025439081825,0.2973203923674074,1.0,0.6453072934973305,0.7662454125238516,0.46979659050299316,0.5648621100170194,0.20614242812143302,0.5653411637834872,0.8253930821535101,0.5896062654039441
0.6259707559045145,0.7157816980694774,0.7603870410721272,0.7417833037328697,0.727965362471096,0.7493587076949217,0.6280400003866164,0.6621655819319893,0.3879587350369946,0.33561820360896616,0.6453072934973305,1.0,0.515069706255309,0.7709670160827312,0.5041658553694992,0.16752046901235562,0.6218966730135236,0.5545062149070263,0.6431154614099576
0.4657637024672205,0.4396872128464818,0.7171270711770864,0.5659288446484909,0.8083250520388569,0.5942312837628473,0.6939688803225706,0.5406379060317206,0.3420804533988823,0.29573660045917943,0.7662454125238516,0.515069706255309,1.0,0.465738090445671,0.6921213878326421,0.4981207557194304,0.3221693457197528,0.8835254777365588,0.5177802717111754
0.4476801049160457,0.5031499519812952,0.6004315669930739,0.48015290416326734,0.5830849237453157,0.5797893218428205,0.6475362290643693,0.7096949300509364,0.38460180518952203,0.38599278966784034,0.46979659050299316,0.7709670160827312,0.465738090445671,1.0,0.48835295132409884,0.34630529596881365,0.4761733133421246,0.4556886721589942,0.6562547909544776
0.4202028850726709,0.44956723847842106,0.5788419628151501,0.46640941315007656,0.6299671997841002,0.5541076386831051,0.7450211375567505,0.5784410347544008,0.5671151956340321,0.4522184351719959,0.5648621100170194,0.5041658553694992,0.6921213878326421,0.48835295132409884,1.0,0.21895725865579693,0.3702819606727391,0.6068785243559424,0.5784692083211378
0.11219984755829472,0.09635613035111185,0.18685051437715133,0.20637710198857437,0.24413650562646386,0.17122095048825647,0.21107219053026968,0.22484079905245663,0.13143265563019327,0.28895105287312994,0.20614242812143302,0.16752046901235562,0.4981207557194304,0.34630529596881365,0.21895725865579693,1.0,0.026190452933937434,0.3733196376551197,0.1806996170107117
0.6112069425708306,0.6239094083640311,0.6877780034344032,0.6239396773986757,0.6256955776757255,0.7070649469651753,0.4624773279725689,0.5399512029371101,0.3445049506585796,0.25125497138142405,0.5653411637834872,0.6218966730135236,0.3221693457197528,0.4761733133421246,0.3702819606727391,0.026190452933937434,1.0,0.4560060778941008,0.5629110017035329
0.5938301022878144,0.45669099481594655,0.8386052807041952,0.6132715805603028,0.9044959199088267,0.7226218356613149,0.7492992923324984,0.5926469622882494,0.36107158440515,0.2721952510650564,0.8253930821535101,0.5545062149070263,0.8835254777365588,0.4556886721589942,0.6068785243559424,0.3733196376551197,0.4560060778941008,1.0,0.6260510647805168
0.5359387702767231,0.5176604849832783,0.6801478785627681,0.5580245267071645,0.7415421430927888,0.7823009286197823,0.8887598124006646,0.9323090536844266,0.6494933139030175,0.5926399374952385,0.5896062654039441,0.6431154614099576,0.5177802717111754,0.6562547909544776,0.5784692083211378,0.1806996170107117,0.5629110017035329,0.6260510647805168,1.0
