0,1,2,3,4,5,6,7,8,9,10,11,12,13,14,15,16,17,18
1.0,0.4268562678360523,0.9203438021170549,0.46020247642406414,0.24700214531780776,0.18630247429610805,0.2545112173330413,-0.07188261620501547,0.12637791850971836,-0.11001451089287567,0.9295236317794829,0.3514482993341765,-0.005515126183154008,0.08555223951095495,0.0025234589437497777,-0.02997028987718941,0.8105547056867248,0.14908834186895584,0.15186595773178996
0.4268562678360523,1.0,0.409799775818509,0.9461088521637817,0.07058936945146801,0.3077354759107398,0.10322035720908604,0.0669775973109338,-0.0030451306650872583,0.032729656244539794,0.36113435983159253,0.9038062315446258,-0.04526415023813535,0.38309629862338707,-0.06571463111457829,0.14033492145066045,0.5300433455214172,0.23411318063692518,-0.015137421586930476
0.9203438021170549,0.409799775818509,1.0,0.4515941027394518,0.41122346498494244,0.2808153903654173,0.4036149863452184,0.09611271900475024,0.26789010355207415,0.0629452276499373,0.9182502512993741,0.3528480328094046,0.11180376530410509,0.23360992263772992,0.1582934515847937,0.10595855746551597,0.7636682663936678,0.2954487126528043,0.28071423216483443
0.46020247642406414,0.9461088521637817,0.4515941027394518,1.0,0.13164885557474967,0.40657431149353224,0.13437754435242028,0.12775557788557057,0.03787495397127197,0.08446521160992511,0.402815783745369,0.8887303105878058,0.00018874183383433838,0.47007924056072525,-0.04283678333978043,0.1939804579601158,0.6034672691893107,0.31400560187512044,0.026433057756573248
0.24700214531780776,0.07058936945146801,0.41122346498494244,0.13164885557474967,1.0,0.3246613322581164,0.7478046686051948,0.21603440733655924,0.40133983159701253,0.16646986113081347,0.24972015196188121,0.07886729491619579,0.5231788724328134,0.24645027074818254,0.43830866232682464,0.21861056327791437,0.3026122098963621,0.4424320586956928,0.4609835452783766
0.18630247429610805,0.3077354759107398,0.2808153903654173,0.40657431149353224,0.3246613322581164,1.0,0.42905150109426576,0.7009849057004577,0.35048257181626985,0.6252058337428564,0.17952879348688494,0.2745114166676624,0.03360867929211982,0.6964301634143989,0.11851707295649394,0.5509961579900573,0.37991485174128387,0.7337920515241936,0.5541399431034157
0.2545112173330413,0.10322035720908604,0.4036149863452184,0.13437754435242028,0.7478046686051948,0.42905150109426576,1.0,0.44509711497524185,0.701555367992772,0.409312921176764,0.2097229557251485,0.06646487114007472,0.2573398006068035,0.2648820751334527,0.6137596701542587,0.296303567303053,0.30318308754628925,0.5822496811854525,0.7494663018576214
-0.07188261620501547,0.0669775973109338,0.09611271900475024,0.12775557788557057,0.21603440733655924,0.7009849057004577,0.44509711497524185,1.0,0.5346896403648207,0.9732074494531436,-0.11158674502553041,0.005370204184068606,-0.05345301783726421,0.4313017557605032,0.17588674839590254,0.5695813001768519,0.09816734715702227,0.5787890375012884,0.7029243118367171
0.12637791850971836,-0.0030451306650872583,0.26789010355207415,0.03787495397127197,0.40133983159701253,0.35048257181626985,0.701555367992772,0.5346896403648207,1.0,0.5193498470900272,0.07140390301872078,-0.067453039789075,0.03421339866077942,0.18798965088079048,0.5363495287320756,0.30762517744623774,0.18598626520545625,0.3953781903696109,0.7359672070446251
-0.11001451089287567,0.032729656244539794,0.0629452276499373,0.08446521160992511,0.16646986113081347,0.6252058337428564,0.409312921176764,0.9732074494531436,0.5193498470900272,1.0,-0.15052545588714283,-0.02612116184362628,-0.07234314887267883,0.3739489937788313,0.15628567740742053,0.5354994246429075,0.044291176238154234,0.5277539555636991,0.678662844366359
0.9295236317794829,0.36113435983159253,0.9182502512993741,0.402815783745369,0.24972015196188121,0.17952879348688494,0.2097229557251485,-0.11158674502553041,0.07140390301872078,-0.15052545588714283,1.0,0.2933322626293562,0.019307714664013337,0.05694591158079186,-0.028781749424090633,-0.04257088419557662,0.7894988080364238,0.14884648683085663,0.11666940784752224
0.3514482993341765,0.9038062315446258,0.3528480328094046,0.8887303105878058,0.07886729491619579,0.2745114166676624,0.06646487114007472,0.005370204184068606,-0.067453039789075,-0.02612116184362628,0.2933322626293562,1.0,0.20319704582942416,0.46407136488918244,-0.016739183664995914,0.11274523388810656,0.5122163225043314,0.21025405528448876,-0.06774891719504518
-0.005515126183154008,-0.04526415023813535,0.11180376530410509,0.00018874183383433838,0.5231788724328134,0.03360867929211982,0.2573398006068035,-0.05345301783726421,0.03421339866077942,-0.07234314887267883,0.019307714664013337,0.20319704582942416,1.0,0.21278757487494634,0.2952602119405724,-0.014870005070532688,0.173538200796965,0.13434452876770372,0.04298188003356166
0.08555223951095495,0.38309629862338707,0.23360992263772992,0.47007924056072525,0.24645027074818254,0.6964301634143989,0.2648820751334527,0.4313017557605032,0.18798965088079048,0.3739489937788313,0.05694591158079186,0.46407136488918244,0.21278757487494634,1.0,0.06885956705352268,0.5414230645367131,0.3551038113098494,0.42458797529671727,0.2717048154852289
0.0025234589437497777,-0.06571463111457829,0.1582934515847937,-0.04283678333978043,0.43830866232682464,0.11851707295649394,0.6137596701542587,0.17588674839590254,0.5363495287320756,0.15628567740742053,-0.028781749424090633,-0.016739183664995914,0.2952602119405724,0.06885956705352268,1.0,0.1165360172483144,0.0764012861710438,0.2554023433131134,0.3472769609935989
-0.02997028987718941,0.14033492145066045,0.10595855746551597,0.1939804579601158,0.21861056327791437,0.5509961579900573,0.296303567303053,0.5695813001768519,0.30762517744623774,0.5354994246429075,-0.04257088419557662,0.11274523388810656,-0.014870005070532688,0.5414230645367131,0.1165360172483144,1.0,0.1417993959485131,0.330685163402879,0.3783434668535697
0.8105547056867248,0.5300433455214172,0.7636682663936678,0.6034672691893107,0.3026122098963621,0.37991485174128387,0.30318308754628925,0.09816734715702227,0.18598626520545625,0.044291176238154234,0.7894988080364238,0.5122163225043314,0.173538200796965,0.3551038113098494,0.0764012861710438,0.1417993959485131,1.0,0.36519410209647274,0.23018167875111242
0.14908834186895584,0.23411318063692518,0.2954487126528043,0.31400560187512044,0.4424320586956928,0.7337920515241936,0.5822496811854525,0.5787890375012884,0.3953781903696109,0.5277539555636991,0.14884648683085663,0.21025405528448876,0.13434452876770372,0.42458797529671727,0.2554023433131134,0.330685163402879,0.36519410209647274,1.0,0.6286360235659255
0.15186595773178996,-0.015137421586930476,0.28071423216483443,0.026433057756573248,0.4609835452783766,0.5541399431034157,0.7494663018576214,0.7029243118367171,0.7359672070446251,0.678662844366359,0.11666940784752224,-0.06774891719504518,0.04298188003356166,0.2717048154852289,0.3472769609935989,0.3783434668535697,0.23018167875111242,0.6286360235659255,1.0
