0,1,2,3,4,5,6,7,8,9,10,11,12,13,14,15,16,17,18
1.0,0.4389725990445824,0.9251121913593314,0.44456598173165607,0.3652179244441525,0.0516148813478253,0.21338280251864397,-0.15176932642693472,0.05952971565147998,-0.16375175662549904,0.9331161763644391,0.40554937929106516,0.2039639331245672,0.02909556451080601,0.0003592096680212239,-0.06415050434085436,0.7855982221648201,0.028609338919073423,0.1740152068238027
0.4389725990445824,1.0,0.4379626903974886,0.9386451665521549,0.15588432178361666,0.3036732910295375,0.0875409421316692,0.08667482902321537,-0.01322102393688351,0.03855036701656483,0.36006746452527794,0.9517699968593595,0.05244355607784809,0.42051965156459925,-0.0009319112498785164,0.11782714034781432,0.543425039911459,0.19126383748358539,0.02214865761805417
0.9251121913593314,0.4379626903974886,1.0,0.46242332954709486,0.5129324912993566,0.18790779933446583,0.3285403784589588,0.01946226972546232,0.17539342375922695,0.005307844094021326,0.9213536936656076,0.43003095511789846,0.3380023931546724,0.20769817568516366,0.17029627418050594,0.10144780861486372,0.7438322300086531,0.17372650435329068,0.26710710085252437
0.44456598173165607,0.9386451665521549,0.46242332954709486,1.0,0.2230840672872507,0.44281428306045567,0.12257500034329066,0.18733994866357825,0.003958110982530908,0.13359930965594377,0.38014191145289766,0.9241813904473359,0.09783380769731526,0.5388220009572434,0.01715951862500194,0.2029666462881138,0.5975136393813044,0.29552264840238823,0.06921602333597349
0.3652179244441525,0.15588432178361666,0.5129324912993566,0.2230840672872507,1.0,0.3313069413976617,0.8159872978962757,0.19073609506138095,0.4491516483143926,0.1549677094324394,0.37058479138332123,0.16996089355966926,0.7419962445606646,0.24257245041995365,0.500942176623872,0.14952837628644433,0.381039284958868,0.4587943852334682,0.5076083631677405
0.0516148813478253,0.3036732910295375,0.18790779933446583,0.44281428306045567,0.3313069413976617,1.0,0.3594462060803151,0.743458097851863,0.29401221951620654,0.6670680912033522,0.05393064836986034,0.362839431868393,0.19625433324717095,0.7808829042538558,0.21349264313914637,0.5446915664879024,0.34586843681822205,0.7512294837804296,0.4907239921597995
0.21338280251864397,0.0875409421316692,0.3285403784589588,0.12257500034329066,0.8159872978962757,0.3594462060803151,1.0,0.3291785977946341,0.7079347768547107,0.2909059004732922,0.16905179019260558,0.10479716865099857,0.5588562153321319,0.237180237443284,0.6449952135085844,0.19608967357671722,0.2565784039658409,0.47674865532288846,0.7425638367429146
-0.15176932642693472,0.08667482902321537,0.01946226972546232,0.18733994866357825,0.19073609506138095,0.743458097851863,0.3291785977946341,1.0,0.43132604518707574,0.9717053229948072,-0.172216034394277,0.12888126727005408,0.017334360253139138,0.5436080194318774,0.22510823771852484,0.6533424182776518,0.14006070403932644,0.543893240217158,0.6068852347446866
0.05952971565147998,-0.01322102393688351,0.17539342375922695,0.003958110982530908,0.4491516483143926,0.29401221951620654,0.7079347768547107,0.43132604518707574,1.0,0.41283473359825174,0.008435731740943843,0.004188858948041951,0.2729868850003633,0.18948151700197768,0.646362936696987,0.24528499221673167,0.1857794701006614,0.3173057721682538,0.7532435773655132
-0.16375175662549904,0.03855036701656483,0.005307844094021326,0.13359930965594377,0.1549677094324394,0.6670680912033522,0.2909059004732922,0.9717053229948072,0.41283473359825174,1.0,-0.19079035672754055,0.07988009287983261,-0.02537149148019884,0.4804753848785823,0.1910169231851662,0.6394186687744845,0.10799776353748604,0.49409105562607486,0.5905454297806451
0.9331161763644391,0.36006746452527794,0.9213536936656076,0.38014191145289766,0.37058479138332123,0.05393064836986034,0.16905179019260558,-0.172216034394277,0.008435731740943843,-0.19079035672754055,1.0,0.3330183831615538,0.25229260690265015,0.002930953988558257,-0.0395317015501321,-0.09601829577516702,0.7704709106381125,0.0344425302976796,0.13627487219439266
0.40554937929106516,0.9517699968593595,0.43003095511789846,0.9241813904473359,0.16996089355966926,0.362839431868393,0.10479716865099857,0.12888126727005408,0.004188858948041951,0.07988009287983261,0.3330183831615538,1.0,0.1228275140144496,0.5049866410915186,0.02825401844904061,0.1335722029038843,0.5240666730238476,0.22809100012022873,0.04874678982405124
0.2039639331245672,0.05244355607784809,0.3380023931546724,0.09783380769731526,0.7419962445606646,0.19625433324717095,0.5588562153321319,0.017334360253139138,0.2729868850003633,-0.02537149148019884,0.25229260690265015,0.1228275140144496,1.0,0.1646869838505371,0.41887251430606137,-0.02973808215733478,0.22906317308581217,0.29612745148071956,0.2355889410345305
0.02909556451080601,0.42051965156459925,0.20769817568516366,0.5388220009572434,0.24257245041995365,0.7808829042538558,0.237180237443284,0.5436080194318774,0.18948151700197768,0.4804753848785823,0.002930953988558257,0.5049866410915186,0.1646869838505371,1.0,0.19947221489887113,0.5801616159513902,0.31256728278770224,0.4659802145438956,0.2760283190570155
0.0003592096680212239,-0.0009319112498785164,0.17029627418050594,0.01715951862500194,0.500942176623872,0.21349264313914637,0.6449952135085844,0.22510823771852484,0.646362936696987,0.1910169231851662,-0.0395317015501321,0.02825401844904061,0.41887251430606137,0.19947221489887113,1.0,0.20995172522334885,0.07361228621568937,0.26983461325834135,0.4544277849093442
-0.06415050434085436,0.11782714034781432,0.10144780861486372,0.2029666462881138,0.14952837628644433,0.5446915664879024,0.19608967357671722,0.6533424182776518,0.24528499221673167,0.6394186687744845,-0.09601829577516702,0.1335722029038843,-0.02973808215733478,0.5801616159513902,0.20995172522334885,1.0,0.13095213915830506,0.31122436512114254,0.3331770735273904
0.7855982221648201,0.543425039911459,0.7438322300086531,0.5975136393813044,0.381039284958868,0.34586843681822205,0.2565784039658409,0.14006070403932644,0.1857794701006614,0.10799776353748604,0.7704709106381125,0.5240666730238476,0.22906317308581217,0.31256728278770224,0.07361228621568937,0.13095213915830506,1.0,0.31147379803913017,0.32075879930924306
0.028609338919073423,0.19126383748358539,0.17372650435329068,0.29552264840238823,0.4587943852334682,0.7512294837804296,0.47674865532288846,0.543893240217158,0.3173057721682538,0.49409105562607486,0.0344425302976796,0.22809100012022873,0.29612745148071956,0.4659802145438956,0.26983461325834135,0.31122436512114254,0.31147379803913017,1.0,0.5219055821087467
0.1740152068238027,0.02214865761805417,0.26710710085252437,0.06921602333597349,0.5076083631677405,0.4907239921597995,0.7425638367429146,0.6068852347446866,0.7532435773655132,0.5905454297806451,0.13627487219439266,0.04874678982405124,0.2355889410345305,0.2760283190570155,0.4544277849093442,0.3331770735273904,0.32075879930924306,0.5219055821087467,1.0
