0,1,2,3,4,5,6,7,8,9,10,11,12,13,14,15,16,17,18
1.0,0.4034541924837091,0.9290917528811534,0.4350144788904403,0.3502147075042327,0.06133353254280989,0.18294418733361983,-0.15130511213886347,0.06214021239061424,-0.17672168132926222,0.9343698431570615,0.36104222340453235,0.0905027158786593,0.021098548202557698,0.03771298335359068,-0.08017089406641206,0.7808528844604509,0.09757759801114364,0.21315919913645356
0.4034541924837091,1.0,0.3878283630878962,0.9454613239495786,0.03941071770525893,0.3385411920008649,-0.02602406448137878,0.05265637038804595,-0.07278154693476323,-0.0062447808101089635,0.3380459311208608,0.9151811395873416,-0.1038402986827047,0.33141385869855117,-0.048728831339272125,0.08180268200925678,0.45415827847618334,0.2580717361280876,0.01957980206400002
0.9290917528811534,0.3878283630878962,1.0,0.43448484316014063,0.4720089249925908,0.15675487995451098,0.28499173436238306,-0.01852248571517883,0.13561212391602484,-0.04715434417617964,0.9297792099881966,0.36143072933532167,0.19467820860301377,0.1467041925110672,0.18715785946382268,0.04066431764031671,0.7308230594787019,0.2174716838307144,0.2642785099057141
0.4350144788904403,0.9454613239495786,0.43448484316014063,1.0,0.13681874308890749,0.4517759259341016,0.0522991059567143,0.16669203829805507,-0.0022670073078388596,0.11199856420631323,0.36924639082165844,0.920583824950755,0.007755556312445001,0.4121917513083271,0.016155581008155895,0.160236444070269,0.5473700055516749,0.3551175173145637,0.11592174484620758
0.3502147075042327,0.03941071770525893,0.4720089249925908,0.13681874308890749,1.0,0.3005352153537311,0.8046919195156297,0.14494394275291342,0.4248421812653389,0.12498160884712219,0.34014078893250643,0.11810313471670213,0.6221359904340455,0.22866183764867956,0.5481270528817848,0.15647041825735275,0.44772025633444174,0.43099721122493,0.49259793568218196
0.06133353254280989,0.3385411920008649,0.15675487995451098,0.4517759259341016,0.3005352153537311,1.0,0.3401787749805156,0.6934709946159935,0.30591199526580704,0.6122595649414876,0.013821155064665051,0.35349072649718105,0.12422496708860084,0.6771517234865914,0.11714847890825374,0.5030354751282207,0.3060193769749023,0.7643492589783568,0.5246070411534335
0.18294418733361983,-0.02602406448137878,0.28499173436238306,0.0522991059567143,0.8046919195156297,0.3401787749805156,1.0,0.26240252810511033,0.6975368532947583,0.2401400637216947,0.14562903811061265,0.029386706958553565,0.4489939851365528,0.24221938873371437,0.6421178695372612,0.23745606448483245,0.3033180743377037,0.460028773200952,0.6793881415514135
-0.15130511213886347,0.05265637038804595,-0.01852248571517883,0.16669203829805507,0.14494394275291342,0.6934709946159935,0.26240252810511033,1.0,0.3442270590221513,0.9718543046628171,-0.21454362432073734,0.05593464529686841,0.010176740216525735,0.3717162267951598,0.055220717035456376,0.6112088989350519,0.06460837597655339,0.5443570925033622,0.5842974927128798
0.06214021239061424,-0.07278154693476323,0.13561212391602484,-0.0022670073078388596,0.4248421812653389,0.30591199526580704,0.6975368532947583,0.3442270590221513,1.0,0.33799251880128844,-0.00441093942961551,-0.07102303047392221,0.2232540204036066,0.15750138395981952,0.5633601890752415,0.2747840699582728,0.1862000480127022,0.3347679876820348,0.7034855860411493
-0.17672168132926222,-0.0062447808101089635,-0.04715434417617964,0.11199856420631323,0.12498160884712219,0.6122595649414876,0.2401400637216947,0.9718543046628171,0.33799251880128844,1.0,-0.2477402692341424,0.0025208862231926787,0.004515937293973951,0.30487023148903597,0.04906052264348688,0.6055927255867644,0.028319342472425388,0.49172609176229465,0.5634611432544643
0.9343698431570615,0.3380459311208608,0.9297792099881966,0.36924639082165844,0.34014078893250643,0.013821155064665051,0.14562903811061265,-0.21454362432073734,-0.00441093942961551,-0.2477402692341424,1.0,0.3014066915195808,0.12162639929388866,-0.025706061070630164,0.03279218889740458,-0.1401710708915745,0.7443599523646713,0.08173168204673537,0.1498226737262048
0.36104222340453235,0.9151811395873416,0.36143072933532167,0.920583824950755,0.11810313471670213,0.35349072649718105,0.029386706958553565,0.05593464529686841,-0.07102303047392221,0.0025208862231926787,0.3014066915195808,1.0,0.12860172251041327,0.463795548420369,0.056186799812130914,0.11145186231485728,0.5332946128256811,0.2445911571206777,0.04043266654325037
0.0905027158786593,-0.1038402986827047,0.19467820860301377,0.007755556312445001,0.6221359904340455,0.12422496708860084,0.4489939851365528,0.010176740216525735,0.2232540204036066,0.004515937293973951,0.12162639929388866,0.12860172251041327,1.0,0.24563325518951495,0.470965003353728,0.08277738006225484,0.3320376889038024,0.166337933204353,0.19950933222166875
0.021098548202557698,0.33141385869855117,0.1467041925110672,0.4121917513083271,0.22866183764867956,0.6771517234865914,0.24221938873371437,0.3717162267951598,0.15750138395981952,0.30487023148903597,-0.025706061070630164,0.463795548420369,0.24563325518951495,1.0,0.11046698256339516,0.5164230216780261,0.3601911376131621,0.32176840448891303,0.24960852158927813
0.03771298335359068,-0.048728831339272125,0.18715785946382268,0.016155581008155895,0.5481270528817848,0.11714847890825374,0.6421178695372612,0.055220717035456376,0.5633601890752415,0.04906052264348688,0.03279218889740458,0.056186799812130914,0.470965003353728,0.11046698256339516,1.0,0.07502934652178089,0.1414894853377546,0.21527255483225058,0.33135692521271437
-0.08017089406641206,0.08180268200925678,0.04066431764031671,0.160236444070269,0.15647041825735275,0.5030354751282207,0.23745606448483245,0.6112088989350519,0.2747840699582728,0.6055927255867644,-0.1401710708915745,0.11145186231485728,0.08277738006225484,0.5164230216780261,0.07502934652178089,1.0,0.1510039484611512,0.29035987063113067,0.3371017639686545
0.7808528844604509,0.45415827847618334,0.7308230594787019,0.5473700055516749,0.44772025633444174,0.3060193769749023,0.3033180743377037,0.06460837597655339,0.1862000480127022,0.028319342472425388,0.7443599523646713,0.5332946128256811,0.3320376889038024,0.3601911376131621,0.1414894853377546,0.1510039484611512,1.0,0.2851964708744938,0.3687639283996125
0.09757759801114364,0.2580717361280876,0.2174716838307144,0.3551175173145637,0.43099721122493,0.7643492589783568,0.460028773200952,0.5443570925033622,0.3347679876820348,0.49172609176229465,0.08173168204673537,0.2445911571206777,0.166337933204353,0.32176840448891303,0.21527255483225058,0.29035987063113067,0.2851964708744938,1.0,0.5502319852230929
0.21315919913645356,0.01957980206400002,0.2642785099057141,0.11592174484620758,0.49259793568218196,0.5246070411534335,0.6793881415514135,0.5842974927128798,0.7034855860411493,0.5634611432544643,0.1498226737262048,0.04043266654325037,0.19950933222166875,0.24960852158927813,0.33135692521271437,0.3371017639686545,0.3687639283996125,0.5502319852230929,1.0
