0,1,2,3,4,5,6,7,8,9,10,11,12,13,14,15,16,17,18
1.0,0.47495964117906775,0.9247172224983622,0.4825491414603348,0.19406742417475137,0.06341847850710813,0.25297962938347357,-0.1554388480219934,0.08087372269324457,-0.17725400377576334,0.9297501608055049,0.4263204923846961,0.009944895270972427,-0.020893107880998008,0.04687207004450215,-0.14032841203739774,0.7581602184686376,0.08613140986823846,0.1424731173846906
0.47495964117906775,1.0,0.48333233468836834,0.9438156636371429,0.07051990575791567,0.31475962322747963,0.13791559063513664,0.06161639735788681,-0.0668583464073813,0.011907087930809135,0.45380021312270424,0.9287388804972814,-0.01611590783930404,0.332740139231635,0.002522232375253071,-0.012941154389921028,0.5235450469239014,0.2445167283817867,0.03933426941132656
0.9247172224983622,0.48333233468836834,1.0,0.5042143662549896,0.3604302420666181,0.17709149835722568,0.380495021356789,-0.0017622714302131365,0.17443339968992147,-0.02304213866488379,0.9276006140421746,0.44243297377103485,0.11834558753666037,0.12598674816451552,0.2016233697264756,0.005497222008928471,0.7221402541523119,0.2319716406102377,0.24279902095771994
0.4825491414603348,0.9438156636371429,0.5042143662549896,1.0,0.12768267718956564,0.43523921922957187,0.1751947265835416,0.1427248762309608,-0.03949384613207895,0.07790070743065862,0.4705178115612143,0.9206946699922403,0.0492340487924434,0.44880570446235285,0.04362358571649547,0.0745142768230575,0.6013117331981918,0.3409800827558056,0.10664973647452816
0.19406742417475137,0.07051990575791567,0.3604302420666181,0.12768267718956564,1.0,0.26572441180502254,0.6128079718342744,0.06193018023682134,0.2997137708586398,0.006730956318792232,0.23156423200267093,0.10259788274136944,0.7800650292004389,0.2528554063124347,0.41322209242788066,-0.01682172221255787,0.3409146890861367,0.3396200912862316,0.3688041711683219
0.06341847850710813,0.31475962322747963,0.17709149835722568,0.43523921922957187,0.26572441180502254,1.0,0.3494066703687071,0.6756476040397446,0.20906482731946074,0.567644327254973,0.07554365633576367,0.3368985259795568,0.10088413654585639,0.7542256589864585,0.1931592830590317,0.530669255348365,0.35872232847619434,0.7778912281686204,0.5582136405083297
0.25297962938347357,0.13791559063513664,0.380495021356789,0.1751947265835416,0.6128079718342744,0.3494066703687071,1.0,0.2719408726354656,0.6461756858299885,0.2207503715943852,0.23083306986440247,0.14632366952821885,0.26731319411919263,0.28322487619667275,0.641464770912853,0.23342406735168114,0.29000761864722235,0.46230928088723205,0.6491257350638007
-0.1554388480219934,0.06161639735788681,-0.0017622714302131365,0.1427248762309608,0.06193018023682134,0.6756476040397446,0.2719408726354656,1.0,0.38039013718214076,0.9699368277831052,-0.17861255944992416,0.05131730634163897,-0.1274929259480576,0.3793756590249344,0.1882821849828983,0.6161794936918137,0.04985118767962108,0.5347585735510353,0.6265851361515704
0.08087372269324457,-0.0668583464073813,0.17443339968992147,-0.03949384613207895,0.2997137708586398,0.20906482731946074,0.6461756858299885,0.38039013718214076,1.0,0.37146109639692515,0.023859311345476177,-0.08839574524818086,0.038727896908832604,0.02218851567731938,0.5972346535526019,0.2576575217952744,0.116371076245343,0.2761437200105925,0.7102286846954041
-0.17725400377576334,0.011907087930809135,-0.02304213866488379,0.07790070743065862,0.006730956318792232,0.567644327254973,0.2207503715943852,0.9699368277831052,0.37146109639692515,1.0,-0.20967897394553994,0.005877028952375364,-0.1722732378498668,0.30028324575191395,0.1659785314523987,0.5930716653545284,-0.0012942651634301886,0.4539031792438245,0.5896764910293959
0.9297501608055049,0.45380021312270424,0.9276006140421746,0.4705178115612143,0.23156423200267093,0.07554365633576367,0.23083306986440247,-0.17861255944992416,0.023859311345476177,-0.20967897394553994,1.0,0.39680122383523164,0.04746613222733706,-0.024973007113272497,0.03673686015275638,-0.13657639403724756,0.7592244020463439,0.1032700206389069,0.10427368952330618
0.4263204923846961,0.9287388804972814,0.44243297377103485,0.9206946699922403,0.10259788274136944,0.3368985259795568,0.14632366952821885,0.05131730634163897,-0.08839574524818086,0.005877028952375364,0.39680122383523164,1.0,0.11998414699925197,0.4396377769123074,0.037350475778806284,0.024938094796547322,0.5417819738825166,0.26025080277619017,0.05147821669782278
0.009944895270972427,-0.01611590783930404,0.11834558753666037,0.0492340487924434,0.7800650292004389,0.10088413654585639,0.26731319411919263,-0.1274929259480576,0.038727896908832604,-0.1722732378498668,0.04746613222733706,0.11998414699925197,1.0,0.2301383429421184,0.24398974181521302,-0.11713315510411912,0.2480742524963573,0.1339741521685526,0.0836114175091581
-0.020893107880998008,0.332740139231635,0.12598674816451552,0.44880570446235285,0.2528554063124347,0.7542256589864585,0.28322487619667275,0.3793756590249344,0.02218851567731938,0.30028324575191395,-0.024973007113272497,0.4396377769123074,0.2301383429421184,1.0,0.16994142490686726,0.5148996416444299,0.31179569738720203,0.5217928150539722,0.29568194068297315
0.04687207004450215,0.002522232375253071,0.2016233697264756,0.04362358571649547,0.41322209242788066,0.1931592830590317,0.641464770912853,0.1882821849828983,0.5972346535526019,0.1659785314523987,0.03673686015275638,0.037350475778806284,0.24398974181521302,0.16994142490686726,1.0,0.22279088534468808,0.15853084774430665,0.2481074790053118,0.4474065268850557
-0.14032841203739774,-0.012941154389921028,0.005497222008928471,0.0745142768230575,-0.01682172221255787,0.530669255348365,0.23342406735168114,0.6161794936918137,0.2576575217952744,0.5930716653545284,-0.13657639403724756,0.024938094796547322,-0.11713315510411912,0.5148996416444299,0.22279088534468808,1.0,0.08285963170969327,0.4083671193308144,0.4012513049396952
0.7581602184686376,0.5235450469239014,0.7221402541523119,0.6013117331981918,0.3409146890861367,0.35872232847619434,0.29000761864722235,0.04985118767962108,0.116371076245343,-0.0012942651634301886,0.7592244020463439,0.5417819738825166,0.2480742524963573,0.31179569738720203,0.15853084774430665,0.08285963170969327,1.0,0.35636666569820785,0.30012099504725925
0.08613140986823846,0.2445167283817867,0.2319716406102377,0.3409800827558056,0.3396200912862316,0.7778912281686204,0.46230928088723205,0.5347585735510353,0.2761437200105925,0.4539031792438245,0.1032700206389069,0.26025080277619017,0.1339741521685526,0.5217928150539722,0.2481074790053118,0.4083671193308144,0.35636666569820785,1.0,0.5905109072199065
0.1424731173846906,0.03933426941132656,0.24279902095771994,0.10664973647452816,0.3688041711683219,0.5582136405083297,0.6491257350638007,0.6265851361515704,0.7102286846954041,0.5896764910293959,0.10427368952330618,0.05147821669782278,0.0836114175091581,0.29568194068297315,0.4474065268850557,0.4012513049396952,0.30012099504725925,0.5905109072199065,1.0
