0,1,2,3,4,5,6,7,8,9,10,11,12,13,14,15,16,17,18
1.0,0.8759545866100631,0.7330149006609614,0.6496481467022308,0.5679152287100057,0.5371171960859715,0.4805804052198639,0.4295065206547186,0.013992375608933206,0.012518325914454126,0.4543284866548726,0.5276818035504435,0.3950005739211156,0.2941159578145034,0.33796824937184233,0.21146934959172672,0.45556216461402926,0.2805906858322637,0.1455395467745678
0.8759545866100631,1.0,0.5561859918653763,0.46948386864654973,0.40622054810969455,0.3789110785285707,0.31170990260255566,0.2635271108058354,-0.05382721799785142,0.2007159774596081,0.603244561144852,0.47479804372028095,0.3314234068910026,0.2856784697188214,0.3700393441844043,0.1935785747289485,0.3561469671590382,0.21189649656958323,0.023532331025550773
0.7330149006609614,0.5561859918653763,1.0,0.7936133785805579,0.8996438036607378,0.8087008958841817,0.7599482522188055,0.6920189787645066,0.038917174272284354,-0.034073664613374334,0.2952887268255956,0.32500958584982365,0.29083673085813594,0.22258626253589875,0.17822195762870727,0.16196220366223768,0.5410647297449003,0.30819656131621237,0.2198176551256716
0.6496481467022308,0.46948386864654973,0.7936133785805579,1.0,0.7520203094589094,0.8801721185680045,0.6714975830264649,0.7856323604991055,0.025349638642354896,-0.11583328765663699,0.015397391649516078,0.5302616725489021,0.24569705758200772,0.3906579303446459,0.11080384911450814,0.3316190778572801,0.3698420607383795,0.4936294533709955,0.13536443545990182
0.5679152287100057,0.40622054810969455,0.8996438036607378,0.7520203094589094,1.0,0.8562733904729884,0.9107166589729633,0.792495855922393,0.2914331177651719,-0.04290918063750946,0.08966917599498418,0.24181384952315396,0.4213077448563963,0.231306598673085,0.368840869951272,0.19218957541065787,0.4783934032497309,0.4268241758872021,0.40995839288021324
0.5371171960859715,0.3789110785285707,0.8087008958841817,0.8801721185680045,0.8562733904729884,1.0,0.8209780869610406,0.9398120113324911,0.18730467991623231,0.10305610129138826,0.010547134416301075,0.40218314137357314,0.3216681917441381,0.4536371023311495,0.27632412484854185,0.41454073782673045,0.3550946048412669,0.600891849114961,0.3581268854805786
0.4805804052198639,0.31170990260255566,0.7599482522188055,0.6714975830264649,0.9107166589729633,0.8209780869610406,1.0,0.8604145098165322,0.49030108833446395,0.025637998217903135,-0.07196200456144132,0.11726804169734482,0.23375755952290025,0.15896281795103423,0.29760341433336,0.16647546772898944,0.25426109553985854,0.3367746897772513,0.47861757208172284
0.4295065206547186,0.2635271108058354,0.6920189787645066,0.7856323604991055,0.792495855922393,0.9398120113324911,0.8604145098165322,1.0,0.35356601809195415,0.1257619712493386,-0.14914259068608626,0.24982203338607126,0.17153771206719629,0.3521554266674032,0.1859404355858505,0.3700640841881495,0.19625150866237492,0.514789239788664,0.4378441363843676
0.013992375608933206,-0.05382721799785142,0.038917174272284354,0.025349638642354896,0.2914331177651719,0.18730467991623231,0.49030108833446395,0.35356601809195415,1.0,0.03834500266628086,-0.3022676055148267,-0.07217856869754176,0.027082296798238082,0.005248911686865768,0.13680779239502963,0.08386810244040839,0.22328341661697407,0.3225631628527782,0.6972612467951388
0.012518325914454126,0.2007159774596081,-0.034073664613374334,-0.11583328765663699,-0.04290918063750946,0.10305610129138826,0.025637998217903135,0.1257619712493386,0.03834500266628086,1.0,0.37209963670528184,0.019971844156388113,-0.09486903926504446,0.18676863309585498,0.09509921840088674,0.19352778466981674,-0.16237218566509043,0.07432848619853809,0.04604599289097407
0.4543284866548726,0.603244561144852,0.2952887268255956,0.015397391649516078,0.08966917599498418,0.010547134416301075,-0.07196200456144132,-0.14914259068608626,-0.3022676055148267,0.37209963670528184,1.0,0.22577883417136385,0.272712609343128,0.16971320883634441,0.2368687674118452,0.06635678270735824,0.2640889725529046,-0.027108972186733558,-0.1547403692759102
0.5276818035504435,0.47479804372028095,0.32500958584982365,0.5302616725489021,0.24181384952315396,0.40218314137357314,0.11726804169734482,0.24982203338607126,-0.07217856869754176,0.019971844156388113,0.22577883417136385,1.0,0.5235316210443174,0.7355520012458907,0.3924687791491055,0.6200354598119436,0.43245825348426203,0.6132320584937109,0.19304710608191153
0.3950005739211156,0.3314234068910026,0.29083673085813594,0.24569705758200772,0.4213077448563963,0.3216681917441381,0.23375755952290025,0.17153771206719629,0.027082296798238082,-0.09486903926504446,0.272712609343128,0.5235316210443174,1.0,0.4563040141550401,0.8068462112802464,0.3782693437900033,0.39391713348366125,0.5449625892565239,0.2228903900319678
0.2941159578145034,0.2856784697188214,0.22258626253589875,0.3906579303446459,0.231306598673085,0.4536371023311495,0.15896281795103423,0.3521554266674032,0.005248911686865768,0.18676863309585498,0.16971320883634441,0.7355520012458907,0.4563040141550401,1.0,0.4561532006299452,0.9244531599940673,0.31941917187784924,0.632495811581168,0.3462780651521756
0.33796824937184233,0.3700393441844043,0.17822195762870727,0.11080384911450814,0.368840869951272,0.27632412484854185,0.29760341433336,0.1859404355858505,0.13680779239502963,0.09509921840088674,0.2368687674118452,0.3924687791491055,0.8068462112802464,0.4561532006299452,1.0,0.4160015483641882,0.2020242672490493,0.47858857948394523,0.23307911168434775
0.21146934959172672,0.1935785747289485,0.16196220366223768,0.3316190778572801,0.19218957541065787,0.41454073782673045,0.16647546772898944,0.3700640841881495,0.08386810244040839,0.19352778466981674,0.06635678270735824,0.6200354598119436,0.3782693437900033,0.9244531599940673,0.4160015483641882,1.0,0.25112724611123155,0.5771880260765955,0.3761919230676745
0.45556216461402926,0.3561469671590382,0.5410647297449003,0.3698420607383795,0.4783934032497309,0.3550946048412669,0.25426109553985854,0.19625150866237492,0.22328341661697407,-0.16237218566509043,0.2640889725529046,0.43245825348426203,0.39391713348366125,0.31941917187784924,0.2020242672490493,0.25112724611123155,1.0,0.5709099942547546,0.5071608010796413
0.2805906858322637,0.21189649656958323,0.30819656131621237,0.4936294533709955,0.4268241758872021,0.600891849114961,0.3367746897772513,0.514789239788664,0.3225631628527782,0.07432848619853809,-0.027108972186733558,0.6132320584937109,0.5449625892565239,0.632495811581168,0.47858857948394523,0.5771880260765955,0.5709099942547546,1.0,0.5769113783326566
0.1455395467745678,0.023532331025550773,0.2198176551256716,0.13536443545990182,0.40995839288021324,0.3581268854805786,0.47861757208172284,0.4378441363843676,0.6972612467951388,0.04604599289097407,-0.1547403692759102,0.19304710608191153,0.2228903900319678,0.3462780651521756,0.23307911168434775,0.3761919230676745,0.5071608010796413,0.5769113783326566,1.0
