0,1,2,3,4,5,6,7,8,9,10,11,12,13,14,15,16,17,18
1.0,0.7433562664170743,0.499710962817637,0.31863839478133055,0.2705667577788721,0.20497137916171757,0.12053913147275716,0.10148665389984969,0.0059559819655134625,-0.011178745165473899,0.5650745746027317,0.2674568661569535,0.310479468145065,0.2136518395675081,0.1886167242213796,0.15781687506471556,0.37715364725296235,0.1793948257793732,0.16324852452314076
0.7433562664170743,1.0,0.30433343055632744,0.5149895357528201,0.1868465591814209,0.4234592548168329,0.1132105553518462,0.34675584972602946,0.053018197431202486,0.2173786195127934,0.5243774511952425,0.5313565150202767,0.21752121276842615,0.4572331966431969,0.2448051266153133,0.438210338721413,0.24954194031800003,0.37332905575103187,0.1434901337988953
0.499710962817637,0.30433343055632744,1.0,0.44627257232962725,0.7822576313770545,0.5837974689577765,0.38678030137362857,0.30869322602641547,0.10790999905146971,0.09806485533880344,0.5017002300053315,0.27118078086999076,0.3598197597480399,0.2743205366553339,0.18952568551733712,0.18914060922147302,0.9197409017999556,0.6013178571220933,0.5222130444419011
0.31863839478133055,0.5149895357528201,0.44627257232962725,1.0,0.3200318845207578,0.6611210889234825,0.05330284359386133,0.4882580647014621,-0.07998088091992768,0.32992134079219115,0.2567726415174331,0.7990983723168674,0.056642027877542175,0.571262109735508,-0.04285718490188728,0.5008739364234092,0.5008357843230322,0.6448275438276654,0.12838754968168672
0.2705667577788721,0.1868465591814209,0.7822576313770545,0.3200318845207578,1.0,0.6664483365219606,0.7993572020348148,0.5197261452018717,0.5343131941800705,0.30225017645670266,0.4151874780909489,0.30224953549326766,0.6325237679820818,0.31891725138402305,0.5919588045032264,0.27662294779294805,0.7897863133661804,0.7267918322244901,0.7836629652051041
0.20497137916171757,0.4234592548168329,0.5837974689577765,0.6611210889234825,0.6664483365219606,1.0,0.535082316449001,0.8863991533761779,0.3804700468113371,0.6291053291917191,0.501163661036784,0.653519786720123,0.39003003749871196,0.7308031679855586,0.4754497002265275,0.7124628535058457,0.620268621769126,0.9536963759514681,0.6442041720991416
0.12053913147275716,0.1132105553518462,0.38678030137362857,0.05330284359386133,0.7993572020348148,0.535082316449001,1.0,0.6167422532219353,0.8865652078162481,0.43332117959651756,0.2119534385361266,0.19197479910441698,0.48484432031266167,0.29327978482037104,0.6451658714788834,0.31917543331350595,0.4174420568460333,0.5891630678575002,0.847681063391306
0.10148665389984969,0.34675584972602946,0.30869322602641547,0.4882580647014621,0.5197261452018717,0.8863991533761779,0.6167422532219353,1.0,0.5761138997905173,0.7725642882243418,0.359624402207246,0.5942729031805524,0.30564900469432765,0.6974192903247218,0.4597863813131402,0.7384245772784402,0.3375345897515992,0.8361163483876531,0.6744371530610828
0.0059559819655134625,0.053018197431202486,0.10790999905146971,-0.07998088091992768,0.5343131941800705,0.3804700468113371,0.8865652078162481,0.5761138997905173,1.0,0.4700275366178437,0.06936097282373829,0.1309149219494663,0.2969183575010755,0.2279111924764185,0.5165851475543866,0.30387290665510824,0.16097503930258142,0.39786952483430227,0.6957363892369058
-0.011178745165473899,0.2173786195127934,0.09806485533880344,0.32992134079219115,0.30225017645670266,0.6291053291917191,0.43332117959651756,0.7725642882243418,0.4700275366178437,1.0,0.13922995748130204,0.41652327740783984,0.08615681234048912,0.5033834409054926,0.24622198418799415,0.5486174532037126,0.12490826582343653,0.5973349198718265,0.4755515045156503
0.5650745746027317,0.5243774511952425,0.5017002300053315,0.2567726415174331,0.4151874780909489,0.501163661036784,0.2119534385361266,0.359624402207246,0.06936097282373829,0.13922995748130204,1.0,0.4000876254700393,0.5490044998705154,0.4292660321259441,0.539143053086879,0.43466517602071664,0.41594404396713824,0.42330614811059974,0.32438915114796535
0.2674568661569535,0.5313565150202767,0.27118078086999076,0.7990983723168674,0.30224953549326766,0.653519786720123,0.19197479910441698,0.5942729031805524,0.1309149219494663,0.41652327740783984,0.4000876254700393,1.0,0.25387930555552735,0.7483477889818714,0.26452951056229684,0.7159599807996745,0.33389152631669855,0.6104541079670427,0.24423190071526094
0.310479468145065,0.21752121276842615,0.3598197597480399,0.056642027877542175,0.6325237679820818,0.39003003749871196,0.48484432031266167,0.30564900469432765,0.2969183575010755,0.08615681234048912,0.5490044998705154,0.25387930555552735,1.0,0.22276870568622903,0.7743288429639754,0.2211583226280071,0.31974333102129276,0.4385076903931798,0.343481720341837
0.2136518395675081,0.4572331966431969,0.2743205366553339,0.571262109735508,0.31891725138402305,0.7308031679855586,0.29327978482037104,0.6974192903247218,0.2279111924764185,0.5033834409054926,0.4292660321259441,0.7483477889818714,0.22276870568622903,1.0,0.3914705569571884,0.9566356407927195,0.30826193723764855,0.6403224980386693,0.43666151347586185
0.1886167242213796,0.2448051266153133,0.18952568551733712,-0.04285718490188728,0.5919588045032264,0.4754497002265275,0.6451658714788834,0.4597863813131402,0.5165851475543866,0.24622198418799415,0.539143053086879,0.26452951056229684,0.7743288429639754,0.3914705569571884,1.0,0.435955717741405,0.2131845091135551,0.48229315710775816,0.5139130890752086
0.15781687506471556,0.438210338721413,0.18914060922147302,0.5008739364234092,0.27662294779294805,0.7124628535058457,0.31917543331350595,0.7384245772784402,0.30387290665510824,0.5486174532037126,0.43466517602071664,0.7159599807996745,0.2211583226280071,0.9566356407927195,0.435955717741405,1.0,0.22371243504309843,0.6150031344540161,0.4389065090146156
0.37715364725296235,0.24954194031800003,0.9197409017999556,0.5008357843230322,0.7897863133661804,0.620268621769126,0.4174420568460333,0.3375345897515992,0.16097503930258142,0.12490826582343653,0.41594404396713824,0.33389152631669855,0.31974333102129276,0.30826193723764855,0.2131845091135551,0.22371243504309843,1.0,0.6676583147886663,0.5846455005022224
0.1793948257793732,0.37332905575103187,0.6013178571220933,0.6448275438276654,0.7267918322244901,0.9536963759514681,0.5891630678575002,0.8361163483876531,0.39786952483430227,0.5973349198718265,0.42330614811059974,0.6104541079670427,0.4385076903931798,0.6403224980386693,0.48229315710775816,0.6150031344540161,0.6676583147886663,1.0,0.6757619437534447
0.16324852452314076,0.1434901337988953,0.5222130444419011,0.12838754968168672,0.7836629652051041,0.6442041720991416,0.847681063391306,0.6744371530610828,0.6957363892369058,0.4755515045156503,0.32438915114796535,0.24423190071526094,0.343481720341837,0.43666151347586185,0.5139130890752086,0.4389065090146156,0.5846455005022224,0.6757619437534447,1.0
