0,1,2,3,4,5,6,7,8,9,10,11,12,13,14,15,16,17,18
1.0,-0.021438322908340735,0.42732873799583837,0.16386132422976107,0.19027917637228117,-0.061299112415488466,0.18618377787737186,0.15389403699051812,0.20897906107866318,0.060071658759413164,0.28867373835551075,-0.20711675617355918,0.22572944394763667,0.20459350353496952,0.13300167972390067,-0.14410337381721922,0.2349218252395128,-0.028617800542903492,0.09646056970535728
-0.021438322908340735,1.0,0.2891341312431637,0.5575005649221149,0.15280560862733017,0.3842284945771464,0.20693849573423764,0.2880124824975405,0.12789945744485895,0.13553189582838376,0.019341563109070488,0.5344453625656163,-0.05394601017119704,-0.01870857105591702,0.006645605709453166,0.2383183006587699,0.5944208991286124,0.41586763476886485,0.08454141830096489
0.42732873799583837,0.2891341312431637,1.0,0.5861947857621853,0.4307164831163372,-0.00881347917438328,0.3923644134050077,0.14961031058865923,0.09618671105351284,-0.16483579510364751,0.5440418840130309,0.15594559688947765,0.5759389412662927,0.5654508995455171,0.4838448463551336,0.1339764571165951,0.7203926461417601,-0.029249550916470985,0.23682964867561906
0.16386132422976107,0.5575005649221149,0.5861947857621853,1.0,0.24179447498415416,0.28805974627677816,0.15044413006967589,0.2730223031705637,-0.10799754789787135,-0.0067761498766604035,0.26395782770966003,0.306247114976215,0.32460577017285547,0.4000242234044993,0.2458332726312615,0.19306902328249562,0.6481334904795768,0.24381260756686834,0.09821107127586275
0.19027917637228117,0.15280560862733017,0.4307164831163372,0.24179447498415416,1.0,0.24996459347793226,0.7792586545279359,0.33540609959710327,0.37328822357521674,0.14897279215879566,0.18462278498405696,0.12438778951402583,0.32017901936793985,0.2285837216729779,0.25653518795586644,0.1293497213621985,0.33735167035892993,0.3694673423277214,0.49856096396816907
-0.061299112415488466,0.3842284945771464,-0.00881347917438328,0.28805974627677816,0.24996459347793226,1.0,0.13036595012243576,0.7582448346615315,0.3209888469925952,0.5062678221395686,-0.35774475857797156,0.2202961834449351,-0.33077133165652994,-0.1936535042561503,-0.233080419662114,0.26407020810913223,0.3234473041568953,0.7183175799636439,0.3912844237481972
0.18618377787737186,0.20693849573423764,0.3923644134050077,0.15044413006967589,0.7792586545279359,0.13036595012243576,1.0,0.4123036533784908,0.4631500395591044,0.16464495488859812,0.458800378969632,0.24131842149300894,0.49450091164928556,0.4432187796361033,0.553514991433267,0.23704102069566932,0.29614313541545245,0.2142708394015131,0.49135504488940346
0.15389403699051812,0.2880124824975405,0.14961031058865923,0.2730223031705637,0.33540609959710327,0.7582448346615315,0.4123036533784908,1.0,0.43383382268641296,0.6392441896271386,0.0514850395524307,0.20497737690714027,0.06048394142554278,0.21372897911649408,0.16924060529530194,0.37300928134465916,0.26357092466999893,0.4694735756506357,0.44353234773165273
0.20897906107866318,0.12789945744485895,0.09618671105351284,-0.10799754789787135,0.37328822357521674,0.3209888469925952,0.4631500395591044,0.43383382268641296,1.0,0.595481687659402,-0.13488774830245165,-0.03510678901379854,-0.11212762261219929,-0.11127127753262475,0.12581827850729288,0.12260854846467563,0.144909221356858,0.416283253998294,0.5570072547575982
0.060071658759413164,0.13553189582838376,-0.16483579510364751,-0.0067761498766604035,0.14897279215879566,0.5062678221395686,0.16464495488859812,0.6392441896271386,0.595481687659402,1.0,-0.30407253155932823,-0.019748845540958102,-0.27746051827156093,-0.21043253514521656,-0.08710877721670425,0.284030491164708,-0.0188774340252221,0.4768427856623653,0.42271057912632654
0.28867373835551075,0.019341563109070488,0.5440418840130309,0.26395782770966003,0.18462278498405696,-0.35774475857797156,0.458800378969632,0.0514850395524307,-0.13488774830245165,-0.30407253155932823,1.0,0.1869553065254173,0.9415972790762029,0.9129230297264471,0.8793446315512867,0.2899252777873203,0.19413478029227324,-0.36250588535993394,-0.07346294007759475
-0.20711675617355918,0.5344453625656163,0.15594559688947765,0.306247114976215,0.12438778951402583,0.2202961834449351,0.24131842149300894,0.20497737690714027,-0.03510678901379854,-0.019748845540958102,0.1869553065254173,1.0,0.19966310967521272,0.21442265779896727,0.17096561462392854,0.37817638055578895,0.33252514832690283,0.2062411800126578,0.09705244991204906
0.22572944394763667,-0.05394601017119704,0.5759389412662927,0.32460577017285547,0.32017901936793985,-0.33077133165652994,0.49450091164928556,0.06048394142554278,-0.11212762261219929,-0.27746051827156093,0.9415972790762029,0.19966310967521272,1.0,0.9187739472380502,0.8309743185991312,0.29013360355354106,0.159236411185588,-0.32803488162583466,0.032922245429142745
0.20459350353496952,-0.01870857105591702,0.5654508995455171,0.4000242234044993,0.2285837216729779,-0.1936535042561503,0.4432187796361033,0.21372897911649408,-0.11127127753262475,-0.21043253514521656,0.9129230297264471,0.21442265779896727,0.9187739472380502,1.0,0.8394340759469432,0.33729687928028873,0.20931385763590982,-0.32321674084769497,0.04923990364129814
0.13300167972390067,0.006645605709453166,0.4838448463551336,0.2458332726312615,0.25653518795586644,-0.233080419662114,0.553514991433267,0.16924060529530194,0.12581827850729288,-0.08710877721670425,0.8793446315512867,0.17096561462392854,0.8309743185991312,0.8394340759469432,1.0,0.3201582285011384,0.12944294260677702,-0.24185379501632145,0.12871148351580736
-0.14410337381721922,0.2383183006587699,0.1339764571165951,0.19306902328249562,0.1293497213621985,0.26407020810913223,0.23704102069566932,0.37300928134465916,0.12260854846467563,0.284030491164708,0.2899252777873203,0.37817638055578895,0.29013360355354106,0.33729687928028873,0.3201582285011384,1.0,0.10384564871014267,0.19994482800234273,0.17754307561173352
0.2349218252395128,0.5944208991286124,0.7203926461417601,0.6481334904795768,0.33735167035892993,0.3234473041568953,0.29614313541545245,0.26357092466999893,0.144909221356858,-0.0188774340252221,0.19413478029227324,0.33252514832690283,0.159236411185588,0.20931385763590982,0.12944294260677702,0.10384564871014267,1.0,0.24148066127321893,0.3030384998134615
-0.028617800542903492,0.41586763476886485,-0.029249550916470985,0.24381260756686834,0.3694673423277214,0.7183175799636439,0.2142708394015131,0.4694735756506357,0.416283253998294,0.4768427856623653,-0.36250588535993394,0.2062411800126578,-0.32803488162583466,-0.32321674084769497,-0.24185379501632145,0.19994482800234273,0.24148066127321893,1.0,0.4921004101664977
0.09646056970535728,0.08454141830096489,0.23682964867561906,0.09821107127586275,0.49856096396816907,0.3912844237481972,0.49135504488940346,0.44353234773165273,0.5570072547575982,0.42271057912632654,-0.07346294007759475,0.09705244991204906,0.032922245429142745,0.04923990364129814,0.12871148351580736,0.17754307561173352,0.3030384998134615,0.4921004101664977,1.0
