0,1,2,3,4,5,6,7,8,9,10,11,12,13,14,15,16,17,18
1.0,0.6029691753089488,0.8076882781976329,0.5290124624648,0.33509893060280144,0.2739421284900977,0.3539746300685253,0.27589072001240816,0.08631695357824895,-0.0786210901797596,0.5839930217637808,0.02225643381737565,0.38236392532705255,0.3884311942901855,0.32465047741984904,0.04874677310719862,0.6897384007153116,0.1432413437935655,0.17536766616088298
0.6029691753089488,1.0,0.5506214996355817,0.7624380386279568,0.24856491413787188,0.40347078057531843,0.2646154729256309,0.31925953898012593,-0.014782080948086428,-0.018253658526931216,0.39852980792078824,0.006114974848716412,0.19714928091403325,0.31987109792867363,0.1507035834520979,0.05785013371892393,0.6811972570349507,0.3076389242087433,0.11035496434212005
0.8076882781976329,0.5506214996355817,1.0,0.6541709645227269,0.5121815354955565,0.3879808748237759,0.5171601573383791,0.39885477712400746,0.17901060225700724,0.009917324265348627,0.5021406550250549,0.13079531757791119,0.5659135678679337,0.560470139030157,0.4363723331168605,0.16168876458794978,0.801002862172724,0.3039205872637613,0.3829405840816331
0.5290124624648,0.7624380386279568,0.6541709645227269,1.0,0.353463768760646,0.4747173213072037,0.347415085215887,0.43749234033075624,-0.0858359950564013,0.05114036783911169,0.36743119205529484,0.1260310308254037,0.46097829841157856,0.5719956023381423,0.2501105828283744,0.10247009183256207,0.7902469609559807,0.4164477350817263,0.26545396705655655
0.33509893060280144,0.24856491413787188,0.5121815354955565,0.353463768760646,1.0,0.2927515683081441,0.9366830617382449,0.324198653097032,0.3465872912413314,0.18200548272733746,0.25113925881136345,0.0463722309931018,0.5887807024026123,0.2990517014962033,0.4474472255393082,0.16510662675083487,0.34389323027986424,0.4991382448036178,0.47954585463556304
0.2739421284900977,0.40347078057531843,0.3879808748237759,0.4747173213072037,0.2927515683081441,1.0,0.28991166009515346,0.8493532411074469,0.13541009232101361,0.34085091929802397,0.13392883833718958,0.06711755101841631,0.20709832218545268,0.5103934396256122,0.19530955117794488,0.44978910526671867,0.46460258627780915,0.5791360299308267,0.37722386666178775
0.3539746300685253,0.2646154729256309,0.5171601573383791,0.347415085215887,0.9366830617382449,0.28991166009515346,1.0,0.36333170983827645,0.4657945073055025,0.2050345333777224,0.30641068894121204,0.0021220726124013705,0.5866098754881595,0.3552176767522702,0.557451147467846,0.19003561078790662,0.33179346369957347,0.47897773724079806,0.5308576954271045
0.27589072001240816,0.31925953898012593,0.39885477712400746,0.43749234033075624,0.324198653097032,0.8493532411074469,0.36333170983827645,1.0,0.23428058260046059,0.5426052003368638,0.22087374947709335,0.046404845120054355,0.2995068588746906,0.6335817550155806,0.3324385110916878,0.5560575868754187,0.39518868371354793,0.5427481373522492,0.4768232522055794
0.08631695357824895,-0.014782080948086428,0.17901060225700724,-0.0858359950564013,0.3465872912413314,0.13541009232101361,0.4657945073055025,0.23428058260046059,1.0,0.3928403607837336,-0.11675532659474169,-0.008222274436911623,0.08104992355079248,0.04531210371697635,0.6198169493294909,0.2517884883512015,0.07924791083892652,0.2658038052415129,0.48027272812112937
-0.0786210901797596,-0.018253658526931216,0.009917324265348627,0.05114036783911169,0.18200548272733746,0.34085091929802397,0.2050345333777224,0.5426052003368638,0.3928403607837336,1.0,-0.15920000644590818,0.0776940812474737,0.08070951474291395,0.1321952087154086,0.30755360638686363,0.5870961688083317,-0.027159688426561624,0.47577053406596276,0.4647194614924633
0.5839930217637808,0.39852980792078824,0.5021406550250549,0.36743119205529484,0.25113925881136345,0.13392883833718958,0.30641068894121204,0.22087374947709335,-0.11675532659474169,-0.15920000644590818,1.0,-0.2950591639985604,0.45368943794358,0.4507555651609045,0.41309870823650313,0.08929731466908712,0.3855975294621915,0.07561882554520524,-0.09740681354520332
0.02225643381737565,0.006114974848716412,0.13079531757791119,0.1260310308254037,0.0463722309931018,0.06711755101841631,0.0021220726124013705,0.046404845120054355,-0.008222274436911623,0.0776940812474737,-0.2950591639985604,1.0,0.4815887045702768,0.32254669947669495,0.04142736634806235,0.057377303003111085,0.08141353892263081,0.0317615421202053,0.19147549668338315
0.38236392532705255,0.19714928091403325,0.5659135678679337,0.46097829841157856,0.5887807024026123,0.20709832218545268,0.5866098754881595,0.2995068588746906,0.08104992355079248,0.08070951474291395,0.45368943794358,0.4815887045702768,1.0,0.665655167543478,0.4449177072424251,0.1298196004998331,0.3231379308723891,0.22829158359685942,0.3503817766963777
0.3884311942901855,0.31987109792867363,0.560470139030157,0.5719956023381423,0.2990517014962033,0.5103934396256122,0.3552176767522702,0.6335817550155806,0.04531210371697635,0.1321952087154086,0.4507555651609045,0.32254669947669495,0.665655167543478,1.0,0.3911460110245612,0.3588832462853437,0.4275970637226947,0.22573030846977205,0.36123515395413175
0.32465047741984904,0.1507035834520979,0.4363723331168605,0.2501105828283744,0.4474472255393082,0.19530955117794488,0.557451147467846,0.3324385110916878,0.6198169493294909,0.30755360638686363,0.41309870823650313,0.04142736634806235,0.4449177072424251,0.3911460110245612,1.0,0.3078977869662645,0.21067836975045395,0.2527583364595501,0.44171767562413666
0.04874677310719862,0.05785013371892393,0.16168876458794978,0.10247009183256207,0.16510662675083487,0.44978910526671867,0.19003561078790662,0.5560575868754187,0.2517884883512015,0.5870961688083317,0.08929731466908712,0.057377303003111085,0.1298196004998331,0.3588832462853437,0.3078977869662645,1.0,0.06215070146043698,0.3061800034879018,0.3000879198877206
0.6897384007153116,0.6811972570349507,0.801002862172724,0.7902469609559807,0.34389323027986424,0.46460258627780915,0.33179346369957347,0.39518868371354793,0.07924791083892652,-0.027159688426561624,0.3855975294621915,0.08141353892263081,0.3231379308723891,0.4275970637226947,0.21067836975045395,0.06215070146043698,1.0,0.3381892555577716,0.3437303139269951
0.1432413437935655,0.3076389242087433,0.3039205872637613,0.4164477350817263,0.4991382448036178,0.5791360299308267,0.47897773724079806,0.5427481373522492,0.2658038052415129,0.47577053406596276,0.07561882554520524,0.0317615421202053,0.22829158359685942,0.22573030846977205,0.2527583364595501,0.3061800034879018,0.3381892555577716,1.0,0.5777480739102521
0.17536766616088298,0.11035496434212005,0.3829405840816331,0.26545396705655655,0.47954585463556304,0.37722386666178775,0.5308576954271045,0.4768232522055794,0.48027272812112937,0.4647194614924633,-0.09740681354520332,0.19147549668338315,0.3503817766963777,0.36123515395413175,0.44171767562413666,0.3000879198877206,0.3437303139269951,0.5777480739102521,1.0
