0,1,2,3,4,5,6,7,8,9,10,11,12,13,14,15,16,17,18
1.0,0.676047244276479,0.7383237552575297,0.5098434273823516,0.35106035837677435,0.3097981997074439,0.36274671072779063,0.3081659304693566,0.14844111893966266,0.03734041856861296,0.36420175906556124,0.46471232929275763,0.2998597693939791,0.23552788992143095,0.20003615917245912,0.053511781546331814,0.7138884717463806,0.26468917674393566,0.13494762824789033
0.676047244276479,1.0,0.5216229540386345,0.6649781114727471,0.2849232034718404,0.4527230983674409,0.26563958494676143,0.3285725141787359,0.07157709048241512,0.17342311240031652,0.12134118721848822,0.7246599605455203,0.08529758096792038,0.046400394985720954,0.02341064511432909,0.09286714853470474,0.6981309588495227,0.5117640191244345,0.19203288544831204
0.7383237552575297,0.5216229540386345,1.0,0.6670314271588571,0.39189335800189196,0.26824954346206303,0.3617650225252088,0.17342489265015978,0.09593920087414082,-0.0661501444383026,0.3969670643082634,0.291254877586876,0.4804034734722343,0.37188753735812907,0.3388988648090056,0.03249947355831737,0.7567425343702033,0.2988513870902901,0.1796610521125349
0.5098434273823516,0.6649781114727471,0.6670314271588571,1.0,0.3070733893757623,0.4486261715102365,0.28105117385686373,0.3191256527801069,-0.1424208509862473,0.04837661688106896,0.32621089588729985,0.40203596852745854,0.43626720141278946,0.4499960095532276,0.2913785698838719,0.12269306129283707,0.6601591854472314,0.4840824583667719,0.10686859634104527
0.35106035837677435,0.2849232034718404,0.39189335800189196,0.3070733893757623,1.0,0.3480966393923402,0.9309920100722039,0.318039498224547,0.4321011920106608,0.221767073644562,0.1668254472878838,0.22821404843005455,0.4445111900432567,0.20307252184457342,0.3792848807171871,0.10100468109295414,0.2996238466556023,0.4934755928133565,0.4749518526211625
0.3097981997074439,0.4527230983674409,0.26824954346206303,0.4486261715102365,0.3480966393923402,1.0,0.3648175832046535,0.8335833820537699,0.20858615222365692,0.4653935134839782,-0.03933672340919989,0.3519572753218103,0.052056787829960115,0.21432947312518102,0.12881986443375637,0.4134687032420921,0.3384434730026599,0.6778049560605647,0.43226409300588353
0.36274671072779063,0.26563958494676143,0.3617650225252088,0.28105117385686373,0.9309920100722039,0.3648175832046535,1.0,0.39316697716313137,0.5614303822727699,0.2956818186497267,0.23500534748922722,0.2227725379432086,0.487875503325168,0.2865932151759825,0.5102869830902839,0.1288667447563544,0.2914643573474989,0.4447031243314471,0.5703316435957566
0.3081659304693566,0.3285725141787359,0.17342489265015978,0.3191256527801069,0.318039498224547,0.8335833820537699,0.39316697716313137,1.0,0.29032760966587595,0.6290428254754704,0.1275181749056094,0.28256035408699653,0.15140385903670356,0.3743355139514404,0.2541155552930765,0.5056185522633025,0.21782004477084627,0.5186234630626461,0.37509426955173536
0.14844111893966266,0.07157709048241512,0.09593920087414082,-0.1424208509862473,0.4321011920106608,0.20858615222365692,0.5614303822727699,0.29032760966587595,1.0,0.5092995659458383,-0.14810379072534394,0.08230828588131033,-0.01605343352476029,-0.06177728227131758,0.3874973393122516,0.19605204809482596,0.13533395331113518,0.19277218000453497,0.6218734118002105
0.03734041856861296,0.17342311240031652,-0.0661501444383026,0.04837661688106896,0.221767073644562,0.4653935134839782,0.2956818186497267,0.6290428254754704,0.5092995659458383,1.0,-0.20555648851194747,0.11459168609001123,-0.12506857841616262,0.003861795307704162,0.14483901448365347,0.4392156428926665,0.004263637555368907,0.401448732502043,0.45324750104747186
0.36420175906556124,0.12134118721848822,0.3969670643082634,0.32621089588729985,0.1668254472878838,-0.03933672340919989,0.23500534748922722,0.1275181749056094,-0.14810379072534394,-0.20555648851194747,1.0,0.16394093428522538,0.8713426739776955,0.8228725694766996,0.6675951546312653,0.1726818849310779,0.2602136454699269,-0.07476066002835896,-0.15261907011910955
0.46471232929275763,0.7246599605455203,0.291254877586876,0.40203596852745854,0.22821404843005455,0.3519572753218103,0.2227725379432086,0.28256035408699653,0.08230828588131033,0.11459168609001123,0.16394093428522538,1.0,0.09638669395726789,0.10673321953302588,0.06938619506683004,0.2709859766039237,0.5064138175852224,0.31840606869712024,0.12035035692471269
0.2998597693939791,0.08529758096792038,0.4804034734722343,0.43626720141278946,0.4445111900432567,0.052056787829960115,0.487875503325168,0.15140385903670356,-0.01605343352476029,-0.12506857841616262,0.8713426739776955,0.09638669395726789,1.0,0.8176205311067235,0.7004404778305594,0.14410210053373493,0.22073736205854752,0.012411463039456583,0.021189244941942863
0.23552788992143095,0.046400394985720954,0.37188753735812907,0.4499960095532276,0.20307252184457342,0.21432947312518102,0.2865932151759825,0.3743355139514404,-0.06177728227131758,0.003861795307704162,0.8228725694766996,0.10673321953302588,0.8176205311067235,1.0,0.6612535746133315,0.2821057542939334,0.1724831253128062,0.013960539050247972,0.026316487156483773
0.20003615917245912,0.02341064511432909,0.3388988648090056,0.2913785698838719,0.3792848807171871,0.12881986443375637,0.5102869830902839,0.2541155552930765,0.3874973393122516,0.14483901448365347,0.6675951546312653,0.06938619506683004,0.7004404778305594,0.6612535746133315,1.0,0.2767964028989024,0.13144001526393448,0.05755294813854403,0.27250450664918935
0.053511781546331814,0.09286714853470474,0.03249947355831737,0.12269306129283707,0.10100468109295414,0.4134687032420921,0.1288667447563544,0.5056185522633025,0.19605204809482596,0.4392156428926665,0.1726818849310779,0.2709859766039237,0.14410210053373493,0.2821057542939334,0.2767964028989024,1.0,-0.03229051219151956,0.28001535185255955,0.14128653788445034
0.7138884717463806,0.6981309588495227,0.7567425343702033,0.6601591854472314,0.2996238466556023,0.3384434730026599,0.2914643573474989,0.21782004477084627,0.13533395331113518,0.004263637555368907,0.2602136454699269,0.5064138175852224,0.22073736205854752,0.1724831253128062,0.13144001526393448,-0.03229051219151956,1.0,0.3694653554787974,0.3223727036763122
0.26468917674393566,0.5117640191244345,0.2988513870902901,0.4840824583667719,0.4934755928133565,0.6778049560605647,0.4447031243314471,0.5186234630626461,0.19277218000453497,0.401448732502043,-0.07476066002835896,0.31840606869712024,0.012411463039456583,0.013960539050247972,0.05755294813854403,0.28001535185255955,0.3694653554787974,1.0,0.48576871346520634
0.13494762824789033,0.19203288544831204,0.1796610521125349,0.10686859634104527,0.4749518526211625,0.43226409300588353,0.5703316435957566,0.37509426955173536,0.6218734118002105,0.45324750104747186,-0.15261907011910955,0.12035035692471269,0.021189244941942863,0.026316487156483773,0.27250450664918935,0.14128653788445034,0.3223727036763122,0.48576871346520634,1.0
