0,1,2,3,4,5,6,7,8,9,10,11,12,13,14,15,16,17,18
1.0,0.6398155257969654,0.5194839365033449,0.35244170835466376,0.2570738949071278,0.33529851898498825,-0.06708683540658066,-0.052148847451290524,-0.25769312290507046,-0.30427292716066534,0.6488771193171291,0.34600947312273705,0.2478622053210234,0.060152623921376984,-0.3398581116475365,-0.22480388819986732,0.7273161522592083,0.28738465097220556,-0.21282678444468478
0.6398155257969654,1.0,0.2249472259619995,0.2905636024241334,0.025213164650696347,0.16371227301704602,-0.2215107097182156,-0.33145753710959175,-0.4350464889878126,-0.4860604821749122,0.33588486432891734,0.5412660701476407,0.05397751640808397,0.1591638082775683,-0.38385995001124945,-0.48223275740539123,0.7839743590259971,0.2320523690716914,-0.3531636066146088
0.5194839365033449,0.2249472259619995,1.0,0.7386108470384244,0.8905492451210627,0.5618292896753817,0.25948715457208166,0.11319422215779397,-0.13239006170662418,-0.34956749964184247,0.3295364802097469,0.2011762326808426,0.21371598025747135,-0.036241974407207625,-0.4613866695390011,-0.20516330317942597,0.39591859234142784,0.6993762081343627,0.060600981155606096
0.35244170835466376,0.2905636024241334,0.7386108470384244,1.0,0.718649266936593,0.6237378198184382,0.2018238935237445,0.041905198205573604,-0.16512204655217877,-0.5991551771522609,0.15199144463829542,0.2478517027552225,0.07846788118132877,-0.07143710209145625,-0.4216803226583723,-0.36994386773639404,0.33083420101695304,0.8626141397245977,-0.1399189465855602
0.2570738949071278,0.025213164650696347,0.8905492451210627,0.718649266936593,1.0,0.5716084776095043,0.3595405390313187,0.21389095896979093,-0.0071980640090253956,-0.2531198353267433,0.18183008852635396,0.11577296165332213,0.22245170403177664,-0.014487206861756275,-0.36829196074581777,-0.1374240901444881,0.20059548484102357,0.7124335186442272,0.26795883932773623
0.33529851898498825,0.16371227301704602,0.5618292896753817,0.6237378198184382,0.5716084776095043,1.0,0.23244955187301958,0.1731964864049597,-0.024585364303646343,-0.4269173284121251,0.22605733465318262,0.22821711672360634,0.18997119688480563,0.16360092539285256,-0.2552605324644556,-0.19166734754634351,0.28310122023477435,0.6759555311041282,0.18464006676652414
-0.06708683540658066,-0.2215107097182156,0.25948715457208166,0.2018238935237445,0.3595405390313187,0.23244955187301958,1.0,0.4653883102204308,0.5018719667296904,0.0580400081721234,0.005206060471401252,-0.042325788149793174,0.29966390443736957,-0.034510153166379544,0.1537536033241377,0.246908327822595,-0.19843651271575719,0.19831986770150628,0.238827355340345
-0.052148847451290524,-0.33145753710959175,0.11319422215779397,0.041905198205573604,0.21389095896979093,0.1731964864049597,0.4653883102204308,1.0,0.563542560266053,0.4094041680443885,0.053740467441487194,-0.3064735656303054,0.04561923473617702,-0.14918422832511058,0.0635203933504062,0.47674989301703985,-0.1748906663036442,0.052224147477541824,0.4755743231266499
-0.25769312290507046,-0.4350464889878126,-0.13239006170662418,-0.16512204655217877,-0.0071980640090253956,-0.024585364303646343,0.5018719667296904,0.563542560266053,1.0,0.45118257494002373,-0.11695555346899679,-0.27507316747575383,0.03223272229665099,-0.23447099844586253,0.487457394503672,0.5101915662226186,-0.3097167790997562,-0.1753481086387375,0.3853409832740399
-0.30427292716066534,-0.4860604821749122,-0.34956749964184247,-0.5991551771522609,-0.2531198353267433,-0.4269173284121251,0.0580400081721234,0.4094041680443885,0.45118257494002373,1.0,-0.14306840804421841,-0.6466549949637259,0.047602601540758564,-0.20913891538453563,0.2331749182612997,0.5065601625036484,-0.3293033306414482,-0.5808474922619286,0.5357846623878233
0.6488771193171291,0.33588486432891734,0.3295364802097469,0.15199144463829542,0.18183008852635396,0.22605733465318262,0.005206060471401252,0.053740467441487194,-0.11695555346899679,-0.14306840804421841,1.0,0.2005388294976385,0.43423312329744873,0.11947171918761632,-0.10677226584193394,-0.028864337988917063,0.4006892585652057,0.1377621900188784,-0.10443172734271329
0.34600947312273705,0.5412660701476407,0.2011762326808426,0.2478517027552225,0.11577296165332213,0.22821711672360634,-0.042325788149793174,-0.3064735656303054,-0.27507316747575383,-0.6466549949637259,0.2005388294976385,1.0,0.1420637714258049,0.3220670185492108,-0.2672962695520484,-0.4237950596109619,0.5012918155071552,0.17872487383842733,-0.27684274179775425
0.2478622053210234,0.05397751640808397,0.21371598025747135,0.07846788118132877,0.22245170403177664,0.18997119688480563,0.29966390443736957,0.04561923473617702,0.03223272229665099,0.047602601540758564,0.43423312329744873,0.1420637714258049,1.0,0.4874602003403584,0.3677651394715,0.08470245791359074,0.26428563242655667,0.046099367631015145,0.30452237785373365
0.060152623921376984,0.1591638082775683,-0.036241974407207625,-0.07143710209145625,-0.014487206861756275,0.16360092539285256,-0.034510153166379544,-0.14918422832511058,-0.23447099844586253,-0.20913891538453563,0.11947171918761632,0.3220670185492108,0.4874602003403584,1.0,0.16903730764497316,-0.05118201578855591,0.265618304486391,-0.028069489790940393,0.20245342025733523
-0.3398581116475365,-0.38385995001124945,-0.4613866695390011,-0.4216803226583723,-0.36829196074581777,-0.2552605324644556,0.1537536033241377,0.0635203933504062,0.487457394503672,0.2331749182612997,-0.10677226584193394,-0.2672962695520484,0.3677651394715,0.16903730764497316,1.0,0.3126217431734525,-0.2742430800411344,-0.46696000013971806,0.26415879090596245
-0.22480388819986732,-0.48223275740539123,-0.20516330317942597,-0.36994386773639404,-0.1374240901444881,-0.19166734754634351,0.246908327822595,0.47674989301703985,0.5101915662226186,0.5065601625036484,-0.028864337988917063,-0.4237950596109619,0.08470245791359074,-0.05118201578855591,0.3126217431734525,1.0,-0.30822286386829206,-0.3718923803460774,0.30149064266121745
0.7273161522592083,0.7839743590259971,0.39591859234142784,0.33083420101695304,0.20059548484102357,0.28310122023477435,-0.19843651271575719,-0.1748906663036442,-0.3097167790997562,-0.3293033306414482,0.4006892585652057,0.5012918155071552,0.26428563242655667,0.265618304486391,-0.2742430800411344,-0.30822286386829206,1.0,0.26764469516052397,-0.08124512426848712
0.28738465097220556,0.2320523690716914,0.6993762081343627,0.8626141397245977,0.7124335186442272,0.6759555311041282,0.19831986770150628,0.052224147477541824,-0.1753481086387375,-0.5808474922619286,0.1377621900188784,0.17872487383842733,0.046099367631015145,-0.028069489790940393,-0.46696000013971806,-0.3718923803460774,0.26764469516052397,1.0,-0.05071394647946626
-0.21282678444468478,-0.3531636066146088,0.060600981155606096,-0.1399189465855602,0.26795883932773623,0.18464006676652414,0.238827355340345,0.4755743231266499,0.3853409832740399,0.5357846623878233,-0.10443172734271329,-0.27684274179775425,0.30452237785373365,0.20245342025733523,0.26415879090596245,0.30149064266121745,-0.08124512426848712,-0.05071394647946626,1.0
