0,1,2,3,4,5,6,7,8,9,10,11,12,13,14,15,16,17,18
1.0,0.6514813965246973,0.5873450894765918,0.36902892777141616,0.38830495624147604,0.3602136622014421,0.06346685588623956,-0.19268737790422624,-0.2384490744671164,-0.4311440693720719,0.5091806077199681,0.39018662659098957,0.18769933439166558,0.281615773441031,-0.20153916123004542,-0.2396968669925041,0.7851535112681737,0.2646556760963543,-0.15621891903730517
0.6514813965246973,1.0,0.38954086340904803,0.42898836634608056,0.2165328802147954,0.28453272082180675,-0.0878547539200461,-0.4893819167223359,-0.33640440536495975,-0.6710032474370108,0.3535791055426124,0.5655154853813783,0.09581063871697061,0.19265284582625597,-0.24664535816276004,-0.47808625781971414,0.7794341042970108,0.36146105599820016,-0.42014910748414896
0.5873450894765918,0.38954086340904803,1.0,0.6628325922975709,0.9072695409392897,0.6375307404701283,0.3248553227271147,-0.08349272584760495,-0.10568703494930642,-0.42869244939891676,0.1526651121648908,0.18498471879987902,0.2594410500641912,0.19932664015602808,-0.1386914487726796,-0.3172444559845991,0.5657298031010651,0.5528456718745172,0.11680487645320875
0.36902892777141616,0.42898836634608056,0.6628325922975709,1.0,0.6528111484753542,0.6445263894578802,0.07326425973519426,-0.19101377592148702,-0.3024404991895295,-0.6511166143807005,0.150988296127454,0.20656445126715572,0.24607830275855327,0.05931506435839541,-0.2286909321488192,-0.5296281475472476,0.41473737475321704,0.8571725492593807,-0.12720999598032617
0.38830495624147604,0.2165328802147954,0.9072695409392897,0.6528111484753542,1.0,0.6496008996426947,0.36478804436027573,0.02598522006218212,-0.024974801081521794,-0.3188165282577371,0.04973022573599117,0.06095701425010924,0.29825328575806276,0.18956163285300345,-0.07366279804377172,-0.23771713756304347,0.4113041760176756,0.580912136975552,0.26661402627305375
0.3602136622014421,0.28453272082180675,0.6375307404701283,0.6445263894578802,0.6496008996426947,1.0,0.23396625428854487,-0.04594153428813704,-0.0902042246663586,-0.4481769410146866,0.1428600889828976,0.07245722873772176,0.20328292595449612,0.3473021847204967,-0.14379773485135516,-0.28931530993019666,0.39345917435390176,0.6449429904103419,0.09686585968704613
0.06346685588623956,-0.0878547539200461,0.3248553227271147,0.07326425973519426,0.36478804436027573,0.23396625428854487,1.0,0.12894928676433642,0.3751681873361048,0.047843903227866406,0.048585926447369435,-0.055734534067356095,0.521944884226426,0.2870590566581231,0.41332462358144556,0.10315845103559042,0.03268894537208161,0.04940118487802538,0.2739824739756663
-0.19268737790422624,-0.4893819167223359,-0.08349272584760495,-0.19101377592148702,0.02598522006218212,-0.04594153428813704,0.12894928676433642,1.0,0.26377101498170563,0.569809040531984,-0.14765534573745356,-0.4210288591621093,-0.08230673016808958,-0.0922454092363539,-0.007999449312725343,0.43848933639005316,-0.28909981924286693,-0.13608157702986678,0.6366562032778655
-0.2384490744671164,-0.33640440536495975,-0.10568703494930642,-0.3024404991895295,-0.024974801081521794,-0.0902042246663586,0.3751681873361048,0.26377101498170563,1.0,0.5121180798896634,-0.21930850644342398,-0.27519217719149897,0.03780873331052785,-0.09765174180218372,0.5845476627135526,0.412067267671292,-0.19445764209744387,-0.33782328606529033,0.43423311391685726
-0.4311440693720719,-0.6710032474370108,-0.42869244939891676,-0.6511166143807005,-0.3188165282577371,-0.4481769410146866,0.047843903227866406,0.569809040531984,0.5121180798896634,1.0,-0.2537212555205196,-0.6620205107699031,-0.14039266600934935,-0.38033492221500553,0.18835018257138547,0.5324017898485153,-0.5198570834658423,-0.615085378239907,0.5034894070223759
0.5091806077199681,0.3535791055426124,0.1526651121648908,0.150988296127454,0.04973022573599117,0.1428600889828976,0.048585926447369435,-0.14765534573745356,-0.21930850644342398,-0.2537212555205196,1.0,0.23197427672486678,0.3397611004426227,0.139161909034115,-0.039865273790860904,-0.09145634438418013,0.30967970507186227,0.02650273472033142,-0.2918594169038601
0.39018662659098957,0.5655154853813783,0.18498471879987902,0.20656445126715572,0.06095701425010924,0.07245722873772176,-0.055734534067356095,-0.4210288591621093,-0.27519217719149897,-0.6620205107699031,0.23197427672486678,1.0,0.09587387407922898,0.387162301182525,-0.19134618688948862,-0.4087105764326249,0.5211946531597054,0.08982633029852112,-0.3130875241513539
0.18769933439166558,0.09581063871697061,0.2594410500641912,0.24607830275855327,0.29825328575806276,0.20328292595449612,0.521944884226426,-0.08230673016808958,0.03780873331052785,-0.14039266600934935,0.3397611004426227,0.09587387407922898,1.0,0.2567211519939062,0.5453838859903836,-0.028854237212495224,0.19278610128385776,0.14117025240022543,-0.02634438726164819
0.281615773441031,0.19265284582625597,0.19932664015602808,0.05931506435839541,0.18956163285300345,0.3473021847204967,0.2870590566581231,-0.0922454092363539,-0.09765174180218372,-0.38033492221500553,0.139161909034115,0.387162301182525,0.2567211519939062,1.0,0.0628217544029165,-0.0004953094139597977,0.35291762117215153,0.1216695097563224,0.06575436464568517
-0.20153916123004542,-0.24664535816276004,-0.1386914487726796,-0.2286909321488192,-0.07366279804377172,-0.14379773485135516,0.41332462358144556,-0.007999449312725343,0.5845476627135526,0.18835018257138547,-0.039865273790860904,-0.19134618688948862,0.5453838859903836,0.0628217544029165,1.0,0.264049773173393,-0.12154382132276452,-0.31584188838750876,0.1961594347408555
-0.2396968669925041,-0.47808625781971414,-0.3172444559845991,-0.5296281475472476,-0.23771713756304347,-0.28931530993019666,0.10315845103559042,0.43848933639005316,0.412067267671292,0.5324017898485153,-0.09145634438418013,-0.4087105764326249,-0.028854237212495224,-0.0004953094139597977,0.264049773173393,1.0,-0.31086211610063946,-0.4993853025423744,0.28280558751501583
0.7851535112681737,0.7794341042970108,0.5657298031010651,0.41473737475321704,0.4113041760176756,0.39345917435390176,0.03268894537208161,-0.28909981924286693,-0.19445764209744387,-0.5198570834658423,0.30967970507186227,0.5211946531597054,0.19278610128385776,0.35291762117215153,-0.12154382132276452,-0.31086211610063946,1.0,0.33308272486231694,-0.1346294005430707
0.2646556760963543,0.36146105599820016,0.5528456718745172,0.8571725492593807,0.580912136975552,0.6449429904103419,0.04940118487802538,-0.13608157702986678,-0.33782328606529033,-0.615085378239907,0.02650273472033142,0.08982633029852112,0.14117025240022543,0.1216695097563224,-0.31584188838750876,-0.4993853025423744,0.33308272486231694,1.0,-0.05579283901891864
-0.15621891903730517,-0.42014910748414896,0.11680487645320875,-0.12720999598032617,0.26661402627305375,0.09686585968704613,0.2739824739756663,0.6366562032778655,0.43423311391685726,0.5034894070223759,-0.2918594169038601,-0.3130875241513539,-0.02634438726164819,0.06575436464568517,0.1961594347408555,0.28280558751501583,-0.1346294005430707,-0.05579283901891864,1.0
