0,1,2,3,4,5,6,7,8,9,10,11,12,13,14,15,16,17,18
1.0,0.6460063706054341,0.8918933142024134,0.5109431618970587,0.7804784843338151,0.3867576672198621,0.3143057838031508,-0.042833176525291033,-0.04118136174443674,-0.24935681713309152,0.7976011200029824,0.5222042605548476,0.593471822966632,0.1283599196230288,0.38599117377874587,0.035556752965177275,0.9164342311314324,0.3236277248714517,0.12821187306320075
0.6460063706054341,1.0,0.5111678267550747,0.6263838132425346,0.43291356668934505,0.6503641687434801,0.05603050193175346,0.20067515394521565,-0.2249645106358917,-0.027964415610655415,0.44053676167467665,0.7766293205667013,0.30180352878359346,0.4804465455522572,0.14441501732474887,0.16230224049638348,0.6943607308777257,0.47822770550759325,-0.09179467738523996
0.8918933142024134,0.5111678267550747,1.0,0.42896845772461534,0.8443776492766958,0.3858545701484833,0.43531919184106255,0.03930489963556642,0.03425976197000856,-0.18508368946003867,0.7606361962724478,0.43054601533165066,0.6429350399558924,0.0421882621627458,0.41205983402340646,-0.05361412218712101,0.8450625802892394,0.4181207654694309,0.21385965655621647
0.5109431618970587,0.6263838132425346,0.42896845772461534,1.0,0.41692001965832065,0.7980602456700776,0.11622240716416463,0.14342046954228813,-0.11212472307814832,-0.03699395749832161,0.40710506915164185,0.797897546001903,0.2925158621639965,0.5805356525872981,0.13995285571543473,0.5201701106087568,0.586947674939057,0.5560065301490053,0.10508862081485357
0.7804784843338151,0.43291356668934505,0.8443776492766958,0.41692001965832065,1.0,0.4806867148382472,0.63447949462506,0.20204335985719554,0.1480385105208233,-0.10376740192155827,0.7781320374627624,0.3893681998736873,0.7660338264337104,0.0847586539785041,0.5529263963075374,0.03870010007922145,0.7977556322254243,0.5915660291389018,0.3540443773819359
0.3867576672198621,0.6503641687434801,0.3858545701484833,0.7980602456700776,0.4806867148382472,1.0,0.28448181141359796,0.49602399934995056,-0.10430301271874884,0.11692900794805684,0.38623424133145523,0.7510784075877459,0.41890846334888643,0.7172510486296955,0.25731029667651295,0.48674682625383686,0.4230513253769352,0.8611706826379858,0.18351904526635088
0.3143057838031508,0.05603050193175346,0.43531919184106255,0.11622240716416463,0.63447949462506,0.28448181141359796,1.0,0.5579047585227378,0.6798456847120089,0.33085900497309134,0.4254980124011029,0.11477140258774657,0.7057954622418771,0.0865962108156114,0.6447549372446927,0.08181982172423417,0.3114715934020956,0.44286516976496815,0.731063462010726
-0.042833176525291033,0.20067515394521565,0.03930489963556642,0.14342046954228813,0.20204335985719554,0.49602399934995056,0.5579047585227378,1.0,0.39545357570363654,0.6092812739893184,0.04937721937968112,0.16595379946721087,0.32909051515211585,0.35784040655827903,0.3982212164836576,0.3129290213063741,-0.09718608291084613,0.5683441304809904,0.23514897506504445
-0.04118136174443674,-0.2249645106358917,0.03425976197000856,-0.11212472307814832,0.1480385105208233,-0.10430301271874884,0.6798456847120089,0.39545357570363654,1.0,0.580273072489877,0.07386443762024472,-0.16419227115195764,0.30250619304157067,-0.14108378820214412,0.30847326963465455,-0.030254563296067016,-0.09652856494348497,0.00566322176454173,0.5661173625882456
-0.24935681713309152,-0.027964415610655415,-0.18508368946003867,-0.03699395749832161,-0.10376740192155827,0.11692900794805684,0.33085900497309134,0.6092812739893184,0.580273072489877,1.0,-0.13929855478672962,-0.07360682378919758,0.06146469246836485,0.10938897912268034,0.0902466710438566,0.13167659964320302,-0.3233192144452292,0.1945057483529716,0.3211683968045711
0.7976011200029824,0.44053676167467665,0.7606361962724478,0.40710506915164185,0.7781320374627624,0.38623424133145523,0.4254980124011029,0.04937721937968112,0.07386443762024472,-0.13929855478672962,1.0,0.41333509867662366,0.8116756539820095,0.13778393391610164,0.5439159303314753,0.02545668619622232,0.7409855277614021,0.4002534792407659,0.2508323242733922
0.5222042605548476,0.7766293205667013,0.43054601533165066,0.797897546001903,0.3893681998736873,0.7510784075877459,0.11477140258774657,0.16595379946721087,-0.16419227115195764,-0.07360682378919758,0.41333509867662366,1.0,0.3175223027435192,0.6780587891183948,0.15473573680060584,0.37379819301455575,0.627308269214942,0.5211147213711969,0.09596453428099329
0.593471822966632,0.30180352878359346,0.6429350399558924,0.2925158621639965,0.7660338264337104,0.41890846334888643,0.7057954622418771,0.32909051515211585,0.30250619304157067,0.06146469246836485,0.8116756539820095,0.3175223027435192,1.0,0.20101964942239042,0.7697041518941539,0.08136015861836998,0.5543093346646355,0.5135435503893588,0.4695122508279476
0.1283599196230288,0.4804465455522572,0.0421882621627458,0.5805356525872981,0.0847586539785041,0.7172510486296955,0.0865962108156114,0.35784040655827903,-0.14108378820214412,0.10938897912268034,0.13778393391610164,0.6780587891183948,0.20101964942239042,1.0,0.09884575457623312,0.6649924501105826,0.0685868964673501,0.5126201742098464,0.13608205923502878
0.38599117377874587,0.14441501732474887,0.41205983402340646,0.13995285571543473,0.5529263963075374,0.25731029667651295,0.6447549372446927,0.3982212164836576,0.30847326963465455,0.0902466710438566,0.5439159303314753,0.15473573680060584,0.7697041518941539,0.09884575457623312,1.0,0.1620608362420716,0.35601179101571173,0.3353801865480176,0.33250046542359857
0.035556752965177275,0.16230224049638348,-0.05361412218712101,0.5201701106087568,0.03870010007922145,0.48674682625383686,0.08181982172423417,0.3129290213063741,-0.030254563296067016,0.13167659964320302,0.02545668619622232,0.37379819301455575,0.08136015861836998,0.6649924501105826,0.1620608362420716,1.0,0.0029412113178183407,0.3094207200339114,0.1664240906260759
0.9164342311314324,0.6943607308777257,0.8450625802892394,0.586947674939057,0.7977556322254243,0.4230513253769352,0.3114715934020956,-0.09718608291084613,-0.09652856494348497,-0.3233192144452292,0.7409855277614021,0.627308269214942,0.5543093346646355,0.0685868964673501,0.35601179101571173,0.0029412113178183407,1.0,0.36891950303196136,0.10717255880403066
0.3236277248714517,0.47822770550759325,0.4181207654694309,0.5560065301490053,0.5915660291389018,0.8611706826379858,0.44286516976496815,0.5683441304809904,0.00566322176454173,0.1945057483529716,0.4002534792407659,0.5211147213711969,0.5135435503893588,0.5126201742098464,0.3353801865480176,0.3094207200339114,0.36891950303196136,1.0,0.3022094171305311
0.12821187306320075,-0.09179467738523996,0.21385965655621647,0.10508862081485357,0.3540443773819359,0.18351904526635088,0.731063462010726,0.23514897506504445,0.5661173625882456,0.3211683968045711,0.2508323242733922,0.09596453428099329,0.4695122508279476,0.13608205923502878,0.33250046542359857,0.1664240906260759,0.10717255880403066,0.3022094171305311,1.0
