0,1,2,3,4,5,6,7,8,9,10,11,12,13,14,15,16,17,18
1.0,0.7399647000246911,0.912402218496832,0.5626908139179033,0.7892305521533934,0.4412678053407311,0.3666281748718187,0.2086799504427597,0.06252715951839886,-0.03493973551664533,0.7285151048108269,0.6131892288553045,0.5765369063727386,0.275472440087043,0.41839745002276896,0.22973361751427018,0.9204514892778466,0.37438447467683744,0.22472163281970675
0.7399647000246911,1.0,0.5839854100569888,0.8516298813538133,0.49087744956326784,0.7530738648307769,0.16784329522219862,0.46768550895622074,-0.07708000953680656,0.18443719272333337,0.5397149499159956,0.8776456295657384,0.37864948042884455,0.6095278705555516,0.22215235702609643,0.47895582491413125,0.7624910877584377,0.5975217569885821,0.05741659450679009
0.912402218496832,0.5839854100569888,1.0,0.4652083305996869,0.9106688384585744,0.4195250041268293,0.5149448882283115,0.23194471420234106,0.1055508525183258,-0.06633778544189714,0.7315154962593405,0.48736396862313963,0.68833520761663,0.18109814369697613,0.5514109917201246,0.1215817023488654,0.871756069019723,0.454466955785154,0.324580271357883
0.5626908139179033,0.8516298813538133,0.4652083305996869,1.0,0.40422046797502353,0.8718491778008827,0.08349480448199287,0.4925287630427417,-0.16543084373615388,0.129268978061473,0.4243805053579822,0.8786402700376779,0.3125069626111413,0.6680033297116614,0.19858899688733586,0.6056873999739172,0.6230996903698294,0.6766645206358288,-0.060547438318274395
0.7892305521533934,0.49087744956326784,0.9106688384585744,0.40422046797502353,1.0,0.4483957362561964,0.6689482084620855,0.3389005000223754,0.20267431898763,0.012643819272362966,0.7091225823153428,0.40804556725144087,0.808915821100755,0.19112448718029407,0.6586436875898655,0.15248374094082368,0.7872982602498069,0.5486761638550286,0.4510215146117535
0.4412678053407311,0.7530738648307769,0.4195250041268293,0.8718491778008827,0.4483957362561964,1.0,0.28693586029280777,0.739554956127406,-0.07578942563481855,0.28612836130747393,0.41996469321873925,0.7946717877426464,0.4475963336403898,0.7692827721134025,0.33963561527390124,0.5977152691882873,0.44350966531849695,0.87607655302675,0.1518921194219445
0.3666281748718187,0.16784329522219862,0.5149448882283115,0.08349480448199287,0.6689482084620855,0.28693586029280777,1.0,0.5977598437062659,0.6614855731242499,0.37322793255028514,0.4508577465911399,0.14767920655645708,0.7364903870632725,0.18920889395160562,0.7352919153074684,0.07931742536289849,0.335125680116272,0.47586230005694596,0.8765153315415243
0.2086799504427597,0.46768550895622074,0.23194471420234106,0.4925287630427417,0.3389005000223754,0.739554956127406,0.5977598437062659,1.0,0.3627279153726098,0.663168894867258,0.300899668558094,0.484301616059737,0.44139228957210963,0.6108680255435456,0.4027629697156215,0.42565550421278914,0.12839549495408675,0.7714155037022681,0.5916521439322363
0.06252715951839886,-0.07708000953680656,0.1055508525183258,-0.16543084373615388,0.20267431898763,-0.07578942563481855,0.6614855731242499,0.3627279153726098,1.0,0.5906337353439414,0.12364925648067596,-0.12030832832782967,0.30554786537666945,-0.06652284781577353,0.3243138077370326,-0.05960933180498036,-0.03391802045427764,0.03987713182605062,0.6504452400380836
-0.03493973551664533,0.18443719272333337,-0.06633778544189714,0.129268978061473,0.012643819272362966,0.28612836130747393,0.37322793255028514,0.663168894867258,0.5906337353439414,1.0,0.05573858129597289,0.1612238603356773,0.12259862821771476,0.3065615483674922,0.11541705385428098,0.1880374083922989,-0.1623791104465062,0.29634500627446225,0.45048930838555257
0.7285151048108269,0.5397149499159956,0.7315154962593405,0.4243805053579822,0.7091225823153428,0.41996469321873925,0.4508577465911399,0.300899668558094,0.12364925648067596,0.05573858129597289,1.0,0.47250548731252406,0.6678213156279293,0.284926914440992,0.536341075248705,0.19031612472061515,0.6872095172072025,0.41941693656555684,0.3107463217049001
0.6131892288553045,0.8776456295657384,0.48736396862313963,0.8786402700376779,0.40804556725144087,0.7946717877426464,0.14767920655645708,0.484301616059737,-0.12030832832782967,0.1612238603356773,0.47250548731252406,1.0,0.33931916688291486,0.7310326501612133,0.24049897228282857,0.533755374594431,0.6597758123228665,0.6030552232335874,0.07124336384500438
0.5765369063727386,0.37864948042884455,0.68833520761663,0.3125069626111413,0.808915821100755,0.4475963336403898,0.7364903870632725,0.44139228957210963,0.30554786537666945,0.12259862821771476,0.6678213156279293,0.33931916688291486,1.0,0.3378705576331483,0.8858526487155121,0.22778638206472715,0.5498734178256587,0.5698739992844782,0.5278135749738773
0.275472440087043,0.6095278705555516,0.18109814369697613,0.6680033297116614,0.19112448718029407,0.7692827721134025,0.18920889395160562,0.6108680255435456,-0.06652284781577353,0.3065615483674922,0.284926914440992,0.7310326501612133,0.3378705576331483,1.0,0.2949034432141937,0.7096940841742801,0.183006608807927,0.6375735931696911,0.11046652094350026
0.41839745002276896,0.22215235702609643,0.5514109917201246,0.19858899688733586,0.6586436875898655,0.33963561527390124,0.7352919153074684,0.4027629697156215,0.3243138077370326,0.11541705385428098,0.536341075248705,0.24049897228282857,0.8858526487155121,0.2949034432141937,1.0,0.24982783740893136,0.3988716056093447,0.46359748046323473,0.5645581945899113
0.22973361751427018,0.47895582491413125,0.1215817023488654,0.6056873999739172,0.15248374094082368,0.5977152691882873,0.07931742536289849,0.42565550421278914,-0.05960933180498036,0.1880374083922989,0.19031612472061515,0.533755374594431,0.22778638206472715,0.7096940841742801,0.24982783740893136,1.0,0.21170004039430526,0.4565969638748114,0.01620274655609268
0.9204514892778466,0.7624910877584377,0.871756069019723,0.6230996903698294,0.7872982602498069,0.44350966531849695,0.335125680116272,0.12839549495408675,-0.03391802045427764,-0.1623791104465062,0.6872095172072025,0.6597758123228665,0.5498734178256587,0.183006608807927,0.3988716056093447,0.21170004039430526,1.0,0.3981160437996213,0.1489563629246974
0.37438447467683744,0.5975217569885821,0.454466955785154,0.6766645206358288,0.5486761638550286,0.87607655302675,0.47586230005694596,0.7714155037022681,0.03987713182605062,0.29634500627446225,0.41941693656555684,0.6030552232335874,0.5698739992844782,0.6375735931696911,0.46359748046323473,0.4565969638748114,0.3981160437996213,1.0,0.33341260423129254
0.22472163281970675,0.05741659450679009,0.324580271357883,-0.060547438318274395,0.4510215146117535,0.1518921194219445,0.8765153315415243,0.5916521439322363,0.6504452400380836,0.45048930838555257,0.3107463217049001,0.07124336384500438,0.5278135749738773,0.11046652094350026,0.5645581945899113,0.01620274655609268,0.1489563629246974,0.33341260423129254,1.0
