0,1,2,3,4,5,6,7,8,9,10,11,12,13,14,15,16,17,18
1.0,0.680534154972486,0.8845795675349394,0.49894417620733283,0.6839310891888218,0.3770174019403696,0.29777679173109606,0.06995929337360392,0.027829711335921038,-0.08162186187609491,0.7542490511013971,0.5199928174111567,0.48954851472010374,0.14148683484762326,0.3788246572137209,0.027931228023816097,0.8706864211726194,0.26926590641667203,0.1546269709645573
0.680534154972486,1.0,0.5634869044452459,0.6682898423369483,0.47459656819087537,0.608166985282277,0.16311712368535816,0.2969082977850868,-0.06158727068397848,0.12010019436549907,0.41585681685516446,0.7901382679093704,0.3158159375424911,0.4807433669949944,0.30140144928127477,0.3016910620274634,0.7109859236363908,0.42379644308714887,0.0712755513407044
0.8845795675349394,0.5634869044452459,1.0,0.5315293632823838,0.8530840700238785,0.4800266388357744,0.4491710490330356,0.14615875022040076,0.07173188013240525,-0.0834324208000571,0.7712751920094956,0.48346287735398974,0.6254242114831501,0.12374187591813324,0.4286879551261174,-0.08230175083229979,0.8526218195355876,0.45879060398171495,0.23656078126191743
0.49894417620733283,0.6682898423369483,0.5315293632823838,1.0,0.4469882772980618,0.7946801244266095,0.16616689724347133,0.28037443628931125,-0.048160771050186874,0.053221046934911614,0.40014666039999297,0.7981464680754659,0.32828341997888855,0.47808010765788567,0.18103331220314509,0.32923263835989863,0.6075330478158304,0.6129399152099652,0.08003456403636182
0.6839310891888218,0.47459656819087537,0.8530840700238785,0.4469882772980618,1.0,0.5792855036203286,0.6880489344739092,0.36424661514586976,0.22368451841400397,0.07222311571366882,0.7234977913300629,0.45951341928051576,0.7767628797977796,0.23793113366428628,0.5735237485290181,0.009225677897371595,0.7286165107650457,0.6473345415657504,0.5056765818888449
0.3770174019403696,0.608166985282277,0.4800266388357744,0.7946801244266095,0.5792855036203286,1.0,0.4276934230690942,0.6443658302671922,0.09019189698493751,0.2673368397156612,0.430210887396962,0.7225655855446679,0.5388196740976822,0.6688717297811066,0.40363563112924145,0.3847568345227589,0.40235922054402934,0.8770088489964533,0.33929898322737073
0.29777679173109606,0.16311712368535816,0.4491710490330356,0.16616689724347133,0.6880489344739092,0.4276934230690942,1.0,0.6913366598612047,0.6808956635235283,0.41625669512768937,0.4539495881476617,0.20518851905062738,0.7502411384965839,0.3594045975880377,0.6358232083496669,0.1874043960762352,0.2646159933034427,0.518168230391823,0.8826119281459843
0.06995929337360392,0.2969082977850868,0.14615875022040076,0.28037443628931125,0.36424661514586976,0.6443658302671922,0.6913366598612047,1.0,0.5111663076987693,0.6921407655634548,0.20002592778835845,0.3071214719932921,0.5133739267168497,0.5991643406523405,0.4957548610756414,0.4559401068114521,-0.05711256553959451,0.6415859400921022,0.6844721252468928
0.027829711335921038,-0.06158727068397848,0.07173188013240525,-0.048160771050186874,0.22368451841400397,0.09019189698493751,0.6808956635235283,0.5111663076987693,1.0,0.6751814111573579,0.13192763996186152,-0.056727043114574036,0.36057569385182436,0.12622972176035802,0.2725067078438727,0.10316498819651528,-0.11462402225845672,0.1285601983674014,0.6737882778270282
-0.08162186187609491,0.12010019436549907,-0.0834324208000571,0.053221046934911614,0.07222311571366882,0.2673368397156612,0.41625669512768937,0.6921407655634548,0.6751814111573579,1.0,0.0054307216142870166,0.056212384512323715,0.21269538432129553,0.3097394830556108,0.19966109559333078,0.25251357359798254,-0.2675572322712934,0.262294285696261,0.49116478519150325
0.7542490511013971,0.41585681685516446,0.7712751920094956,0.40014666039999297,0.7234977913300629,0.430210887396962,0.4539495881476617,0.20002592778835845,0.13192763996186152,0.0054307216142870166,1.0,0.40457553319289435,0.778350188982329,0.18587750600468095,0.6103055247909303,0.00149252595488942,0.667702181448901,0.3978874158815675,0.2878531222930071
0.5199928174111567,0.7901382679093704,0.48346287735398974,0.7981464680754659,0.45951341928051576,0.7225655855446679,0.20518851905062738,0.3071214719932921,-0.056727043114574036,0.056212384512323715,0.40457553319289435,1.0,0.3400558231605394,0.6282280368401914,0.25923746884260956,0.39421004613697647,0.652748103613013,0.5247173590801646,0.15144048408612942
0.48954851472010374,0.3158159375424911,0.6254242114831501,0.32828341997888855,0.7767628797977796,0.5388196740976822,0.7502411384965839,0.5133739267168497,0.36057569385182436,0.21269538432129553,0.778350188982329,0.3400558231605394,1.0,0.3750178948127563,0.8173864763862788,0.14098135658945368,0.45165784841486556,0.5790852898062155,0.5742995796526011
0.14148683484762326,0.4807433669949944,0.12374187591813324,0.47808010765788567,0.23793113366428628,0.6688717297811066,0.3594045975880377,0.5991643406523405,0.12622972176035802,0.3097394830556108,0.18587750600468095,0.6282280368401914,0.3750178948127563,1.0,0.3403691639620167,0.6887164029591046,0.060947862617464266,0.5300172401987702,0.35147183401438864
0.3788246572137209,0.30140144928127477,0.4286879551261174,0.18103331220314509,0.5735237485290181,0.40363563112924145,0.6358232083496669,0.4957548610756414,0.2725067078438727,0.19966109559333078,0.6103055247909303,0.25923746884260956,0.8173864763862788,0.3403691639620167,1.0,0.28197749419141094,0.33003173891919424,0.3965019197381193,0.4517362047450489
0.027931228023816097,0.3016910620274634,-0.08230175083229979,0.32923263835989863,0.009225677897371595,0.3847568345227589,0.1874043960762352,0.4559401068114521,0.10316498819651528,0.25251357359798254,0.00149252595488942,0.39421004613697647,0.14098135658945368,0.6887164029591046,0.28197749419141094,1.0,-0.02728597634582346,0.21658763034479273,0.2310057185024688
0.8706864211726194,0.7109859236363908,0.8526218195355876,0.6075330478158304,0.7286165107650457,0.40235922054402934,0.2646159933034427,-0.05711256553959451,-0.11462402225845672,-0.2675572322712934,0.667702181448901,0.652748103613013,0.45165784841486556,0.060947862617464266,0.33003173891919424,-0.02728597634582346,1.0,0.3341199012101627,0.08009408341149604
0.26926590641667203,0.42379644308714887,0.45879060398171495,0.6129399152099652,0.6473345415657504,0.8770088489964533,0.518168230391823,0.6415859400921022,0.1285601983674014,0.262294285696261,0.3978874158815675,0.5247173590801646,0.5790852898062155,0.5300172401987702,0.3965019197381193,0.21658763034479273,0.3341199012101627,1.0,0.44407472942012616
0.1546269709645573,0.0712755513407044,0.23656078126191743,0.08003456403636182,0.5056765818888449,0.33929898322737073,0.8826119281459843,0.6844721252468928,0.6737882778270282,0.49116478519150325,0.2878531222930071,0.15144048408612942,0.5742995796526011,0.35147183401438864,0.4517362047450489,0.2310057185024688,0.08009408341149604,0.44407472942012616,1.0
