0,1,2,3,4,5,6,7,8,9,10,11,12,13,14,15,16,17,18
1.0,0.6895164685933487,0.9063528616675954,0.4622845542555846,0.7531689246648156,0.39019847253644374,0.3863122371774706,0.13382741699033593,0.1145149489996531,-0.08662768635969442,0.7954722672707932,0.5604502003908204,0.5836138258066979,0.23476997944223346,0.5384620481295969,0.11841572615619868,0.8709849744370196,0.27325354888428227,0.17973899822010073
0.6895164685933487,1.0,0.5668896803824024,0.6556631110503588,0.45427702239564105,0.614010917679523,0.17999287745071166,0.26932357257311046,-0.10204943039312983,0.05296713665065897,0.48370214985438287,0.7852114393326459,0.4093700917662762,0.5022387370675523,0.36193136355348365,0.2518524511944851,0.7221302788034067,0.4446212132982802,0.027342198541865977
0.9063528616675954,0.5668896803824024,1.0,0.44171787259851875,0.8767588910566029,0.4483726036364005,0.5433898291174645,0.2327683839929395,0.19993818046710726,-0.032156219538240806,0.7902036644509283,0.5171876644804401,0.6909617930936088,0.22621363518321294,0.6343348339014113,0.09492429170688449,0.8181908901360689,0.40806360597625785,0.29924357036578264
0.4622845542555846,0.6556631110503588,0.44171787259851875,1.0,0.44840820991996305,0.8045699764612249,0.2015946793997309,0.411616632615399,-0.1729450277696858,0.06893708426287991,0.374051385186953,0.7920036443110913,0.3812878742346137,0.5757456157570987,0.29196874656964555,0.5764840456340574,0.5610775168663874,0.6197547814133808,0.020912105305460185
0.7531689246648156,0.45427702239564105,0.8767588910566029,0.44840820991996305,1.0,0.5624459824872569,0.7054456892735408,0.4037030421883029,0.2920380524769306,0.07014743356680052,0.7517362774752824,0.4814648828533098,0.7908975541840431,0.3322519383692201,0.6767956757888978,0.21990884597274996,0.6947277704636057,0.5755502600543946,0.4427966963712167
0.39019847253644374,0.614010917679523,0.4483726036364005,0.8045699764612249,0.5624459824872569,1.0,0.4688929397876012,0.7168441471930981,-0.023435247854780572,0.2798259293200725,0.4003844401645456,0.7158226607402531,0.5657479732794422,0.7556125434571985,0.46374093013313306,0.5961125567700946,0.35896032043334003,0.8922882782019395,0.33628682716279645
0.3863122371774706,0.17999287745071166,0.5433898291174645,0.2015946793997309,0.7054456892735408,0.4688929397876012,1.0,0.7021001407832432,0.6573792923248598,0.4008267880728764,0.5117038934612052,0.24348535960084589,0.7594750714732029,0.3966237025362396,0.6862573328057606,0.17294831880041295,0.2559043910850479,0.5740940469119779,0.8487822212806058
0.13382741699033593,0.26932357257311046,0.2327683839929395,0.411616632615399,0.4037030421883029,0.7168441471930981,0.7021001407832432,1.0,0.3869430784800005,0.6836109740417247,0.27530835372410295,0.34862453614870276,0.5360727375645067,0.6682130947136851,0.43595330846223335,0.47992990403307223,-0.06862150153956209,0.7829910970722551,0.7362658969884088
0.1145149489996531,-0.10204943039312983,0.19993818046710726,-0.1729450277696858,0.2920380524769306,-0.023435247854780572,0.6573792923248598,0.3869430784800005,1.0,0.553527596237587,0.2552680414978057,-0.09021920534170566,0.38056145369179967,0.035238660554618176,0.31378620155841563,-0.11062956414949103,-0.06679233733046752,0.09062804854815444,0.6130416272419624
-0.08662768635969442,0.05296713665065897,-0.032156219538240806,0.06893708426287991,0.07014743356680052,0.2798259293200725,0.4008267880728764,0.6836109740417247,0.553527596237587,1.0,0.0818663218788962,0.06347749624415722,0.2097934496679497,0.3345404820562454,0.11751886631617507,0.23445499357977712,-0.29492506747936204,0.3911386015246989,0.5013871180820587
0.7954722672707932,0.48370214985438287,0.7902036644509283,0.374051385186953,0.7517362774752824,0.4003844401645456,0.5117038934612052,0.27530835372410295,0.2552680414978057,0.0818663218788962,1.0,0.48531953094202473,0.7792365929947614,0.29129397794766904,0.6777265702695694,0.1377730514059658,0.6612112929173494,0.3320380988612095,0.33894438887718065
0.5604502003908204,0.7852114393326459,0.5171876644804401,0.7920036443110913,0.4814648828533098,0.7158226607402531,0.24348535960084589,0.34862453614870276,-0.09021920534170566,0.06347749624415722,0.48531953094202473,1.0,0.439149790463063,0.6664645185389643,0.36286443144683855,0.4455273545202569,0.6521808041301446,0.5214897195815632,0.10297925879437934
0.5836138258066979,0.4093700917662762,0.6909617930936088,0.3812878742346137,0.7908975541840431,0.5657479732794422,0.7594750714732029,0.5360727375645067,0.38056145369179967,0.2097934496679497,0.7792365929947614,0.439149790463063,1.0,0.4687141333650849,0.8676837197281324,0.25142383256902445,0.4773051901353953,0.5637628392468291,0.5453475702827775
0.23476997944223346,0.5022387370675523,0.22621363518321294,0.5757456157570987,0.3322519383692201,0.7556125434571985,0.3966237025362396,0.6682130947136851,0.035238660554618176,0.3345404820562454,0.29129397794766904,0.6664645185389643,0.4687141333650849,1.0,0.33279040961315837,0.705692978972889,0.09487681673042113,0.6587314253621096,0.3065204176460698
0.5384620481295969,0.36193136355348365,0.6343348339014113,0.29196874656964555,0.6767956757888978,0.46374093013313306,0.6862573328057606,0.43595330846223335,0.31378620155841563,0.11751886631617507,0.6777265702695694,0.36286443144683855,0.8676837197281324,0.33279040961315837,1.0,0.169074921523263,0.4522321131416035,0.43496504425902593,0.5039010397205792
0.11841572615619868,0.2518524511944851,0.09492429170688449,0.5764840456340574,0.21990884597274996,0.5961125567700946,0.17294831880041295,0.47992990403307223,-0.11062956414949103,0.23445499357977712,0.1377730514059658,0.4455273545202569,0.25142383256902445,0.705692978972889,0.169074921523263,1.0,0.05734229749522516,0.49308816963829205,0.11720232129656469
0.8709849744370196,0.7221302788034067,0.8181908901360689,0.5610775168663874,0.6947277704636057,0.35896032043334003,0.2559043910850479,-0.06862150153956209,-0.06679233733046752,-0.29492506747936204,0.6612112929173494,0.6521808041301446,0.4773051901353953,0.09487681673042113,0.4522321131416035,0.05734229749522516,1.0,0.2315132216840323,-0.01930396646050916
0.27325354888428227,0.4446212132982802,0.40806360597625785,0.6197547814133808,0.5755502600543946,0.8922882782019395,0.5740940469119779,0.7829910970722551,0.09062804854815444,0.3911386015246989,0.3320380988612095,0.5214897195815632,0.5637628392468291,0.6587314253621096,0.43496504425902593,0.49308816963829205,0.2315132216840323,1.0,0.48352393281848954
0.17973899822010073,0.027342198541865977,0.29924357036578264,0.020912105305460185,0.4427966963712167,0.33628682716279645,0.8487822212806058,0.7362658969884088,0.6130416272419624,0.5013871180820587,0.33894438887718065,0.10297925879437934,0.5453475702827775,0.3065204176460698,0.5039010397205792,0.11720232129656469,-0.01930396646050916,0.48352393281848954,1.0
