0,1,2,3,4,5,6,7,8,9,10,11,12,13,14,15,16,17,18
1.0,0.741422174065206,0.9300296225208519,0.5965554457531319,0.7059914655324733,0.48472590889042805,0.33061945963048955,0.10988503074939357,0.05124678803038633,-0.1272731499660799,0.8304870862037772,0.6489757458634049,0.5814017776109235,0.25932107333130644,0.4106324779517806,0.11618831646988916,0.9169241960650035,0.3591701028072409,0.1744535502595253
0.741422174065206,1.0,0.6747565891085197,0.6511985980911618,0.507121105911223,0.664670324167069,0.19563707364039942,0.3346836501480819,-0.05380393503264749,0.03833855937149415,0.5713810304720593,0.8402743159869978,0.4093117730877303,0.5008762031723584,0.21243512763143652,0.2668710017023662,0.7648859192161924,0.5078379263030496,0.02802302664255508
0.9300296225208519,0.6747565891085197,1.0,0.5883184160581864,0.8327918445246753,0.5502139618134283,0.46844615301417497,0.1957769962226948,0.1397095386299323,-0.0451293560792781,0.8300064777562838,0.6102817333770393,0.6928888193843735,0.25780184701477254,0.4522493577186389,0.09941555437060222,0.8871516065581415,0.4873077700271856,0.2747064236241183
0.5965554457531319,0.6511985980911618,0.5883184160581864,1.0,0.45562873125264697,0.8381043721434491,0.19950198956288118,0.38948891070264247,0.03371478041889742,0.19399950938246172,0.5656124075180834,0.8138632858520546,0.39864224266166864,0.6016047395406366,0.25428618217525,0.4797712200759559,0.5646248289384029,0.6712980285170794,0.1702897652677517
0.7059914655324733,0.507121105911223,0.8327918445246753,0.45562873125264697,1.0,0.5548398540886366,0.60787953187665,0.31693010737910077,0.27851174676174184,0.09196161661978083,0.7116358129642595,0.4662068818195194,0.7384160284596991,0.2710657216680774,0.4983982066663224,0.15419622645825773,0.7048755776880756,0.5686586647251551,0.423682490753161
0.48472590889042805,0.664670324167069,0.5502139618134283,0.8381043721434491,0.5548398540886366,1.0,0.42595441345428153,0.6766955195531009,0.1368180765230538,0.35037525008889714,0.514346324035371,0.751627949121795,0.5468066102528869,0.7187402536910215,0.349812594978198,0.5059429639952535,0.4328778440642557,0.9094780959303929,0.2973833977231002
0.33061945963048955,0.19563707364039942,0.46844615301417497,0.19950198956288118,0.60787953187665,0.42595441345428153,1.0,0.6280941322820814,0.7260183836847403,0.4416296095514262,0.43447144163771634,0.21859902732383144,0.7714598946571357,0.33360076971646757,0.6067598445493826,0.1833376574372305,0.279702318895087,0.5292472160076125,0.8091848593571883
0.10988503074939357,0.3346836501480819,0.1957769962226948,0.38948891070264247,0.31693010737910077,0.6766955195531009,0.6280941322820814,1.0,0.4705701710778004,0.6890367653957656,0.2532552969695857,0.3729458819837259,0.48965675349201543,0.639166427449852,0.3499711533054579,0.4608814159524259,-0.028538757367665563,0.7264783430369999,0.4259075781085922
0.05124678803038633,-0.05380393503264749,0.1397095386299323,0.03371478041889742,0.27851174676174184,0.1368180765230538,0.7260183836847403,0.4705701710778004,1.0,0.634968042108751,0.18682992658044506,0.004938463124686758,0.46260196709837936,0.1667208079820474,0.3396138185224076,0.12790432510353106,-0.04968072864226593,0.22158789157104553,0.6389269125126655
-0.1272731499660799,0.03833855937149415,-0.0451293560792781,0.19399950938246172,0.09196161661978083,0.35037525008889714,0.4416296095514262,0.6890367653957656,0.634968042108751,1.0,0.043523551805535285,0.10035230157716628,0.24240035293245363,0.40406086403645314,0.12306970269204964,0.28685624582831387,-0.27857063142717414,0.42663768133364516,0.4323234674472171
0.8304870862037772,0.5713810304720593,0.8300064777562838,0.5656124075180834,0.7116358129642595,0.514346324035371,0.43447144163771634,0.2532552969695857,0.18682992658044506,0.043523551805535285,1.0,0.5494861026782283,0.7609426060579174,0.3325737029772361,0.5471085968402976,0.20823196580100534,0.7305300327693516,0.4610783910977105,0.2707448001574569
0.6489757458634049,0.8402743159869978,0.6102817333770393,0.8138632858520546,0.4662068818195194,0.751627949121795,0.21859902732383144,0.3729458819837259,0.004938463124686758,0.10035230157716628,0.5494861026782283,1.0,0.40662133202487305,0.6875782820936116,0.25216452400631173,0.46311258053110155,0.6749729773645974,0.5533876528952195,0.1109663103715874
0.5814017776109235,0.4093117730877303,0.6928888193843735,0.39864224266166864,0.7384160284596991,0.5468066102528869,0.7714598946571357,0.48965675349201543,0.46260196709837936,0.24240035293245363,0.7609426060579174,0.40662133202487305,1.0,0.39777940669022,0.7180201276052339,0.2359568235042935,0.5192611542751782,0.6024411318333524,0.552039533117751
0.25932107333130644,0.5008762031723584,0.25780184701477254,0.6016047395406366,0.2710657216680774,0.7187402536910215,0.33360076971646757,0.639166427449852,0.1667208079820474,0.40406086403645314,0.3325737029772361,0.6875782820936116,0.39777940669022,1.0,0.23083186573965842,0.8125401483291605,0.11414215011593126,0.598586314970978,0.22574116386830728
0.4106324779517806,0.21243512763143652,0.4522493577186389,0.25428618217525,0.4983982066663224,0.349812594978198,0.6067598445493826,0.3499711533054579,0.3396138185224076,0.12306970269204964,0.5471085968402976,0.25216452400631173,0.7180201276052339,0.23083186573965842,1.0,0.18281729688820614,0.34874698199979043,0.35969244495304287,0.4323931644559444
0.11618831646988916,0.2668710017023662,0.09941555437060222,0.4797712200759559,0.15419622645825773,0.5059429639952535,0.1833376574372305,0.4608814159524259,0.12790432510353106,0.28685624582831387,0.20823196580100534,0.46311258053110155,0.2359568235042935,0.8125401483291605,0.18281729688820614,1.0,-0.012827949674915084,0.39736991789454457,0.19043678539980238
0.9169241960650035,0.7648859192161924,0.8871516065581415,0.5646248289384029,0.7048755776880756,0.4328778440642557,0.279702318895087,-0.028538757367665563,-0.04968072864226593,-0.27857063142717414,0.7305300327693516,0.6749729773645974,0.5192611542751782,0.11414215011593126,0.34874698199979043,-0.012827949674915084,1.0,0.32434171186087324,0.12461645339382363
0.3591701028072409,0.5078379263030496,0.4873077700271856,0.6712980285170794,0.5686586647251551,0.9094780959303929,0.5292472160076125,0.7264783430369999,0.22158789157104553,0.42663768133364516,0.4610783910977105,0.5533876528952195,0.6024411318333524,0.598586314970978,0.35969244495304287,0.39736991789454457,0.32434171186087324,1.0,0.40484804706757427
0.1744535502595253,0.02802302664255508,0.2747064236241183,0.1702897652677517,0.423682490753161,0.2973833977231002,0.8091848593571883,0.4259075781085922,0.6389269125126655,0.4323234674472171,0.2707448001574569,0.1109663103715874,0.552039533117751,0.22574116386830728,0.4323931644559444,0.19043678539980238,0.12461645339382363,0.40484804706757427,1.0
