0,1,2,3,4,5,6,7,8,9,10,11,12,13,14,15,16,17,18
1.0,0.818695796725472,0.8937792991393524,0.49729073486120623,0.46630984060585495,0.2570530346797334,0.4891911843911305,0.3443742348314737,0.2112773137011541,0.12076420061513929,0.777902725405482,0.4950881666898714,0.4793455629003212,0.2956498680269399,0.305320647295201,0.2226912787474709,0.7465549081960302,0.4285608074277932,0.41418779963888835
0.818695796725472,1.0,0.8020186159264985,0.6314270501100082,0.4340120263108838,0.42729261949829395,0.4543352404728473,0.4559743497697942,0.21768285393089845,0.19438958791007424,0.6394426591823058,0.5120158807298428,0.4374519087013973,0.38336295434240697,0.2502876227732944,0.3140089897529132,0.6960015584965262,0.534411540893701,0.3553582131800534
0.8937792991393524,0.8020186159264985,1.0,0.6612239165084036,0.6259681200229555,0.3392832948869928,0.6058594027766048,0.42476584334088235,0.2574954472046695,0.11434439193069966,0.6551533192626199,0.526672721722055,0.6176559180768496,0.41890502443489913,0.2580688365380675,0.2830487835299779,0.8106526849533076,0.6262048490137635,0.44437937339058153
0.49729073486120623,0.6314270501100082,0.6612239165084036,1.0,0.49465122626502267,0.5454706515841877,0.5417760713026303,0.6140330510591875,0.29476983872015683,0.35675870620674566,0.3732523442734646,0.54739695710058,0.6101605385890344,0.5515726844346865,0.21328466473849564,0.5691625595617711,0.5559767766267208,0.6475634949331767,0.44447915004488187
0.46630984060585495,0.4340120263108838,0.6259681200229555,0.49465122626502267,1.0,0.25833244687441204,0.7337410954525707,0.5312998625185572,0.3229467590608026,0.23919832444810132,0.1067809631277516,0.7163927072489416,0.9316016698819197,0.8759289681686476,0.3469682961151726,0.434920453450478,0.42733015894191095,0.7549574082927895,0.483137213188007
0.2570530346797334,0.42729261949829395,0.3392832948869928,0.5454706515841877,0.25833244687441204,1.0,0.45400792075460017,0.8357504771735759,0.33263844550878985,0.582084415555472,0.15572508210554087,0.22839559776535462,0.29354192393728223,0.2740173515612363,0.3057457284288159,0.6136043297111415,0.41129616062937585,0.502058641045168,0.5056712090862608
0.4891911843911305,0.4543352404728473,0.6058594027766048,0.5417760713026303,0.7337410954525707,0.45400792075460017,1.0,0.6434199149116072,0.7271783923548735,0.4772897805609237,0.27812213745709435,0.5399428575580908,0.7612140182673618,0.5639798463826269,0.6833126610134166,0.5908036290270242,0.5125807030809627,0.5896206379321096,0.7797042572575826
0.3443742348314737,0.4559743497697942,0.42476584334088235,0.6140330510591875,0.5312998625185572,0.8357504771735759,0.6434199149116072,1.0,0.4703810519245712,0.7925654015689744,0.14364420866540034,0.5020396590265147,0.5991726772766877,0.568301204018514,0.4151245413525839,0.8066727124384384,0.38164645098135114,0.6370375010125322,0.6153970340833025
0.2112773137011541,0.21768285393089845,0.2574954472046695,0.29476983872015683,0.3229467590608026,0.33263844550878985,0.7271783923548735,0.4703810519245712,1.0,0.5749773885188078,0.19971801559472424,0.2331079961467007,0.3634110721348655,0.21130038315903638,0.6349695996225556,0.4942319741601359,0.2791562222225297,0.20658456042480453,0.696285942950086
0.12076420061513929,0.19438958791007424,0.11434439193069966,0.35675870620674566,0.23919832444810132,0.582084415555472,0.4772897805609237,0.7925654015689744,0.5749773885188078,1.0,0.05839885298230845,0.29645484696701585,0.35536575497965434,0.3609959069497121,0.4346232498646711,0.7995891524564286,0.15281288752555047,0.29689853780390896,0.5345104771476726
0.777902725405482,0.6394426591823058,0.6551533192626199,0.3732523442734646,0.1067809631277516,0.15572508210554087,0.27812213745709435,0.14364420866540034,0.19971801559472424,0.05839885298230845,1.0,0.15575821751826138,0.12822537754852095,-0.010635528343438023,0.22186324321989753,0.06803138082422822,0.5559057725407563,0.12816173143417942,0.2940860768941836
0.4950881666898714,0.5120158807298428,0.526672721722055,0.54739695710058,0.7163927072489416,0.22839559776535462,0.5399428575580908,0.5020396590265147,0.2331079961467007,0.29645484696701585,0.15575821751826138,1.0,0.812553791210025,0.7397294246482787,0.36507859168029244,0.4794278160239443,0.397378574398713,0.5553112181572397,0.3602180753777073
0.4793455629003212,0.4374519087013973,0.6176559180768496,0.6101605385890344,0.9316016698819197,0.29354192393728223,0.7612140182673618,0.5991726772766877,0.3634110721348655,0.35536575497965434,0.12822537754852095,0.812553791210025,1.0,0.8193684472725837,0.439097320998777,0.5592749003575762,0.4291935289913058,0.7182606846266353,0.5232417630275978
0.2956498680269399,0.38336295434240697,0.41890502443489913,0.5515726844346865,0.8759289681686476,0.2740173515612363,0.5639798463826269,0.568301204018514,0.21130038315903638,0.3609959069497121,-0.010635528343438023,0.7397294246482787,0.8193684472725837,1.0,0.2716683588427526,0.5796689607305859,0.2858565227944205,0.6155538677739641,0.33399169665746253
0.305320647295201,0.2502876227732944,0.2580688365380675,0.21328466473849564,0.3469682961151726,0.3057457284288159,0.6833126610134166,0.4151245413525839,0.6349695996225556,0.4346232498646711,0.22186324321989753,0.36507859168029244,0.439097320998777,0.2716683588427526,1.0,0.4725938253788852,0.3593369641715636,0.1255325193564186,0.5285855830515104
0.2226912787474709,0.3140089897529132,0.2830487835299779,0.5691625595617711,0.434920453450478,0.6136043297111415,0.5908036290270242,0.8066727124384384,0.4942319741601359,0.7995891524564286,0.06803138082422822,0.4794278160239443,0.5592749003575762,0.5796689607305859,0.4725938253788852,1.0,0.28650409717762576,0.40149540804906186,0.536797885219902
0.7465549081960302,0.6960015584965262,0.8106526849533076,0.5559767766267208,0.42733015894191095,0.41129616062937585,0.5125807030809627,0.38164645098135114,0.2791562222225297,0.15281288752555047,0.5559057725407563,0.397378574398713,0.4291935289913058,0.2858565227944205,0.3593369641715636,0.28650409717762576,1.0,0.42856474717728354,0.4955028090433162
0.4285608074277932,0.534411540893701,0.6262048490137635,0.6475634949331767,0.7549574082927895,0.502058641045168,0.5896206379321096,0.6370375010125322,0.20658456042480453,0.29689853780390896,0.12816173143417942,0.5553112181572397,0.7182606846266353,0.6155538677739641,0.1255325193564186,0.40149540804906186,0.42856474717728354,1.0,0.4664937842114284
0.41418779963888835,0.3553582131800534,0.44437937339058153,0.44447915004488187,0.483137213188007,0.5056712090862608,0.7797042572575826,0.6153970340833025,0.696285942950086,0.5345104771476726,0.2940860768941836,0.3602180753777073,0.5232417630275978,0.33399169665746253,0.5285855830515104,0.536797885219902,0.4955028090433162,0.4664937842114284,1.0
