0,1,2,3,4,5,6,7,8,9,10,11,12,13,14,15,16,17,18
1.0,0.9405796819261929,0.9455661142667955,0.5462818145309615,0.5448031793694985,0.7005253633999622,0.6351129541637639,0.5796152490763135,0.5678792193644548,0.2180964094686917,0.9635804923383441,0.7941998783730971,0.6092113226874118,0.03287147510729663,0.6683109521992187,0.4034590525337853,0.8929555852839551,0.6080566999687513,0.6845290970460843
0.9405796819261929,1.0,0.9461413229785204,0.7331700190272371,0.6497006232580946,0.7428034924864669,0.6592558177502926,0.6627308255006084,0.5419424511268582,0.3061521496757473,0.9161783461422044,0.9079443151866774,0.7147588382737305,0.25986197090946883,0.6655127375842907,0.5271766213257228,0.8984743795169046,0.6992836616936532,0.6660707959011909
0.9455661142667955,0.9461413229785204,1.0,0.7196663834703206,0.7283035128552408,0.7645319672938417,0.7460323808707329,0.6708602050657299,0.5981387991352286,0.30967007831592097,0.9281637808514016,0.8576639859985207,0.7815421950314332,0.23685733264591416,0.7327673547884707,0.5323106454377334,0.9462749950008242,0.7298414476506389,0.7244027409754867
0.5462818145309615,0.7331700190272371,0.7196663834703206,1.0,0.8062334416966446,0.6968580827578542,0.6250522571151936,0.7256293154489913,0.38482338655017473,0.49924046135166444,0.5614769941816388,0.7987300599292199,0.8340201401041897,0.7274878358375484,0.510991414359097,0.743095661403348,0.6855175656390903,0.7862596992891534,0.5001939280502858
0.5448031793694985,0.6497006232580946,0.7283035128552408,0.8062334416966446,1.0,0.6748215050596008,0.8569368083241966,0.7129907546092279,0.565270440399869,0.489346445726327,0.5403503242234909,0.7722646704517614,0.9706481945062649,0.7162971556484126,0.6871581553112154,0.690121055178176,0.6713452189282345,0.8067325596967421,0.6555457496715827
0.7005253633999622,0.7428034924864669,0.7645319672938417,0.6968580827578542,0.6748215050596008,1.0,0.7799523467373463,0.9301978392071527,0.6659428178332827,0.5759426175511384,0.6745375261292201,0.6853727523621547,0.6932471272865935,0.2778234828660541,0.7133216899862709,0.7402047165943996,0.7939247678441719,0.8490518390221498,0.8024146794961995
0.6351129541637639,0.6592558177502926,0.7460323808707329,0.6250522571151936,0.8569368083241966,0.7799523467373463,1.0,0.7713509531881759,0.8271188251395638,0.5081343661106955,0.6078073970466179,0.6751478264748809,0.8406955901355055,0.3839333951933534,0.8656383480686157,0.6225485678328876,0.7414395543784555,0.7654594186480774,0.867313395964555
0.5796152490763135,0.6627308255006084,0.6708602050657299,0.7256293154489913,0.7129907546092279,0.9301978392071527,0.7713509531881759,1.0,0.6570601976546365,0.7673495533121483,0.5719808757439337,0.6573220559652297,0.722776673455402,0.45928019164596645,0.6573335327032166,0.8476734941024282,0.6761529871531952,0.8312088252862853,0.7609658491737296
0.5678792193644548,0.5419424511268582,0.5981387991352286,0.38482338655017473,0.565270440399869,0.6659428178332827,0.8271188251395638,0.6570601976546365,1.0,0.46792496900608327,0.5294311897025166,0.47444769820625504,0.5559628659720461,0.06782720190499089,0.8085975215389262,0.4979235405855266,0.6294205550746713,0.5665604536295428,0.868574147416128
0.2180964094686917,0.3061521496757473,0.30967007831592097,0.49924046135166444,0.489346445726327,0.5759426175511384,0.5081343661106955,0.7673495533121483,0.46792496900608327,1.0,0.20843957646472552,0.3703785994677457,0.5077000790420944,0.5224665564582262,0.35606273848405795,0.793823285836334,0.3088199162708785,0.5592956271937469,0.48936260552073363
0.9635804923383441,0.9161783461422044,0.9281637808514016,0.5614769941816388,0.5403503242234909,0.6745375261292201,0.6078073970466179,0.5719808757439337,0.5294311897025166,0.20843957646472552,1.0,0.7663059747293128,0.6230285211118541,0.041075445502743106,0.6475988417406604,0.400863146590657,0.8502191547368417,0.594702199097584,0.6440468890142739
0.7941998783730971,0.9079443151866774,0.8576639859985207,0.7987300599292199,0.7722646704517614,0.6853727523621547,0.6751478264748809,0.6573220559652297,0.47444769820625504,0.3703785994677457,0.7663059747293128,1.0,0.8154336478681161,0.5173179835902572,0.6346313612784121,0.6182949256798423,0.8096898929135465,0.709316436943127,0.6032700802216359
0.6092113226874118,0.7147588382737305,0.7815421950314332,0.8340201401041897,0.9706481945062649,0.6932471272865935,0.8406955901355055,0.722776673455402,0.5559628659720461,0.5077000790420944,0.6230285211118541,0.8154336478681161,1.0,0.6607643144732567,0.7219186871489432,0.7009158321671738,0.7194724470925481,0.8047967000524896,0.6541770110202432
0.03287147510729663,0.25986197090946883,0.23685733264591416,0.7274878358375484,0.7162971556484126,0.2778234828660541,0.3839333951933534,0.45928019164596645,0.06782720190499089,0.5224665564582262,0.041075445502743106,0.5173179835902572,0.6607643144732567,1.0,0.16332651955206984,0.660196050936112,0.16502787548021344,0.4585554450352191,0.12253123286717255
0.6683109521992187,0.6655127375842907,0.7327673547884707,0.510991414359097,0.6871581553112154,0.7133216899862709,0.8656383480686157,0.6573335327032166,0.8085975215389262,0.35606273848405795,0.6475988417406604,0.6346313612784121,0.7219186871489432,0.16332651955206984,1.0,0.49976092146599327,0.7535380733393958,0.6514111307997095,0.8115191658311315
0.4034590525337853,0.5271766213257228,0.5323106454377334,0.743095661403348,0.690121055178176,0.7402047165943996,0.6225485678328876,0.8476734941024282,0.4979235405855266,0.793823285836334,0.400863146590657,0.6182949256798423,0.7009158321671738,0.660196050936112,0.49976092146599327,1.0,0.5080314968763721,0.7013822276822119,0.5378187092686004
0.8929555852839551,0.8984743795169046,0.9462749950008242,0.6855175656390903,0.6713452189282345,0.7939247678441719,0.7414395543784555,0.6761529871531952,0.6294205550746713,0.3088199162708785,0.8502191547368417,0.8096898929135465,0.7194724470925481,0.16502787548021344,0.7535380733393958,0.5080314968763721,1.0,0.7597675923013402,0.7825525938952075
0.6080566999687513,0.6992836616936532,0.7298414476506389,0.7862596992891534,0.8067325596967421,0.8490518390221498,0.7654594186480774,0.8312088252862853,0.5665604536295428,0.5592956271937469,0.594702199097584,0.709316436943127,0.8047967000524896,0.4585554450352191,0.6514111307997095,0.7013822276822119,0.7597675923013402,1.0,0.7325963872093972
0.6845290970460843,0.6660707959011909,0.7244027409754867,0.5001939280502858,0.6555457496715827,0.8024146794961995,0.867313395964555,0.7609658491737296,0.868574147416128,0.48936260552073363,0.6440468890142739,0.6032700802216359,0.6541770110202432,0.12253123286717255,0.8115191658311315,0.5378187092686004,0.7825525938952075,0.7325963872093972,1.0
