0,1,2,3,4,5,6,7,8,9,10,11,12,13,14,15,16,17,18
1.0,0.9157584207117009,0.9252923704942276,0.7256857556682191,0.5953754650019797,0.49875777661303317,0.5660683035261692,0.4519848356491112,0.3094337712302283,0.20735450431040575,0.8960723486648864,0.6939487284969086,0.6020150216688721,0.47967428247780397,0.5420763642283541,0.4078535839798589,0.7702355967347322,0.5395343232111277,0.48566633431957246
0.9157584207117009,1.0,0.8462368313813201,0.8185682201787823,0.5696554527732264,0.5630905217788451,0.500262521013579,0.4979204475105291,0.23191666930947694,0.22057036308853503,0.8132203086743813,0.7331126965576426,0.583673134487424,0.5799787145031449,0.49504027980103094,0.47329592407130605,0.7170276922604889,0.5860171031274531,0.4283933499163611
0.9252923704942276,0.8462368313813201,1.0,0.7653015933718798,0.7460536046941912,0.510430220251404,0.628690876711497,0.4721180357767471,0.3027292814496274,0.18449000424487738,0.7845766115299808,0.6565861003528891,0.7156260353489876,0.5814567607169854,0.550111964936742,0.43581371983504563,0.8772904309248182,0.6237824185791087,0.5118665559222985
0.7256857556682191,0.8185682201787823,0.7653015933718798,1.0,0.5889517991194668,0.7432287017752267,0.46688729160645687,0.6429172614654409,0.1931506230139097,0.2896803722260366,0.6597911788976276,0.6171131188216787,0.6070133651654676,0.6672531262456647,0.4232053513539008,0.6152853366648381,0.73497334289908,0.6573321125621742,0.41904872241664515
0.5953754650019797,0.5696554527732264,0.7460536046941912,0.5889517991194668,1.0,0.41046337023382107,0.7471069366173947,0.48743701241412746,0.3164191803377902,0.206245629328694,0.4345586796073804,0.6250750949313422,0.928878707270323,0.8353726266986333,0.6116359245324839,0.4713153787456538,0.6073614908777298,0.7768311680607638,0.5333179812325232
0.49875777661303317,0.5630905217788451,0.510430220251404,0.7432287017752267,0.41046337023382107,1.0,0.5023567267745581,0.9027989515827376,0.3028547796961313,0.5749490785154409,0.45530135448095477,0.34130377664451705,0.36752974791897813,0.4776524532404104,0.33873709590491374,0.7262234718858478,0.5422396430115991,0.6173267830016521,0.5779730664439701
0.5660683035261692,0.500262521013579,0.628690876711497,0.46688729160645687,0.7471069366173947,0.5023567267745581,1.0,0.572369915316817,0.7197729512838349,0.37301087838502806,0.46982188122828067,0.4043455350801139,0.6728939032269493,0.5166542498632438,0.7914499761194932,0.4877990407737435,0.5627213972497048,0.5862628528879248,0.7535092025517404
0.4519848356491112,0.4979204475105291,0.4721180357767471,0.6429172614654409,0.48743701241412746,0.9027989515827376,0.572369915316817,1.0,0.43480335938165543,0.7843963910611854,0.415276664103228,0.36163565339593634,0.44688382357854556,0.5774947498232407,0.4108380376085758,0.8201383232984778,0.44002389200358244,0.6417851075708619,0.6493030676255016
0.3094337712302283,0.23191666930947694,0.3027292814496274,0.1931506230139097,0.3164191803377902,0.3028547796961313,0.7197729512838349,0.43480335938165543,1.0,0.4851277748797353,0.29997705493317944,0.15168143235436143,0.2566384594072252,0.14998694666189533,0.587882769187341,0.4041857860102567,0.2836169934233832,0.2133823801207226,0.6577844023831328
0.20735450431040575,0.22057036308853503,0.18449000424487738,0.2896803722260366,0.206245629328694,0.5749490785154409,0.37301087838502806,0.7843963910611854,0.4851277748797353,1.0,0.2033325596691449,0.1531018640725574,0.20297016439346954,0.33671826252742354,0.28370312368889694,0.6986523830963863,0.16656540224279945,0.41881128539107876,0.5166643325566839
0.8960723486648864,0.8132203086743813,0.7845766115299808,0.6597911788976276,0.4345586796073804,0.45530135448095477,0.46982188122828067,0.415276664103228,0.29997705493317944,0.2033325596691449,1.0,0.610979982707388,0.5238017313502764,0.3054818518100972,0.5264758182054718,0.35542234823347985,0.6184346668454768,0.3860194215307602,0.42723276966359025
0.6939487284969086,0.7331126965576426,0.6565861003528891,0.6171131188216787,0.6250750949313422,0.34130377664451705,0.4043455350801139,0.36163565339593634,0.15168143235436143,0.1531018640725574,0.610979982707388,1.0,0.7255984880256982,0.6379535821152987,0.49129352144376537,0.37395283914649174,0.5361915730011984,0.519388155629175,0.31971261804032103
0.6020150216688721,0.583673134487424,0.7156260353489876,0.6070133651654676,0.928878707270323,0.36752974791897813,0.6728939032269493,0.44688382357854556,0.2566384594072252,0.20297016439346954,0.5238017313502764,0.7255984880256982,1.0,0.7428791365695874,0.6649880149046612,0.4216427334405155,0.5644027206955302,0.6676207496064835,0.4431149359939725
0.47967428247780397,0.5799787145031449,0.5814567607169854,0.6672531262456647,0.8353726266986333,0.4776524532404104,0.5166542498632438,0.5774947498232407,0.14998694666189533,0.33671826252742354,0.3054818518100972,0.6379535821152987,0.7428791365695874,1.0,0.4183279271219473,0.6836094151505362,0.44966083591329703,0.7088893739375547,0.3621136504385856
0.5420763642283541,0.49504027980103094,0.550111964936742,0.4232053513539008,0.6116359245324839,0.33873709590491374,0.7914499761194932,0.4108380376085758,0.587882769187341,0.28370312368889694,0.5264758182054718,0.49129352144376537,0.6649880149046612,0.4183279271219473,1.0,0.3937794653654866,0.46091278128046154,0.4214078669702622,0.5116086864939304
0.4078535839798589,0.47329592407130605,0.43581371983504563,0.6152853366648381,0.4713153787456538,0.7262234718858478,0.4877990407737435,0.8201383232984778,0.4041857860102567,0.6986523830963863,0.35542234823347985,0.37395283914649174,0.4216427334405155,0.6836094151505362,0.3937794653654866,1.0,0.3829495004522851,0.5388117878212061,0.49529375767371475
0.7702355967347322,0.7170276922604889,0.8772904309248182,0.73497334289908,0.6073614908777298,0.5422396430115991,0.5627213972497048,0.44002389200358244,0.2836169934233832,0.16656540224279945,0.6184346668454768,0.5361915730011984,0.5644027206955302,0.44966083591329703,0.46091278128046154,0.3829495004522851,1.0,0.5965223475523216,0.5651722068063871
0.5395343232111277,0.5860171031274531,0.6237824185791087,0.6573321125621742,0.7768311680607638,0.6173267830016521,0.5862628528879248,0.6417851075708619,0.2133823801207226,0.41881128539107876,0.3860194215307602,0.519388155629175,0.6676207496064835,0.7088893739375547,0.4214078669702622,0.5388117878212061,0.5965223475523216,1.0,0.5729586398729437
0.48566633431957246,0.4283933499163611,0.5118665559222985,0.41904872241664515,0.5333179812325232,0.5779730664439701,0.7535092025517404,0.6493030676255016,0.6577844023831328,0.5166643325566839,0.42723276966359025,0.31971261804032103,0.4431149359939725,0.3621136504385856,0.5116086864939304,0.49529375767371475,0.5651722068063871,0.5729586398729437,1.0
