0,1,2,3,4,5,6,7,8,9,10,11,12,13,14,15,16,17,18
1.0,0.9192590712112201,0.6342378646385554,0.5354932857519833,0.255076875310524,0.07300070999602523,0.037647803233995185,0.1626504608970639,0.18122177969675216,-0.02321318695410974,0.5112846640070412,0.41130134603333274,0.017512921808080048,0.2071502261203307,-0.1412915451029893,-0.0013307236885153333,0.5057905829495892,0.25444970851768045,0.06563512855059189
0.9192590712112201,1.0,0.6717203240297335,0.645732455475096,0.36067350784766045,0.029664180484051235,0.1942394942889167,0.23140943541626277,0.2691727816470098,0.0042801056790589065,0.5430724887669719,0.5574469235721174,0.18177104972435,0.3150185766086608,0.037821838086038666,0.05097394651056154,0.5601890940524922,0.3577253241638017,0.16975747235161828
0.6342378646385554,0.6717203240297335,1.0,0.8709538871618625,0.6286746633584058,-0.06895050729477209,0.19558585788438668,0.34087888428018054,0.522287485590334,-0.061160114862564174,0.6150514556365569,0.6082168894190069,0.1278847392889828,0.39768114713397434,-0.08998070215760522,0.0152943017151779,0.8827102834037223,0.5846022613551826,0.24896062386662635
0.5354932857519833,0.645732455475096,0.8709538871618625,1.0,0.6532327228009238,-0.05183831213059488,0.3606810863483367,0.37126795022126485,0.5918219879164355,-0.033831156556609565,0.5833886603980115,0.7528995742425628,0.2695888955510985,0.4770863669184888,0.12688126216844053,0.04498093620947292,0.8533540855353189,0.6107511652581109,0.34722261620852496
0.255076875310524,0.36067350784766045,0.6286746633584058,0.6532327228009238,1.0,-0.08073796207388503,0.6015275380626207,0.6406280421811923,0.7213415919213592,0.09732533455661636,0.46593044938867856,0.5195309354746793,0.44606188406507624,0.4773697628605116,0.13554367565592682,0.2531061286338395,0.5573512062956154,0.8280118753985725,0.5691973878015864
0.07300070999602523,0.029664180484051235,-0.06895050729477209,-0.05183831213059488,-0.08073796207388503,1.0,-0.08658454971061917,-0.07304786007912088,-0.08695875868868436,-0.008300600839057514,-0.0038228414728329638,-0.036053200254543595,-0.13880388863686585,-0.16776975051106038,-0.1504693507339025,-0.06567658215500985,0.017104733943438085,-0.0042269078257028275,-0.06184233618674967
0.037647803233995185,0.1942394942889167,0.19558585788438668,0.3606810863483367,0.6015275380626207,-0.08658454971061917,1.0,0.8272595670633116,0.5785561345487905,0.2980328371917476,0.2358587767607633,0.36384046485169985,0.5067630502479774,0.45950965438942903,0.4634866892764133,0.4414364999736887,0.17588842917919273,0.6240337418327886,0.7979112277003936
0.1626504608970639,0.23140943541626277,0.34087888428018054,0.37126795022126485,0.6406280421811923,-0.07304786007912088,0.8272595670633116,1.0,0.7104757097902428,0.2786201504953932,0.34060154299228323,0.383192799485963,0.4982301238841181,0.5681707235153214,0.426280607006392,0.43517219411923824,0.3195317196371456,0.6659836006721477,0.8370624572127175
0.18122177969675216,0.2691727816470098,0.522287485590334,0.5918219879164355,0.7213415919213592,-0.08695875868868436,0.5785561345487905,0.7104757097902428,1.0,-0.022229777157736302,0.29618772562223905,0.5173836652026244,0.32138946460273066,0.6162772795910652,0.16570519859498128,0.27838527878061026,0.48904849242023996,0.7571471853200277,0.6804705099221886
-0.02321318695410974,0.0042801056790589065,-0.061160114862564174,-0.033831156556609565,0.09732533455661636,-0.008300600839057514,0.2980328371917476,0.2786201504953932,-0.022229777157736302,1.0,0.04086284068006097,-0.014497945217573334,0.01962933685368448,0.11998472372904284,0.26256518036832327,0.49422144465332535,-0.05407523468688005,0.10936661235303224,0.2057497312599162
0.5112846640070412,0.5430724887669719,0.6150514556365569,0.5833886603980115,0.46593044938867856,-0.0038228414728329638,0.2358587767607633,0.34060154299228323,0.29618772562223905,0.04086284068006097,1.0,0.5141578798978333,0.3395518839828396,0.27345290128141464,0.03188821071085016,0.0731535279992295,0.4713879009470309,0.4330631316101492,0.18092062664975755
0.41130134603333274,0.5574469235721174,0.6082168894190069,0.7528995742425628,0.5195309354746793,-0.036053200254543595,0.36384046485169985,0.383192799485963,0.5173836652026244,-0.014497945217573334,0.5141578798978333,1.0,0.275638695159487,0.5877458387620152,0.11410768038898447,0.04322629253052759,0.6119770819143271,0.4671108601728766,0.3771211118677397
0.017512921808080048,0.18177104972435,0.1278847392889828,0.2695888955510985,0.44606188406507624,-0.13880388863686585,0.5067630502479774,0.4982301238841181,0.32138946460273066,0.01962933685368448,0.3395518839828396,0.275638695159487,1.0,0.3547109207512193,0.5097416516505383,0.17023046741968886,0.0340589230231709,0.42541280705799595,0.29437286672585444
0.2071502261203307,0.3150185766086608,0.39768114713397434,0.4770863669184888,0.4773697628605116,-0.16776975051106038,0.45950965438942903,0.5681707235153214,0.6162772795910652,0.11998472372904284,0.27345290128141464,0.5877458387620152,0.3547109207512193,1.0,0.2471879944339988,0.3352417488609214,0.3687092775655528,0.5105316285789547,0.49883518542595556
-0.1412915451029893,0.037821838086038666,-0.08998070215760522,0.12688126216844053,0.13554367565592682,-0.1504693507339025,0.4634866892764133,0.426280607006392,0.16570519859498128,0.26256518036832327,0.03188821071085016,0.11410768038898447,0.5097416516505383,0.2471879944339988,1.0,0.4617748319015954,-0.15494683892659605,0.22179056905848532,0.21526809400725289
-0.0013307236885153333,0.05097394651056154,0.0152943017151779,0.04498093620947292,0.2531061286338395,-0.06567658215500985,0.4414364999736887,0.43517219411923824,0.27838527878061026,0.49422144465332535,0.0731535279992295,0.04322629253052759,0.17023046741968886,0.3352417488609214,0.4617748319015954,1.0,-0.03736547066488059,0.25633392043605036,0.38640926204884973
0.5057905829495892,0.5601890940524922,0.8827102834037223,0.8533540855353189,0.5573512062956154,0.017104733943438085,0.17588842917919273,0.3195317196371456,0.48904849242023996,-0.05407523468688005,0.4713879009470309,0.6119770819143271,0.0340589230231709,0.3687092775655528,-0.15494683892659605,-0.03736547066488059,1.0,0.5710422668664924,0.294455848815345
0.25444970851768045,0.3577253241638017,0.5846022613551826,0.6107511652581109,0.8280118753985725,-0.0042269078257028275,0.6240337418327886,0.6659836006721477,0.7571471853200277,0.10936661235303224,0.4330631316101492,0.4671108601728766,0.42541280705799595,0.5105316285789547,0.22179056905848532,0.25633392043605036,0.5710422668664924,1.0,0.6390046756786312
0.06563512855059189,0.16975747235161828,0.24896062386662635,0.34722261620852496,0.5691973878015864,-0.06184233618674967,0.7979112277003936,0.8370624572127175,0.6804705099221886,0.2057497312599162,0.18092062664975755,0.3771211118677397,0.29437286672585444,0.49883518542595556,0.21526809400725289,0.38640926204884973,0.294455848815345,0.6390046756786312,1.0
