0,1,2,3,4,5,6,7,8,9,10,11,12,13,14,15,16,17,18
1.0,0.9268063083459124,0.5639692009898919,0.47591683835087395,0.12910322161754417,0.13984578266443012,-0.021512825862992694,0.13179475001520696,0.12220268692087478,-0.12819574106945555,0.4542370205114953,0.3779643344664459,0.13901910811290047,0.06040804150604869,-0.10393139599324587,0.01597201038854294,0.361544909273179,0.1444413105153825,-0.024243393889510672
0.9268063083459124,1.0,0.5854093128450217,0.5857491736842187,0.26228712315595715,0.08506454849743203,0.12833544030323116,0.22773041241932213,0.22542034563144814,-0.06101722709108104,0.4696620032234666,0.4795197861194195,0.23776201218146475,0.14020719745960955,0.019117688810689835,0.01037853490760885,0.4437273372589565,0.2937748329690002,0.1084931156965253
0.5639692009898919,0.5854093128450217,1.0,0.8513140056625453,0.5325230314512848,0.03854598284092557,0.2036975650591829,0.3914485933342196,0.3175577112682756,-0.10641797919847831,0.5664805078055085,0.5280302655421157,0.2883904465153129,0.32249071427991266,-0.11394076641167712,0.04809072745994132,0.8844801603543634,0.544038962853181,0.22395807768738796
0.47591683835087395,0.5857491736842187,0.8513140056625453,1.0,0.6037166883809244,0.019746920920506505,0.3854112524093976,0.4928490695945603,0.48423017823891407,0.06431879376362894,0.4961323528865142,0.6885765200889362,0.3775301384514501,0.4766940551638462,0.11266688491799284,0.10961070784634852,0.8804674828896504,0.6754502565385306,0.40650129408424307
0.12910322161754417,0.26228712315595715,0.5325230314512848,0.6037166883809244,1.0,0.0013320411593588282,0.6154625853500926,0.694477622390775,0.4339141217170094,0.1635261895691285,0.28967611883000066,0.3606919760086203,0.42545307199180044,0.4137208218188694,0.02098643223660085,0.21989344344674447,0.578297419676816,0.7945106427442421,0.6216458598500867
0.13984578266443012,0.08506454849743203,0.03854598284092557,0.019746920920506505,0.0013320411593588282,1.0,-0.012934572177706848,0.10217684995512324,-0.029999910665511668,-0.009435838768782873,0.13741427607947582,0.10822782020557632,0.04334669177541532,0.07412657973287036,0.03147620094942787,0.19956524394979805,-0.025021175314778918,-0.01109311982378985,0.0049181177379871936
-0.021512825862992694,0.12833544030323116,0.2036975650591829,0.3854112524093976,0.6154625853500926,-0.012934572177706848,1.0,0.8400871841456052,0.4043077334488163,0.4600798381479633,0.06546494019476796,0.18317650457516862,0.41460041219522337,0.3916529394265467,0.14019077649735823,0.33721985694222084,0.300248867267034,0.6982054079891273,0.9090175826813519
0.13179475001520696,0.22773041241932213,0.3914485933342196,0.4928490695945603,0.694477622390775,0.10217684995512324,0.8400871841456052,1.0,0.5449845465520522,0.3216593904927279,0.26367868640666925,0.24430187481425983,0.5144172096450824,0.5047248359879389,0.26563753211219493,0.38629697854408057,0.41006779395743387,0.7532376908960735,0.8408155094821407
0.12220268692087478,0.22542034563144814,0.3175577112682756,0.48423017823891407,0.4339141217170094,-0.029999910665511668,0.4043077334488163,0.5449845465520522,1.0,0.08225544890722476,0.18837478818720138,0.34652194020969085,0.1311276215004046,0.3932464217187715,-0.117451925788154,0.2060370350649015,0.37203385278175144,0.5913961222515798,0.48073674692824275
-0.12819574106945555,-0.06101722709108104,-0.10641797919847831,0.06431879376362894,0.1635261895691285,-0.009435838768782873,0.4600798381479633,0.3216593904927279,0.08225544890722476,1.0,-0.12784771478083273,0.01797070727117237,0.11584334076169887,0.08883489227038197,0.20979085352346813,0.36662601566486586,-0.010699560436839638,0.24621042459936351,0.4073653262658053
0.4542370205114953,0.4696620032234666,0.5664805078055085,0.4961323528865142,0.28967611883000066,0.13741427607947582,0.06546494019476796,0.26367868640666925,0.18837478818720138,-0.12784771478083273,1.0,0.3517453084509679,0.432013880951128,0.1524246243788429,0.00686339347231534,0.04008258884017959,0.3740962536558737,0.38230583504124693,0.05253995299429163
0.3779643344664459,0.4795197861194195,0.5280302655421157,0.6885765200889362,0.3606919760086203,0.10822782020557632,0.18317650457516862,0.24430187481425983,0.34652194020969085,0.01797070727117237,0.3517453084509679,1.0,0.24934043655572583,0.4795059475256402,0.03177136183013904,0.07671139893208796,0.5586010321372162,0.39486306505088414,0.20179703225135742
0.13901910811290047,0.23776201218146475,0.2883904465153129,0.3775301384514501,0.42545307199180044,0.04334669177541532,0.41460041219522337,0.5144172096450824,0.1311276215004046,0.11584334076169887,0.432013880951128,0.24934043655572583,1.0,0.30389033466277987,0.3427126116473822,0.19868227565399327,0.20855804654318827,0.4660682607606431,0.29141169716163134
0.06040804150604869,0.14020719745960955,0.32249071427991266,0.4766940551638462,0.4137208218188694,0.07412657973287036,0.3916529394265467,0.5047248359879389,0.3932464217187715,0.08883489227038197,0.1524246243788429,0.4795059475256402,0.30389033466277987,1.0,0.1540334097083427,0.32499099934227327,0.3779356372202685,0.4591097531444965,0.424984322861813
-0.10393139599324587,0.019117688810689835,-0.11394076641167712,0.11266688491799284,0.02098643223660085,0.03147620094942787,0.14019077649735823,0.26563753211219493,-0.117451925788154,0.20979085352346813,0.00686339347231534,0.03177136183013904,0.3427126116473822,0.1540334097083427,1.0,0.3299978590826311,-0.12183971358068611,0.10038161326242888,0.05308611444006799
0.01597201038854294,0.01037853490760885,0.04809072745994132,0.10961070784634852,0.21989344344674447,0.19956524394979805,0.33721985694222084,0.38629697854408057,0.2060370350649015,0.36662601566486586,0.04008258884017959,0.07671139893208796,0.19868227565399327,0.32499099934227327,0.3299978590826311,1.0,0.021501046276411234,0.1716665209500278,0.28085257995536755
0.361544909273179,0.4437273372589565,0.8844801603543634,0.8804674828896504,0.578297419676816,-0.025021175314778918,0.300248867267034,0.41006779395743387,0.37203385278175144,-0.010699560436839638,0.3740962536558737,0.5586010321372162,0.20855804654318827,0.3779356372202685,-0.12183971358068611,0.021501046276411234,1.0,0.6333841604873076,0.3574226726941927
0.1444413105153825,0.2937748329690002,0.544038962853181,0.6754502565385306,0.7945106427442421,-0.01109311982378985,0.6982054079891273,0.7532376908960735,0.5913961222515798,0.24621042459936351,0.38230583504124693,0.39486306505088414,0.4660682607606431,0.4591097531444965,0.10038161326242888,0.1716665209500278,0.6333841604873076,1.0,0.7384633519433793
-0.024243393889510672,0.1084931156965253,0.22395807768738796,0.40650129408424307,0.6216458598500867,0.0049181177379871936,0.9090175826813519,0.8408155094821407,0.48073674692824275,0.4073653262658053,0.05253995299429163,0.20179703225135742,0.29141169716163134,0.424984322861813,0.05308611444006799,0.28085257995536755,0.3574226726941927,0.7384633519433793,1.0
