0,1,2,3,4,5,6,7,8,9,10,11,12,13,14,15,16,17,18
1.0,0.9151966534747834,0.7311060931477977,0.7431082195708866,0.3388459351097401,0.11236883774637892,0.31400993088218954,0.43409885375080304,0.42340854889506085,0.06411988463802638,0.4814416035439512,0.5976749061551039,0.3237288187984384,0.3734411409203501,0.0862750212754952,0.1321458512281521,0.6301308535347984,0.4822968123533746,0.2741844141527598
0.9151966534747834,1.0,0.7330762850514134,0.8157842240734049,0.41894314648058767,0.08790750085620748,0.4537018352380997,0.5262087358265654,0.5180520630137627,0.1213263614170059,0.494372584615832,0.6871988077427922,0.4354217495514607,0.44291330147462,0.2140308856116732,0.16199141547189363,0.7013356068858085,0.5773890000895703,0.39559142523956525
0.7311060931477977,0.7330762850514134,1.0,0.8383334836592473,0.4691046234294239,0.059263868127750946,0.3447393816973566,0.49221048864838496,0.5948987809412919,0.0516529877586095,0.4561314447769745,0.6028580215087529,0.26632247257081976,0.39505239491739563,-0.005391710351870985,0.11940752278317412,0.8472238737947373,0.6558789448425879,0.3405956750758877
0.7431082195708866,0.8157842240734049,0.8383334836592473,1.0,0.6011706081678154,0.14690896578186355,0.5599162358763504,0.6683324607665069,0.7279904447878656,0.17287090926492882,0.5022426158059619,0.727102991560888,0.4888879709970425,0.5401048676181205,0.28732072635298544,0.2482722964649755,0.8583273940402488,0.7740258010043652,0.5139556819689747
0.3388459351097401,0.41894314648058767,0.4691046234294239,0.6011706081678154,1.0,0.22095519828669544,0.5445469628447944,0.5915924640273941,0.6246308723325449,0.23065317104812308,0.26338221077981805,0.38447360038015277,0.39289954424313195,0.29870469491676527,0.05517378912957144,0.19363178888841368,0.34381896307899895,0.6967592736672978,0.5604463085732617
0.11236883774637892,0.08790750085620748,0.059263868127750946,0.14690896578186355,0.22095519828669544,1.0,0.08383664610875038,0.11053254033539724,0.019867720987137006,-0.2525166258773465,0.010157976426516686,0.03597530784619215,0.0947336575864161,0.017892526627327418,-0.04827882838556732,-0.05646491500682652,0.023879472048978816,0.030375413697441487,-0.08042946018334005
0.31400993088218954,0.4537018352380997,0.3447393816973566,0.5599162358763504,0.5445469628447944,0.08383664610875038,1.0,0.8548251109004892,0.5965069307019982,0.503415964043638,0.2259859752869642,0.3982070748152998,0.5147500105669788,0.38009483579455744,0.31464893382040643,0.3731316821332235,0.3709719340414195,0.7208771141391238,0.828308710632054
0.43409885375080304,0.5262087358265654,0.49221048864838496,0.6683324607665069,0.5915924640273941,0.11053254033539724,0.8548251109004892,1.0,0.739402352328471,0.48699442995815945,0.4155126223651451,0.5302983867288256,0.5739392810370377,0.5902137473409119,0.42271548477334925,0.482636661930465,0.48593990502279955,0.8182823876406198,0.8722211248615652
0.42340854889506085,0.5180520630137627,0.5948987809412919,0.7279904447878656,0.6246308723325449,0.019867720987137006,0.5965069307019982,0.739402352328471,1.0,0.18774365029269716,0.21072777350194044,0.5877125952911595,0.24657352538959262,0.5712008298362835,0.07026676669652376,0.2703445606595725,0.6557360734871899,0.7901699303955205,0.7305592599178992
0.06411988463802638,0.1213263614170059,0.0516529877586095,0.17287090926492882,0.23065317104812308,-0.2525166258773465,0.503415964043638,0.48699442995815945,0.18774365029269716,1.0,0.21409625649079153,0.10996707332350167,0.32431346539087597,0.16427307691249501,0.4081762272224263,0.5422885900051757,0.032081062973475676,0.36392221062670516,0.4828137661951689
0.4814416035439512,0.494372584615832,0.4561314447769745,0.5022426158059619,0.26338221077981805,0.010157976426516686,0.2259859752869642,0.4155126223651451,0.21072777350194044,0.21409625649079153,1.0,0.3933367806659591,0.5008140381001727,0.2616019225050103,0.24761931471624266,0.283482462221523,0.3345413544463459,0.4223648403790657,0.20920276511591876
0.5976749061551039,0.6871988077427922,0.6028580215087529,0.727102991560888,0.38447360038015277,0.03597530784619215,0.3982070748152998,0.5302983867288256,0.5877125952911595,0.10996707332350167,0.3933367806659591,1.0,0.3660238339671453,0.6772323048312743,0.24864013836821405,0.24181209791073038,0.6007007035548891,0.5687386886013502,0.40362840405332895
0.3237288187984384,0.4354217495514607,0.26632247257081976,0.4888879709970425,0.39289954424313195,0.0947336575864161,0.5147500105669788,0.5739392810370377,0.24657352538959262,0.32431346539087597,0.5008140381001727,0.3660238339671453,1.0,0.3386849426718097,0.5955934938447147,0.4090051424436451,0.21132313555415053,0.5402355194028147,0.3257408933456045
0.3734411409203501,0.44291330147462,0.39505239491739563,0.5401048676181205,0.29870469491676527,0.017892526627327418,0.38009483579455744,0.5902137473409119,0.5712008298362835,0.16427307691249501,0.2616019225050103,0.6772323048312743,0.3386849426718097,1.0,0.3135176981502445,0.42409687307945654,0.43008063058206786,0.501506450804526,0.4236469622136163
0.0862750212754952,0.2140308856116732,-0.005391710351870985,0.28732072635298544,0.05517378912957144,-0.04827882838556732,0.31464893382040643,0.42271548477334925,0.07026676669652376,0.4081762272224263,0.24761931471624266,0.24864013836821405,0.5955934938447147,0.3135176981502445,1.0,0.5337098618294414,0.04864343989975709,0.29233720700434784,0.19869179137998152
0.1321458512281521,0.16199141547189363,0.11940752278317412,0.2482722964649755,0.19363178888841368,-0.05646491500682652,0.3731316821332235,0.482636661930465,0.2703445606595725,0.5422885900051757,0.283482462221523,0.24181209791073038,0.4090051424436451,0.42409687307945654,0.5337098618294414,1.0,0.12119506325887597,0.34199057241375447,0.3472377664913593
0.6301308535347984,0.7013356068858085,0.8472238737947373,0.8583273940402488,0.34381896307899895,0.023879472048978816,0.3709719340414195,0.48593990502279955,0.6557360734871899,0.032081062973475676,0.3345413544463459,0.6007007035548891,0.21132313555415053,0.43008063058206786,0.04864343989975709,0.12119506325887597,1.0,0.6732383055165446,0.38685633335753056
0.4822968123533746,0.5773890000895703,0.6558789448425879,0.7740258010043652,0.6967592736672978,0.030375413697441487,0.7208771141391238,0.8182823876406198,0.7901699303955205,0.36392221062670516,0.4223648403790657,0.5687386886013502,0.5402355194028147,0.501506450804526,0.29233720700434784,0.34199057241375447,0.6732383055165446,1.0,0.7254137016076008
0.2741844141527598,0.39559142523956525,0.3405956750758877,0.5139556819689747,0.5604463085732617,-0.08042946018334005,0.828308710632054,0.8722211248615652,0.7305592599178992,0.4828137661951689,0.20920276511591876,0.40362840405332895,0.3257408933456045,0.4236469622136163,0.19869179137998152,0.3472377664913593,0.38685633335753056,0.7254137016076008,1.0
