0,1,2,3,4,5,6,7,8,9,10,11,12,13,14,15,16,17,18
1.0,0.9446551343243257,0.601267154414146,0.6212443584841318,0.21009674413159452,0.19320384503099133,0.0064595222839168975,0.10145232826034602,0.16308416905202014,0.029763599997560376,0.27747106837616725,0.6327985085408235,0.19614249302516443,0.07607022174371225,-0.05071675970552542,0.030778909791493437,0.5632229868167545,0.26138870378898255,-0.0759075215409221
0.9446551343243257,1.0,0.6114841407814949,0.6987041698366209,0.30682623264624925,0.196484308216232,0.1076798088330481,0.17737832555609573,0.20058353825978936,0.05041988758498051,0.36213006928992436,0.7386247808305033,0.2693670340986912,0.1910584719245837,0.049548550907257176,-0.020454636703918422,0.6275060944529512,0.364101064949657,-0.0012069857242044857
0.601267154414146,0.6114841407814949,1.0,0.8566477765585032,0.5819789182434728,0.014127246509655739,0.31509767957787804,0.399905930189689,0.4309733075880851,0.19821011903517283,0.2075492779157128,0.6034368866194812,0.17503160509701035,0.1844760066481822,-0.03195875815856025,0.040182858102173105,0.8864632124774817,0.5811500291960451,0.2299160535703177
0.6212443584841318,0.6987041698366209,0.8566477765585032,1.0,0.6312094248078163,0.07418083351772077,0.42153820447011575,0.479819917097487,0.5242535291552917,0.1919893655743449,0.30531005785040505,0.7765961210855462,0.3086502331918137,0.3369872389063336,0.1494286006420307,0.0283697925112863,0.9163180808628266,0.6782231252878705,0.30407073791134137
0.21009674413159452,0.30682623264624925,0.5819789182434728,0.6312094248078163,1.0,-0.07729520366422109,0.6723900703761763,0.7097109690299608,0.6167047860910538,0.23910201382992674,0.18949684313629458,0.4832388721092938,0.299261740198454,0.2965228386064508,-0.029855644880266676,0.09302644228731352,0.6258401012014306,0.8461476441049113,0.664670708976971
0.19320384503099133,0.196484308216232,0.014127246509655739,0.07418083351772077,-0.07729520366422109,1.0,-0.03231421568122214,0.05348160259995875,-0.10933793523390523,-0.1423091813102896,0.2771581714836114,0.12472843536637035,-0.12014549155485471,0.12930621904480571,-0.08963209777161252,-0.1281224401336927,0.043422526088609345,0.06580181494298276,-0.08237823976479303
0.0064595222839168975,0.1076798088330481,0.31509767957787804,0.42153820447011575,0.6723900703761763,-0.03231421568122214,1.0,0.8322358635644597,0.49533286267755117,0.45298492374421534,0.0273874750151849,0.2368143038411842,0.20578364786937536,0.2425684473112882,0.1843862495599419,0.2642094723375119,0.32941157428456025,0.6766924783200081,0.8153348019374024
0.10145232826034602,0.17737832555609573,0.399905930189689,0.479819917097487,0.7097109690299608,0.05348160259995875,0.8322358635644597,1.0,0.6597701016599203,0.4670753015161681,0.12687166746373604,0.3021485985781808,0.28048192581533943,0.370995321972987,0.23864600161349195,0.2625334794907704,0.4033437106735814,0.7921396797011714,0.8584645732035073
0.16308416905202014,0.20058353825978936,0.4309733075880851,0.5242535291552917,0.6167047860910538,-0.10933793523390523,0.49533286267755117,0.6597701016599203,1.0,0.24355714732806152,0.017187802215339432,0.3776905408446569,0.1829828222991649,0.2634400884127874,-0.02549956361927643,0.19832981560203813,0.49724848188376175,0.6595402202278142,0.5839438926554607
0.029763599997560376,0.05041988758498051,0.19821011903517283,0.1919893655743449,0.23910201382992674,-0.1423091813102896,0.45298492374421534,0.4670753015161681,0.24355714732806152,1.0,-0.14550590002261446,0.038215384958883596,0.2040920756272575,-0.039955934682448506,0.32923595800226285,0.4981336782213568,0.12387563334149432,0.26984395654533955,0.3815801604529212
0.27747106837616725,0.36213006928992436,0.2075492779157128,0.30531005785040505,0.18949684313629458,0.2771581714836114,0.0273874750151849,0.12687166746373604,0.017187802215339432,-0.14550590002261446,1.0,0.29581161722734184,-0.2149706172864189,0.5946378828555585,-0.29363774380437524,-0.2628329744126694,0.25064747217014244,0.2683052872490969,-0.031787447986627075
0.6327985085408235,0.7386247808305033,0.6034368866194812,0.7765961210855462,0.4832388721092938,0.12472843536637035,0.2368143038411842,0.3021485985781808,0.3776905408446569,0.038215384958883596,0.29581161722734184,1.0,0.35884698185947395,0.4313897873304186,0.03936030595620728,-0.031142521126494616,0.7365101911521883,0.5239262531693971,0.15004570513054974
0.19614249302516443,0.2693670340986912,0.17503160509701035,0.3086502331918137,0.299261740198454,-0.12014549155485471,0.20578364786937536,0.28048192581533943,0.1829828222991649,0.2040920756272575,-0.2149706172864189,0.35884698185947395,1.0,-0.0588458107137365,0.32829447986219673,0.20786619869752443,0.23711219108451528,0.3263931859283194,0.1111460339771372
0.07607022174371225,0.1910584719245837,0.1844760066481822,0.3369872389063336,0.2965228386064508,0.12930621904480571,0.2425684473112882,0.370995321972987,0.2634400884127874,-0.039955934682448506,0.5946378828555585,0.4313897873304186,-0.0588458107137365,1.0,-0.10327865810923448,-0.08771681875377868,0.3079236507649694,0.4066489904199244,0.1957815347467795
-0.05071675970552542,0.049548550907257176,-0.03195875815856025,0.1494286006420307,-0.029855644880266676,-0.08963209777161252,0.1843862495599419,0.23864600161349195,-0.02549956361927643,0.32923595800226285,-0.29363774380437524,0.03936030595620728,0.32829447986219673,-0.10327865810923448,1.0,0.37446602091759995,-0.061406900119672474,0.1551750303908918,0.06909734435302443
0.030778909791493437,-0.020454636703918422,0.040182858102173105,0.0283697925112863,0.09302644228731352,-0.1281224401336927,0.2642094723375119,0.2625334794907704,0.19832981560203813,0.4981336782213568,-0.2628329744126694,-0.031142521126494616,0.20786619869752443,-0.08771681875377868,0.37446602091759995,1.0,-0.013923606480141092,0.0666146500271724,0.18397587456626002
0.5632229868167545,0.6275060944529512,0.8864632124774817,0.9163180808628266,0.6258401012014306,0.043422526088609345,0.32941157428456025,0.4033437106735814,0.49724848188376175,0.12387563334149432,0.25064747217014244,0.7365101911521883,0.23711219108451528,0.3079236507649694,-0.061406900119672474,-0.013923606480141092,1.0,0.6530829538601937,0.26345576681936217
0.26138870378898255,0.364101064949657,0.5811500291960451,0.6782231252878705,0.8461476441049113,0.06580181494298276,0.6766924783200081,0.7921396797011714,0.6595402202278142,0.26984395654533955,0.2683052872490969,0.5239262531693971,0.3263931859283194,0.4066489904199244,0.1551750303908918,0.0666146500271724,0.6530829538601937,1.0,0.6332427863077694
-0.0759075215409221,-0.0012069857242044857,0.2299160535703177,0.30407073791134137,0.664670708976971,-0.08237823976479303,0.8153348019374024,0.8584645732035073,0.5839438926554607,0.3815801604529212,-0.031787447986627075,0.15004570513054974,0.1111460339771372,0.1957815347467795,0.06909734435302443,0.18397587456626002,0.26345576681936217,0.6332427863077694,1.0
