0,1,2,3,4,5,6,7,8,9,10,11,12,13,14,15,16,17,18
1.0,0.8972749487310622,0.5175600332229653,0.6054674088740296,0.3097228916617016,-0.1605547563989489,-0.028479541720443285,0.07072274273348268,0.20171660155163218,-0.1810349091891803,0.4939830991973959,0.6046579183326136,0.33655405869133936,0.180081269651214,-0.029738889844363008,-0.20746850105958242,0.5494277247061417,0.3119167414303605,-0.032873323346015317
0.8972749487310622,1.0,0.5171720044557954,0.6996398513737887,0.36301835332688703,-0.005385614723415752,0.08392778143124431,0.20190509683464591,0.29262315686474716,-0.15443963016218779,0.4905585881504371,0.7272002817404403,0.4333679143748036,0.2849783162311432,0.10969258237972639,-0.17729845776641415,0.6123920876608623,0.4162212055897556,0.06262310623612831
0.5175600332229653,0.5171720044557954,1.0,0.8216909677285065,0.6426552279277501,-0.18006434182740083,0.21768399301229474,0.3773096839444006,0.3871189981035556,-0.04118108557402505,0.5461761979581856,0.5100577272289881,0.2626149835715754,0.23089023297154465,0.05709544683422179,-0.020039483775944503,0.8543591434722142,0.605234585849453,0.2355985006608217
0.6054674088740296,0.6996398513737887,0.8216909677285065,1.0,0.6751503359509599,-0.07292984734118124,0.3313923662924685,0.48230251368082494,0.5841878679307254,-0.057619385742712546,0.561841675187027,0.7665490042143315,0.43562819332278074,0.40903789568693366,0.1736770291166299,-0.08889605597479228,0.8663570717346785,0.6998017291668385,0.33012938782988877
0.3097228916617016,0.36301835332688703,0.6426552279277501,0.6751503359509599,1.0,-0.23049969611830784,0.6146947756313577,0.6553540627814679,0.47642060216336213,0.07254036352174854,0.32887939041175296,0.4544988924908449,0.41702603719712017,0.24383361313427876,0.15198097968054655,0.11974493057387504,0.6037579136817637,0.7939018546895656,0.6055968788982453
-0.1605547563989489,-0.005385614723415752,-0.18006434182740083,-0.07292984734118124,-0.23049969611830784,1.0,-0.3047199436760513,0.005405224007977449,-0.11427053259880496,-0.057384945771938145,-0.015544260740185634,-0.03480131671267998,-0.31772781040519127,0.04950010303139312,-0.23907585952164992,0.12739117316077256,-0.08500026065187218,-0.021586261300685212,-0.09532231069856276
-0.028479541720443285,0.08392778143124431,0.21768399301229474,0.3313923662924685,0.6146947756313577,-0.3047199436760513,1.0,0.7956174052373498,0.355118290622959,0.39330836715744216,-0.020854433528913613,0.14018598721436829,0.3902598579734632,0.15816964653442828,0.42480319388941234,0.333475976815206,0.14966128234200976,0.5597301494208193,0.8409026584832238
0.07072274273348268,0.20190509683464591,0.3773096839444006,0.48230251368082494,0.6553540627814679,0.005405224007977449,0.7956174052373498,1.0,0.5097738006296416,0.35955299277136205,0.24842404514250746,0.31253891867801054,0.33909317310746195,0.4392093363256104,0.3468589734951587,0.311400907919295,0.33417108832134523,0.7104530990639,0.8730366987391776
0.20171660155163218,0.29262315686474716,0.3871189981035556,0.5841878679307254,0.47642060216336213,-0.11427053259880496,0.355118290622959,0.5097738006296416,1.0,0.06025414958476065,0.11364848973188722,0.5283239117416084,0.22895466081507052,0.3932113096779792,-0.07659194395672013,-0.05847842395873785,0.420826341225876,0.5422431906761994,0.44824031585338153
-0.1810349091891803,-0.15443963016218779,-0.04118108557402505,-0.057619385742712546,0.07254036352174854,-0.057384945771938145,0.39330836715744216,0.35955299277136205,0.06025414958476065,1.0,-0.14707669076797694,-0.1837827231017562,0.04059922912111607,-0.15413583411124113,0.22534080040850754,0.3314952013964824,-0.13032633694105739,0.10038100662298102,0.38326499137867176
0.4939830991973959,0.4905585881504371,0.5461761979581856,0.561841675187027,0.32887939041175296,-0.015544260740185634,-0.020854433528913613,0.24842404514250746,0.11364848973188722,-0.14707669076797694,1.0,0.5504752406750826,0.25961703700157174,0.40836636214681293,-0.019701260486816006,-0.14361061015531587,0.5594271591871608,0.4183321787351734,0.061069184949239456
0.6046579183326136,0.7272002817404403,0.5100577272289881,0.7665490042143315,0.4544988924908449,-0.03480131671267998,0.14018598721436829,0.31253891867801054,0.5283239117416084,-0.1837827231017562,0.5504752406750826,1.0,0.4232590655226623,0.5697138346007202,0.02337710726235311,-0.1763357521228684,0.663231576677287,0.5099257279015669,0.14299341148162073
0.33655405869133936,0.4333679143748036,0.2626149835715754,0.43562819332278074,0.41702603719712017,-0.31772781040519127,0.3902598579734632,0.33909317310746195,0.22895466081507052,0.04059922912111607,0.25961703700157174,0.4232590655226623,1.0,0.08815007658509619,0.4041122186115757,0.07999438945194533,0.2266003659127034,0.38509589617607654,0.20168487806825355
0.180081269651214,0.2849783162311432,0.23089023297154465,0.40903789568693366,0.24383361313427876,0.04950010303139312,0.15816964653442828,0.4392093363256104,0.3932113096779792,-0.15413583411124113,0.40836636214681293,0.5697138346007202,0.08815007658509619,1.0,0.02788435726593828,-0.054283883004589126,0.3802864757129458,0.3819159468958802,0.2249824052705542
-0.029738889844363008,0.10969258237972639,0.05709544683422179,0.1736770291166299,0.15198097968054655,-0.23907585952164992,0.42480319388941234,0.3468589734951587,-0.07659194395672013,0.22534080040850754,-0.019701260486816006,0.02337710726235311,0.4041122186115757,0.02788435726593828,1.0,0.36667252809932793,-0.05597710527725496,0.20729570720517645,0.18978235435521915
-0.20746850105958242,-0.17729845776641415,-0.020039483775944503,-0.08889605597479228,0.11974493057387504,0.12739117316077256,0.333475976815206,0.311400907919295,-0.05847842395873785,0.3314952013964824,-0.14361061015531587,-0.1763357521228684,0.07999438945194533,-0.054283883004589126,0.36667252809932793,1.0,-0.18096291648421867,0.08242382601863756,0.31041892877941324
0.5494277247061417,0.6123920876608623,0.8543591434722142,0.8663570717346785,0.6037579136817637,-0.08500026065187218,0.14966128234200976,0.33417108832134523,0.420826341225876,-0.13032633694105739,0.5594271591871608,0.663231576677287,0.2266003659127034,0.3802864757129458,-0.05597710527725496,-0.18096291648421867,1.0,0.6611529548937252,0.20858542135476563
0.3119167414303605,0.4162212055897556,0.605234585849453,0.6998017291668385,0.7939018546895656,-0.021586261300685212,0.5597301494208193,0.7104530990639,0.5422431906761994,0.10038100662298102,0.4183321787351734,0.5099257279015669,0.38509589617607654,0.3819159468958802,0.20729570720517645,0.08242382601863756,0.6611529548937252,1.0,0.6093786789213557
-0.032873323346015317,0.06262310623612831,0.2355985006608217,0.33012938782988877,0.6055968788982453,-0.09532231069856276,0.8409026584832238,0.8730366987391776,0.44824031585338153,0.38326499137867176,0.061069184949239456,0.14299341148162073,0.20168487806825355,0.2249824052705542,0.18978235435521915,0.31041892877941324,0.20858542135476563,0.6093786789213557,1.0
