0,1,2,3,4,5,6,7,8,9,10,11,12,13,14,15,16,17,18
1.0,0.3273885245840888,0.7124476788832238,0.5221753639033249,0.5175855673830644,0.45209678534930897,0.3492538525514091,0.40881843917539534,0.21282266756884657,0.21793697177123253,0.6817933761993146,0.5318677236037443,0.38739608939620457,0.6292598328327895,0.3201744155993783,0.279462055567934,0.5987237379342608,0.3837651530693165,0.4337146714113886
0.3273885245840888,1.0,0.6646406235022848,0.7905851347292489,0.5766700448013277,0.7317955624799009,0.46645699780491007,0.6107545687676796,0.2253112017937147,0.4007895570990002,0.5488410823943711,0.7557683466873223,0.40350927520245394,0.6869280453664742,0.41056495869161896,0.5856262562268384,0.6312586153687042,0.6008291571042963,0.5028828768405574
0.7124476788832238,0.6646406235022848,1.0,0.6866766075274492,0.815465276557248,0.630099858685055,0.6096380283559762,0.5386190356266821,0.3260184690437326,0.2955561564507374,0.8220980617467446,0.662096816667588,0.5747032353914224,0.6492422734152146,0.4869754531517219,0.35859068482493867,0.796780864519397,0.5665206676404426,0.6390864084676265
0.5221753639033249,0.7905851347292489,0.6866766075274492,1.0,0.5443324563871311,0.746288749566359,0.41754468477577045,0.5022010119797763,0.1611783454838994,0.3113889053047117,0.4363827729091741,0.7917540937177122,0.330831688211618,0.4745424618082244,0.29621225250916716,0.4059365074194686,0.7145699148872598,0.6481762968260465,0.44687139131756143
0.5175855673830644,0.5766700448013277,0.815465276557248,0.5443324563871311,1.0,0.7613077898721531,0.8880915388025546,0.7092379541682957,0.4778843148778777,0.43718837162729035,0.6992956737047684,0.5525607132535488,0.7497378121844139,0.6087566072460688,0.7062333344830471,0.48382222783527934,0.6555325148445279,0.7288326352846678,0.860624303199037
0.45209678534930897,0.7317955624799009,0.630099858685055,0.746288749566359,0.7613077898721531,1.0,0.7204127878485933,0.8041013952187778,0.37560865639774393,0.5604672449218239,0.42964053763808513,0.6122706692764729,0.5011152394061049,0.522176570957114,0.5135756091252027,0.6167550770150483,0.5732307501356093,0.8756732308631512,0.7498346834803278
0.3492538525514091,0.46645699780491007,0.6096380283559762,0.41754468477577045,0.8880915388025546,0.7204127878485933,1.0,0.7535731635861709,0.624633066493218,0.4977947176894528,0.5116892514896153,0.4571659167438222,0.7290913282742225,0.5390187395203676,0.7959664545595482,0.4844826687241948,0.529849888446467,0.6993307271435846,0.9247622182740581
0.40881843917539534,0.6107545687676796,0.5386190356266821,0.5022010119797763,0.7092379541682957,0.8041013952187778,0.7535731635861709,1.0,0.4918692259855137,0.8046938676079659,0.48119091043259543,0.5019872588330533,0.5956198454566493,0.585224726699924,0.5955228657807001,0.7388580676159692,0.3553325762359357,0.7779172532479017,0.8189777664102553
0.21282266756884657,0.2253112017937147,0.3260184690437326,0.1611783454838994,0.4778843148778777,0.37560865639774393,0.624633066493218,0.4918692259855137,1.0,0.47802117428597096,0.2789156345157587,0.19746494423259414,0.45299930561295737,0.2996045274199434,0.6397559984255248,0.3480632414334567,0.32590061044577534,0.30206669513669293,0.5892426079001543
0.21793697177123253,0.4007895570990002,0.2955561564507374,0.3113889053047117,0.43718837162729035,0.5604672449218239,0.4977947176894528,0.8046938676079659,0.47802117428597096,1.0,0.2647584494524357,0.27513114428691077,0.4061390343430508,0.3073142082946711,0.5008206250171701,0.730330018340753,0.18434220755240485,0.4868300680292205,0.5414153044491731
0.6817933761993146,0.5488410823943711,0.8220980617467446,0.4363827729091741,0.6992956737047684,0.42964053763808513,0.5116892514896153,0.48119091043259543,0.2789156345157587,0.2647584494524357,1.0,0.5932239005234172,0.6526386024175227,0.730411341230635,0.4970113216762329,0.30889619733174145,0.5657084307408237,0.409424208248952,0.5463385224950622
0.5318677236037443,0.7557683466873223,0.662096816667588,0.7917540937177122,0.5525607132535488,0.6122706692764729,0.4571659167438222,0.5019872588330533,0.19746494423259414,0.27513114428691077,0.5932239005234172,1.0,0.46007373608862245,0.7610275024017712,0.39074998005741607,0.4002722435048907,0.5720784529401839,0.534958617388878,0.48424465222575513
0.38739608939620457,0.40350927520245394,0.5747032353914224,0.330831688211618,0.7497378121844139,0.5011152394061049,0.7290913282742225,0.5956198454566493,0.45299930561295737,0.4061390343430508,0.6526386024175227,0.46007373608862245,1.0,0.5655218858598785,0.7846125026310439,0.4013462453212238,0.33076001130565313,0.570995269158519,0.661789498159961
0.6292598328327895,0.6869280453664742,0.6492422734152146,0.4745424618082244,0.6087566072460688,0.522176570957114,0.5390187395203676,0.585224726699924,0.2996045274199434,0.3073142082946711,0.730411341230635,0.7610275024017712,0.5655218858598785,1.0,0.48002774517140484,0.4150270717216905,0.4754038354414288,0.5069303130504554,0.6051034669713885
0.3201744155993783,0.41056495869161896,0.4869754531517219,0.29621225250916716,0.7062333344830471,0.5135756091252027,0.7959664545595482,0.5955228657807001,0.6397559984255248,0.5008206250171701,0.4970113216762329,0.39074998005741607,0.7846125026310439,0.48002774517140484,1.0,0.4823302815141995,0.426981925389757,0.436380649489002,0.6800146888344545
0.279462055567934,0.5856262562268384,0.35859068482493867,0.4059365074194686,0.48382222783527934,0.6167550770150483,0.4844826687241948,0.7388580676159692,0.3480632414334567,0.730330018340753,0.30889619733174145,0.4002722435048907,0.4013462453212238,0.4150270717216905,0.4823302815141995,1.0,0.2303351633118484,0.5361991428310527,0.5281894198213631
0.5987237379342608,0.6312586153687042,0.796780864519397,0.7145699148872598,0.6555325148445279,0.5732307501356093,0.529849888446467,0.3553325762359357,0.32590061044577534,0.18434220755240485,0.5657084307408237,0.5720784529401839,0.33076001130565313,0.4754038354414288,0.426981925389757,0.2303351633118484,1.0,0.4163253357380837,0.5698747432415903
0.3837651530693165,0.6008291571042963,0.5665206676404426,0.6481762968260465,0.7288326352846678,0.8756732308631512,0.6993307271435846,0.7779172532479017,0.30206669513669293,0.4868300680292205,0.409424208248952,0.534958617388878,0.570995269158519,0.5069303130504554,0.436380649489002,0.5361991428310527,0.4163253357380837,1.0,0.752692161441591
0.4337146714113886,0.5028828768405574,0.6390864084676265,0.44687139131756143,0.860624303199037,0.7498346834803278,0.9247622182740581,0.8189777664102553,0.5892426079001543,0.5414153044491731,0.5463385224950622,0.48424465222575513,0.661789498159961,0.6051034669713885,0.6800146888344545,0.5281894198213631,0.5698747432415903,0.752692161441591,1.0
