0,1,2,3,4,5,6,7,8,9,10,11,12,13,14,15,16,17,18
1.0,-0.026560556731988517,0.5810491226053882,0.4599666613012483,0.3953804993405335,0.34553109858742215,0.27895964649683397,0.21099861030746578,0.08220745661816072,0.13042149801550898,0.5252598578422226,0.32364983264454356,0.30755300308483374,0.38694718586536314,0.19782371651954342,0.2704221400089863,0.558801036381239,0.2798513586109214,0.2846305896457225
-0.026560556731988517,1.0,0.46259446639426194,0.7260571344079251,0.38708620610757427,0.6744105492963536,0.23638198395883153,0.46254957889316956,-0.07473435978507831,0.28640298277028464,0.37164038758981416,0.5652106752651421,0.28787666393672645,0.5958048568844941,0.15653077636011525,0.4153157515157557,0.5524334436281716,0.5625360250182758,0.263326587054266
0.5810491226053882,0.46259446639426194,1.0,0.6628428590901625,0.7884603744810413,0.5580219092943023,0.5575250203646577,0.2900974325770114,0.18582969883673775,0.12674079823525872,0.85034487158685,0.5080337763836175,0.5698129584740024,0.47327338258238516,0.3289099873401447,0.21041846986003826,0.80336995292511,0.5316213646217498,0.48850634070949744
0.4599666613012483,0.7260571344079251,0.6628428590901625,1.0,0.472152441441692,0.6544576124923568,0.3099666764568485,0.3332209593225472,-0.03622575983473983,0.2043197554012448,0.4956759211943947,0.8071275998397162,0.31642794773676863,0.4594208784551185,0.1497386639824556,0.23438929661897415,0.8066024022438532,0.574400240814545,0.3004618472221152
0.3953804993405335,0.38708620610757427,0.7884603744810413,0.472152441441692,1.0,0.707089329669499,0.8506118064972774,0.5299254020286869,0.38901603620133907,0.2870383681652196,0.7398277850537428,0.36714735535647786,0.7849964989694154,0.5239424281521333,0.5692482399624398,0.36907367967953614,0.6031258588706186,0.7113087995893062,0.7511786789173573
0.34553109858742215,0.6744105492963536,0.5580219092943023,0.6544576124923568,0.707089329669499,1.0,0.6179133925846438,0.7216392898291701,0.1677402173208007,0.4668688627635211,0.47346201846365366,0.48398728795988233,0.5017039409276068,0.6204962341235145,0.3376006121740262,0.5256424022684302,0.5482644445001378,0.9245941586441422,0.666466671299695
0.27895964649683397,0.23638198395883153,0.5575250203646577,0.3099666764568485,0.8506118064972774,0.6179133925846438,1.0,0.6384791873685958,0.6290800436146133,0.4129676867018584,0.5060221310920175,0.236524355691751,0.7447721378757198,0.4534656807714093,0.7036063110643892,0.469580202571138,0.4604028777723187,0.65531793410162,0.8936246126595137
0.21099861030746578,0.46254957889316956,0.2900974325770114,0.3332209593225472,0.5299254020286869,0.7216392898291701,0.6384791873685958,1.0,0.40392711604774173,0.8251212806469791,0.24708248309914765,0.19184719776033873,0.46203943887769,0.514177455696898,0.4608168236650405,0.7554882927182055,0.232217270336672,0.6990187103405096,0.6920927033580594
0.08220745661816072,-0.07473435978507831,0.18582969883673775,-0.03622575983473983,0.38901603620133907,0.1677402173208007,0.6290800436146133,0.40392711604774173,1.0,0.3962967211314318,0.13028741170418176,-0.014199263156156808,0.4277558548457544,0.19154401078166058,0.5724239852466019,0.28146266589029606,0.1316617985178395,0.19090582135609174,0.5941327661305144
0.13042149801550898,0.28640298277028464,0.12674079823525872,0.2043197554012448,0.2870383681652196,0.4668688627635211,0.4129676867018584,0.8251212806469791,0.3962967211314318,1.0,0.11053734133441945,0.07687681988180513,0.2950107491296678,0.29515973091218056,0.38741530726873097,0.7179645578023742,0.1022915969548997,0.4513340561746894,0.4576821928581501
0.5252598578422226,0.37164038758981416,0.85034487158685,0.4956759211943947,0.7398277850537428,0.47346201846365366,0.5060221310920175,0.24708248309914765,0.13028741170418176,0.11053734133441945,1.0,0.40770842471477,0.617113644811172,0.47484719673843384,0.35812830516862826,0.23222167906429442,0.6151242271534364,0.45395190095762644,0.4353485370544651
0.32364983264454356,0.5652106752651421,0.5080337763836175,0.8071275998397162,0.36714735535647786,0.48398728795988233,0.236524355691751,0.19184719776033873,-0.014199263156156808,0.07687681988180513,0.40770842471477,1.0,0.25343115684780443,0.5254253566800183,0.11328015844555356,0.15083424415102403,0.6376321658089824,0.3824505111875867,0.2360990861802808
0.30755300308483374,0.28787666393672645,0.5698129584740024,0.31642794773676863,0.7849964989694154,0.5017039409276068,0.7447721378757198,0.46203943887769,0.4277558548457544,0.2950107491296678,0.617113644811172,0.25343115684780443,1.0,0.4333333294759182,0.8184010823816504,0.39735238925421984,0.40282718228708575,0.48910572177860523,0.5878627126218702
0.38694718586536314,0.5958048568844941,0.47327338258238516,0.4594208784551185,0.5239424281521333,0.6204962341235145,0.4534656807714093,0.514177455696898,0.19154401078166058,0.29515973091218056,0.47484719673843384,0.5254253566800183,0.4333333294759182,1.0,0.32539282203615116,0.5187075911768687,0.48190701939481445,0.4980117092838575,0.5264031860763946
0.19782371651954342,0.15653077636011525,0.3289099873401447,0.1497386639824556,0.5692482399624398,0.3376006121740262,0.7036063110643892,0.4608168236650405,0.5724239852466019,0.38741530726873097,0.35812830516862826,0.11328015844555356,0.8184010823816504,0.32539282203615116,1.0,0.45288694163143633,0.2406652555717907,0.3454773897501676,0.5519610407753165
0.2704221400089863,0.4153157515157557,0.21041846986003826,0.23438929661897415,0.36907367967953614,0.5256424022684302,0.469580202571138,0.7554882927182055,0.28146266589029606,0.7179645578023742,0.23222167906429442,0.15083424415102403,0.39735238925421984,0.5187075911768687,0.45288694163143633,1.0,0.19095759360248973,0.45379036027158526,0.5162189731447069
0.558801036381239,0.5524334436281716,0.80336995292511,0.8066024022438532,0.6031258588706186,0.5482644445001378,0.4604028777723187,0.232217270336672,0.1316617985178395,0.1022915969548997,0.6151242271534364,0.6376321658089824,0.40282718228708575,0.48190701939481445,0.2406652555717907,0.19095759360248973,1.0,0.5076436995787816,0.48278250418634855
0.2798513586109214,0.5625360250182758,0.5316213646217498,0.574400240814545,0.7113087995893062,0.9245941586441422,0.65531793410162,0.6990187103405096,0.19090582135609174,0.4513340561746894,0.45395190095762644,0.3824505111875867,0.48910572177860523,0.4980117092838575,0.3454773897501676,0.45379036027158526,0.5076436995787816,1.0,0.7092172375021008
0.2846305896457225,0.263326587054266,0.48850634070949744,0.3004618472221152,0.7511786789173573,0.666466671299695,0.8936246126595137,0.6920927033580594,0.5941327661305144,0.4576821928581501,0.4353485370544651,0.2360990861802808,0.5878627126218702,0.5264031860763946,0.5519610407753165,0.5162189731447069,0.48278250418634855,0.7092172375021008,1.0
