0,1,2,3,4,5,6,7,8,9,10,11,12,13,14,15,16,17,18
1.0,-0.007450906135636992,0.5097558704473607,0.41059732895015905,0.35125340725418047,0.35291653552205887,0.25171105794427584,0.2566877386958709,0.09800581289082635,0.09650889964118745,0.5214300159171557,0.3169259993255,0.25767817883613514,0.4573735870734277,0.13414390191102243,0.18961793860922901,0.46445050642870067,0.32403082445113895,0.2513894887630202
-0.007450906135636992,1.0,0.5133563892550536,0.7795672230622496,0.444402129544219,0.6827330062434408,0.2958913837634757,0.4596307689795917,0.060408845341967665,0.24527323335399004,0.45042627131460344,0.6307904188049925,0.3501935740821427,0.6186285765279015,0.24763302792406075,0.4320566205285561,0.6108480945609808,0.5689387696292508,0.318198494278427
0.5097558704473607,0.5133563892550536,1.0,0.607587276551299,0.8136070036162455,0.5540396062610886,0.5853353776041573,0.3570374130886016,0.2776583847775111,0.15269734798252727,0.86256975116501,0.541810677531709,0.6189978377168519,0.5686405764321886,0.4435641637159803,0.24187496901763875,0.7501305352480208,0.5349296120267348,0.5195487521284617
0.41059732895015905,0.7795672230622496,0.607587276551299,1.0,0.45805093844451683,0.7241750390588785,0.3047870603643298,0.35771793331508467,0.02086689876115411,0.19009196865998995,0.48180083182417593,0.7986520522077172,0.30584223086558404,0.5413970722503545,0.18393463712026237,0.27271650408415005,0.7721104875561068,0.6171072395397035,0.317802698478698
0.35125340725418047,0.444402129544219,0.8136070036162455,0.45805093844451683,1.0,0.6852712089559545,0.8498408269487012,0.6085086249447372,0.4191167228721874,0.32945404208965756,0.7603917621683861,0.4174591382064193,0.7883370395389765,0.5846719855443735,0.6376225931581608,0.39833771492714765,0.601749937072354,0.7274421953800814,0.7826601913950725
0.35291653552205887,0.6827330062434408,0.5540396062610886,0.7241750390588785,0.6852712089559545,1.0,0.6368211443525862,0.7240506950407031,0.2457799965412472,0.42385902107866086,0.46786070726948203,0.5797132602377159,0.4734625128656985,0.6201804978404267,0.39208217270043944,0.49611181132071397,0.5714462359974317,0.9071152548341317,0.6745554556129941
0.25171105794427584,0.2958913837634757,0.5853353776041573,0.3047870603643298,0.8498408269487012,0.6368211443525862,1.0,0.7128766543937994,0.6343537818707956,0.4333919678896482,0.5397703055267056,0.2758710592652748,0.775007767110739,0.5087514214069978,0.7755104435669383,0.45149645041292247,0.4755151515231618,0.7063709791425018,0.9203580166282785
0.2566877386958709,0.4596307689795917,0.3570374130886016,0.35771793331508467,0.6085086249447372,0.7240506950407031,0.7128766543937994,1.0,0.46261390297582383,0.7593231028174919,0.3700346349467518,0.2218960407409254,0.5542985686011411,0.5180721983680248,0.5693781390834425,0.7315062374700652,0.2980756436467327,0.7325967049937281,0.7517719357058591
0.09800581289082635,0.060408845341967665,0.2776583847775111,0.02086689876115411,0.4191167228721874,0.2457799965412472,0.6343537818707956,0.46261390297582383,1.0,0.4566691766831375,0.21913436520830695,0.019209877978204157,0.4401622758879446,0.23876546526494935,0.605350550517294,0.3034091110224002,0.279562489505991,0.256968185286259,0.6288787969878081
0.09650889964118745,0.24527323335399004,0.15269734798252727,0.19009196865998995,0.32945404208965756,0.42385902107866086,0.4333919678896482,0.7593231028174919,0.4566691766831375,1.0,0.1545268169329905,0.06334593158279073,0.3516143374763628,0.21401439402272868,0.4515174861161946,0.6971589740912736,0.11408119747223663,0.42610008389805143,0.46312972821945364
0.5214300159171557,0.45042627131460344,0.86256975116501,0.48180083182417593,0.7603917621683861,0.46786070726948203,0.5397703055267056,0.3700346349467518,0.21913436520830695,0.1545268169329905,1.0,0.4874385880931545,0.6604497938984013,0.6398134606290685,0.43478984627356665,0.2673089783711633,0.5829498306119681,0.47855559585638724,0.447479745684436
0.3169259993255,0.6307904188049925,0.541810677531709,0.7986520522077172,0.4174591382064193,0.5797132602377159,0.2758710592652748,0.2218960407409254,0.019209877978204157,0.06334593158279073,0.4874385880931545,1.0,0.3029965399335715,0.6508656047611824,0.18199082119973564,0.18597813254441445,0.6208780571473028,0.4555455869108913,0.27528756994986775
0.25767817883613514,0.3501935740821427,0.6189978377168519,0.30584223086558404,0.7883370395389765,0.4734625128656985,0.775007767110739,0.5542985686011411,0.4401622758879446,0.3516143374763628,0.6604497938984013,0.3029965399335715,1.0,0.5273858496000806,0.8018304457803948,0.4118292469003577,0.4107270032916684,0.5252156149397204,0.6519455995288839
0.4573735870734277,0.6186285765279015,0.5686405764321886,0.5413970722503545,0.5846719855443735,0.6201804978404267,0.5087514214069978,0.5180721983680248,0.23876546526494935,0.21401439402272868,0.6398134606290685,0.6508656047611824,0.5273858496000806,1.0,0.35648477566488024,0.3900602615052656,0.5267104489168708,0.5714216881663934,0.5184695400182645
0.13414390191102243,0.24763302792406075,0.4435641637159803,0.18393463712026237,0.6376225931581608,0.39208217270043944,0.7755104435669383,0.5693781390834425,0.605350550517294,0.4515174861161946,0.43478984627356665,0.18199082119973564,0.8018304457803948,0.35648477566488024,1.0,0.41848001266457086,0.33555150785600857,0.4316739476298663,0.6702980503861394
0.18961793860922901,0.4320566205285561,0.24187496901763875,0.27271650408415005,0.39833771492714765,0.49611181132071397,0.45149645041292247,0.7315062374700652,0.3034091110224002,0.6971589740912736,0.2673089783711633,0.18597813254441445,0.4118292469003577,0.3900602615052656,0.41848001266457086,1.0,0.19032584617064544,0.4668266053647035,0.4944564967196847
0.46445050642870067,0.6108480945609808,0.7501305352480208,0.7721104875561068,0.601749937072354,0.5714462359974317,0.4755151515231618,0.2980756436467327,0.279562489505991,0.11408119747223663,0.5829498306119681,0.6208780571473028,0.4107270032916684,0.5267104489168708,0.33555150785600857,0.19032584617064544,1.0,0.5445358234282442,0.5185749426792451
0.32403082445113895,0.5689387696292508,0.5349296120267348,0.6171072395397035,0.7274421953800814,0.9071152548341317,0.7063709791425018,0.7325967049937281,0.256968185286259,0.42610008389805143,0.47855559585638724,0.4555455869108913,0.5252156149397204,0.5714216881663934,0.4316739476298663,0.4668266053647035,0.5445358234282442,1.0,0.733094199416803
0.2513894887630202,0.318198494278427,0.5195487521284617,0.317802698478698,0.7826601913950725,0.6745554556129941,0.9203580166282785,0.7517719357058591,0.6288787969878081,0.46312972821945364,0.447479745684436,0.27528756994986775,0.6519455995288839,0.5184695400182645,0.6702980503861394,0.4944564967196847,0.5185749426792451,0.733094199416803,1.0
