0,1,2,3,4,5,6,7,8,9,10,11,12,13,14,15,16,17,18
1.0,0.8051639741021116,0.5830490046045962,0.3253193547938638,0.1686171313161532,-0.007404289980683553,-0.2880574818187762,-0.17893860903686792,-0.3013750810609553,-0.24575871599936247,0.6704603947503887,0.10514697411799645,-0.10885687168609123,-0.1772944438366588,-0.36986937970136197,-0.29699496841883194,0.4330569936119353,0.05798940627155155,-0.19681102080593507
0.8051639741021116,1.0,0.5362763724890325,0.578887724823854,0.07465901216898892,0.18234368245191024,-0.33095134085497996,-0.12570325452500497,-0.3543217010323286,-0.2622526703247422,0.6154205869208907,0.2691599997593443,-0.11292900342415944,-0.23195983122191402,-0.3909050288404968,-0.4398663281826171,0.4353182661986354,0.2421091018254479,-0.2610228916910327
0.5830490046045962,0.5362763724890325,1.0,0.6227931458889412,0.5214758268512684,0.3165189291854325,-0.21412243249575183,-0.07975439572146038,-0.5095304550090033,-0.3398006172145388,0.7242413864616386,0.23261914279709833,-0.023833660189489132,-0.2575112775991613,-0.5739644308971973,-0.5063277221639233,0.8136013227683543,0.3615397390561054,-0.038051788448132104
0.3253193547938638,0.578887724823854,0.6227931458889412,1.0,0.44231932527062845,0.6677048194262065,-0.02967852253339441,0.2386246619624778,-0.3214548087066389,-0.12549819539448226,0.486173079471675,0.568373752796884,0.037379003905197945,0.020545590147247203,-0.31319522504212954,-0.3942373032538496,0.6548712037303218,0.7318504659146002,0.07268539441704404
0.1686171313161532,0.07465901216898892,0.5214758268512684,0.44231932527062845,1.0,0.6062434204744755,0.4779727031323411,0.44063119154086583,-0.10402790159865712,0.035917769881943507,0.4402909315248372,0.31896429637734935,0.4399898271464994,0.28019961276813576,0.003765382564241207,-0.12309684772302602,0.5033177165959039,0.6192212271542128,0.5062492022010164
-0.007404289980683553,0.18234368245191024,0.3165189291854325,0.6677048194262065,0.6062434204744755,1.0,0.458382472000811,0.7238122543522867,-0.02915616635784649,0.24084853493532207,0.25055831896023956,0.5314079466205704,0.250864391615073,0.5465834903654064,-0.0431745280369787,-0.013596864341473624,0.3966782559013,0.8904525369446951,0.573703428894944
-0.2880574818187762,-0.33095134085497996,-0.21412243249575183,-0.02967852253339441,0.4779727031323411,0.458382472000811,1.0,0.7075650021935046,0.5876517565011978,0.4907683697868008,-0.14259658979054063,0.08766193242140623,0.502093578016578,0.47021698008454627,0.3671802423018758,0.2754132516712887,-0.09212266244764011,0.491764003395401,0.8441634851720691
-0.17893860903686792,-0.12570325452500497,-0.07975439572146038,0.2386246619624778,0.44063119154086583,0.7238122543522867,0.7075650021935046,1.0,0.3303407159394213,0.7298129184656708,-0.05229083017012501,0.2936512598636274,0.2743674824883146,0.7999675904705532,0.1218803558065107,0.4754356047569952,0.0330398753904917,0.6868632348045322,0.8607917472778794
-0.3013750810609553,-0.3543217010323286,-0.5095304550090033,-0.3214548087066389,-0.10402790159865712,-0.02915616635784649,0.5876517565011978,0.3303407159394213,1.0,0.5759483249512882,-0.4699301396473326,-0.17126601979330053,0.09545213902523285,0.17334066101017168,0.35571087991609124,0.41400886013752686,-0.41771071430747936,0.008390956290684464,0.428304763754879
-0.24575871599936247,-0.2622526703247422,-0.3398006172145388,-0.12549819539448226,0.035917769881943507,0.24084853493532207,0.4907683697868008,0.7298129184656708,0.5759483249512882,1.0,-0.31561699469623206,0.006555073105191604,0.09504647545785809,0.6011634524466091,0.16739682122584423,0.7704986530343164,-0.2622704511244712,0.23086216060739762,0.5984024435785609
0.6704603947503887,0.6154205869208907,0.7242413864616386,0.486173079471675,0.4402909315248372,0.25055831896023956,-0.14259658979054063,-0.05229083017012501,-0.4699301396473326,-0.31561699469623206,1.0,0.29754139958379905,0.2497659803199778,-0.15182741772194877,-0.2512744869440794,-0.4715960712702526,0.47139153071890255,0.31164794137763624,-0.10850904181455232
0.10514697411799645,0.2691599997593443,0.23261914279709833,0.568373752796884,0.31896429637734935,0.5314079466205704,0.08766193242140623,0.2936512598636274,-0.17126601979330053,0.006555073105191604,0.29754139958379905,1.0,0.11378981701756039,0.2563243956510916,-0.17130219790662227,-0.19449133234033072,0.3308114034419608,0.5047789202716279,0.12532481994738326
-0.10885687168609123,-0.11292900342415944,-0.023833660189489132,0.037379003905197945,0.4399898271464994,0.250864391615073,0.502093578016578,0.2743674824883146,0.09545213902523285,0.09504647545785809,0.2497659803199778,0.11378981701756039,1.0,0.20289900417478363,0.46346617443197524,-0.031206660332047515,-0.10201326107824231,0.2973759072415172,0.2723805781530238
-0.1772944438366588,-0.23195983122191402,-0.2575112775991613,0.020545590147247203,0.28019961276813576,0.5465834903654064,0.47021698008454627,0.7999675904705532,0.17334066101017168,0.6011634524466091,-0.15182741772194877,0.2563243956510916,0.20289900417478363,1.0,0.05767614542039118,0.6297704686793694,-0.15783864393838912,0.45604210357768704,0.6301540999219057
-0.36986937970136197,-0.3909050288404968,-0.5739644308971973,-0.31319522504212954,0.003765382564241207,-0.0431745280369787,0.3671802423018758,0.1218803558065107,0.35571087991609124,0.16739682122584423,-0.2512744869440794,-0.17130219790662227,0.46346617443197524,0.05767614542039118,1.0,0.07493949563293541,-0.62724129717096,0.0011175398773178521,0.08369315455914397
-0.29699496841883194,-0.4398663281826171,-0.5063277221639233,-0.3942373032538496,-0.12309684772302602,-0.013596864341473624,0.2754132516712887,0.4754356047569952,0.41400886013752686,0.7704986530343164,-0.4715960712702526,-0.19449133234033072,-0.031206660332047515,0.6297704686793694,0.07493949563293541,1.0,-0.4409607197453246,-0.05918146261771833,0.38645758943179703
0.4330569936119353,0.4353182661986354,0.8136013227683543,0.6548712037303218,0.5033177165959039,0.3966782559013,-0.09212266244764011,0.0330398753904917,-0.41771071430747936,-0.2622704511244712,0.47139153071890255,0.3308114034419608,-0.10201326107824231,-0.15783864393838912,-0.62724129717096,-0.4409607197453246,1.0,0.45639447816324963,0.13397576825470978
0.05798940627155155,0.2421091018254479,0.3615397390561054,0.7318504659146002,0.6192212271542128,0.8904525369446951,0.491764003395401,0.6868632348045322,0.008390956290684464,0.23086216060739762,0.31164794137763624,0.5047789202716279,0.2973759072415172,0.45604210357768704,0.0011175398773178521,-0.05918146261771833,0.45639447816324963,1.0,0.5735254423157765
-0.19681102080593507,-0.2610228916910327,-0.038051788448132104,0.07268539441704404,0.5062492022010164,0.573703428894944,0.8441634851720691,0.8607917472778794,0.428304763754879,0.5984024435785609,-0.10850904181455232,0.12532481994738326,0.2723805781530238,0.6301540999219057,0.08369315455914397,0.38645758943179703,0.13397576825470978,0.5735254423157765,1.0
