0,1,2,3,4,5,6,7,8,9,10,11,12,13,14,15,16,17,18
1.0,0.8643123700722174,0.6758713171875005,0.7390560992238026,0.41302804773025575,0.48980003253802,0.1867338482215275,0.3543071791817364,0.13326342376139957,0.1942900005121004,0.542799973054765,0.4475559016464436,0.33581839183084955,0.5317533773510081,0.31156315161145065,0.19616640321958873,0.7559797175058026,0.28875437146252747,0.2331603935665179
0.8643123700722174,1.0,0.8164502742158574,0.8068738607914567,0.4453909181564821,0.5591220859826027,0.17457523623987367,0.4526149144153075,0.1543300621509553,0.25693488626213373,0.5554759146162509,0.57091748204279,0.21544065132197324,0.47785532850339935,0.2212352215441902,0.15756642145594976,0.8499276715734295,0.39605842942084446,0.19512722979910357
0.6758713171875005,0.8164502742158574,1.0,0.7740416539788645,0.40834083932920395,0.6072476536158953,0.13599403850748668,0.4554317600992049,0.009134397049863248,0.26386514383052406,0.5961448676028881,0.6405681343482481,0.17986858396198047,0.5906653083245219,0.12804494420992443,0.24893497445722637,0.8762301547288727,0.4916700772283141,0.02274750090681051
0.7390560992238026,0.8068738607914567,0.7740416539788645,1.0,0.5862838880442419,0.792338830192371,0.22825054098580463,0.6233343512255585,0.25099683384723037,0.2572222385662897,0.5763774547049115,0.5056891119624009,0.27728173263889444,0.5233920689352453,0.2781429979435174,0.02809110867794664,0.8794594344201736,0.5030004519348515,0.3343003166772531
0.41302804773025575,0.4453909181564821,0.40834083932920395,0.5862838880442419,1.0,0.7393301026916786,0.5231007606669074,0.6203217399289085,0.48571880617478697,0.44423910580539394,0.5820133809178778,0.5352937251795883,0.6688230575978815,0.6753677923163274,0.6523728640740137,0.3960012018619961,0.5487550929871581,0.7001535843412364,0.6340424140795131
0.48980003253802,0.5591220859826027,0.6072476536158953,0.792338830192371,0.7393301026916786,1.0,0.45008932649147076,0.8470848774466394,0.45889249463334864,0.4751729610326774,0.5050024496944548,0.3889529844691564,0.3327739916148789,0.6248426853765973,0.3499873405690898,0.08960920002498772,0.6906206086274604,0.6868283295018015,0.6018353345793452
0.1867338482215275,0.17457523623987367,0.13599403850748668,0.22825054098580463,0.5231007606669074,0.45008932649147076,1.0,0.510043573121295,0.5748004619192872,0.5070729613777291,0.4414094780444944,0.3104931453291999,0.4670920731913594,0.5756853345605603,0.5108412843111736,0.40990071337062456,0.19935042358769153,0.5610420682781382,0.576308567572257
0.3543071791817364,0.4526149144153075,0.4554317600992049,0.6233343512255585,0.6203217399289085,0.8470848774466394,0.510043573121295,1.0,0.636832070019473,0.6968149023407625,0.4467775830741528,0.3537896047182829,0.295026838893448,0.5551210067478132,0.36329571722809556,0.27937953404898525,0.5010313342837434,0.6168733200516986,0.692764755397649
0.13326342376139957,0.1543300621509553,0.009134397049863248,0.25099683384723037,0.48571880617478697,0.45889249463334864,0.5748004619192872,0.636832070019473,1.0,0.5921703208831843,0.2007424744736646,0.20775992287920014,0.37247482804036186,0.4917873605133899,0.5069425389600833,0.39850739516398187,0.13563993087738904,0.34478961769297084,0.8039627886954298
0.1942900005121004,0.25693488626213373,0.26386514383052406,0.2572222385662897,0.44423910580539394,0.4751729610326774,0.5070729613777291,0.6968149023407625,0.5921703208831843,1.0,0.38121554092171916,0.3508698520949912,0.3517784268721533,0.5227583656249354,0.40589322057634525,0.5199467299282123,0.31597519327079665,0.411909772422568,0.5993886224829879
0.542799973054765,0.5554759146162509,0.5961448676028881,0.5763774547049115,0.5820133809178778,0.5050024496944548,0.4414094780444944,0.4467775830741528,0.2007424744736646,0.38121554092171916,1.0,0.6050505421734976,0.6549875598202854,0.644528826079494,0.5849037657243691,0.5507396518335782,0.5845278688045069,0.5478900923172613,0.23815087064100576
0.4475559016464436,0.57091748204279,0.6405681343482481,0.5056891119624009,0.5352937251795883,0.3889529844691564,0.3104931453291999,0.3537896047182829,0.20775992287920014,0.3508698520949912,0.6050505421734976,1.0,0.38520188194039306,0.6570967828452908,0.35879574286159743,0.5623675015245445,0.6444613486506021,0.5590482538418041,0.24942804582013228
0.33581839183084955,0.21544065132197324,0.17986858396198047,0.27728173263889444,0.6688230575978815,0.3327739916148789,0.4670920731913594,0.295026838893448,0.37247482804036186,0.3517784268721533,0.6549875598202854,0.38520188194039306,1.0,0.5872531353088701,0.9399906513281002,0.5236067391741347,0.31296534948240284,0.36705856550760035,0.4552379234513427
0.5317533773510081,0.47785532850339935,0.5906653083245219,0.5233920689352453,0.6753677923163274,0.6248426853765973,0.5756853345605603,0.5551210067478132,0.4917873605133899,0.5227583656249354,0.644528826079494,0.6570967828452908,0.5872531353088701,1.0,0.5664664479865722,0.5992698126154088,0.6574119572176124,0.5025163690158124,0.5834022823869418
0.31156315161145065,0.2212352215441902,0.12804494420992443,0.2781429979435174,0.6523728640740137,0.3499873405690898,0.5108412843111736,0.36329571722809556,0.5069425389600833,0.40589322057634525,0.5849037657243691,0.35879574286159743,0.9399906513281002,0.5664664479865722,1.0,0.514554216134768,0.2934351561004047,0.36177049119911614,0.5373571617951391
0.19616640321958873,0.15756642145594976,0.24893497445722637,0.02809110867794664,0.3960012018619961,0.08960920002498772,0.40990071337062456,0.27937953404898525,0.39850739516398187,0.5199467299282123,0.5507396518335782,0.5623675015245445,0.5236067391741347,0.5992698126154088,0.514554216134768,1.0,0.22848395049230502,0.3133082481488116,0.3828461027530717
0.7559797175058026,0.8499276715734295,0.8762301547288727,0.8794594344201736,0.5487550929871581,0.6906206086274604,0.19935042358769153,0.5010313342837434,0.13563993087738904,0.31597519327079665,0.5845278688045069,0.6444613486506021,0.31296534948240284,0.6574119572176124,0.2934351561004047,0.22848395049230502,1.0,0.49356275820763995,0.25813584272697215
0.28875437146252747,0.39605842942084446,0.4916700772283141,0.5030004519348515,0.7001535843412364,0.6868283295018015,0.5610420682781382,0.6168733200516986,0.34478961769297084,0.411909772422568,0.5478900923172613,0.5590482538418041,0.36705856550760035,0.5025163690158124,0.36177049119911614,0.3133082481488116,0.49356275820763995,1.0,0.44763487217199355
0.2331603935665179,0.19512722979910357,0.02274750090681051,0.3343003166772531,0.6340424140795131,0.6018353345793452,0.576308567572257,0.692764755397649,0.8039627886954298,0.5993886224829879,0.23815087064100576,0.24942804582013228,0.4552379234513427,0.5834022823869418,0.5373571617951391,0.3828461027530717,0.25813584272697215,0.44763487217199355,1.0
