0,1,2,3,4,5,6,7,8,9,10,11,12,13,14,15,16,17,18
1.0,0.9195771487565562,0.8185546809810439,0.6619924282679885,0.2073275061355961,0.33348767841814764,0.07951634349155044,0.15856703766968422,0.10415902478336846,0.1990622599961085,0.4692212453779391,0.5442714847760005,0.27100066396470845,0.49012477810795735,0.21250971509743974,0.21433729648926902,0.7533947045956534,0.25465910954445187,0.1426154229302625
0.9195771487565562,1.0,0.7934242150819002,0.7144974355904582,0.3168914462084121,0.3516224778979082,0.1838626043523843,0.1937966345506359,0.1787817542291334,0.1851359797603629,0.49933482833972603,0.6291289110132584,0.31619412479158837,0.46604489219893913,0.2676752580514857,0.16711097852042592,0.7813225609838217,0.28323943147295466,0.22276902681685237
0.8185546809810439,0.7934242150819002,1.0,0.8657093846336048,0.48192597921325403,0.64264626077845,0.1919756456399855,0.39258003304254696,0.13618173324306884,0.3085609416566994,0.68312549491108,0.6797557994413309,0.4916270146987439,0.6767853561505798,0.39200098291389235,0.3245990692415323,0.9115928965364526,0.5453866282178216,0.23169355231273778
0.6619924282679885,0.7144974355904582,0.8657093846336048,1.0,0.5785422563223627,0.665190520380241,0.3042072208218039,0.3984748546670377,0.19852971555043084,0.24278269008633158,0.6203357040589884,0.6970248352173058,0.4891227572856279,0.5590471977162548,0.4301565936720312,0.18362338204363918,0.9263289415500354,0.5994743839443395,0.29461951110090256
0.2073275061355961,0.3168914462084121,0.48192597921325403,0.5785422563223627,1.0,0.7638803116328603,0.6878687568390452,0.635319568404025,0.4539727077221622,0.47716312228010316,0.5505039701446118,0.5768359233730966,0.7163634317290731,0.6626066980428673,0.6832448864594408,0.47942785626751183,0.5246068515067933,0.7289480788240431,0.5971700157654904
0.33348767841814764,0.3516224778979082,0.64264626077845,0.665190520380241,0.7638803116328603,1.0,0.6304357902413255,0.7900365221691179,0.4454846859735319,0.5621753818484401,0.5234556708487251,0.5284950392388483,0.5409675789856874,0.6891858457844081,0.4994847123460298,0.3523532276699294,0.6352188383612001,0.8767419132344828,0.6620052854295173
0.07951634349155044,0.1838626043523843,0.1919756456399855,0.3042072208218039,0.6878687568390452,0.6304357902413255,1.0,0.7156803012534374,0.7723202480264093,0.6851899458679023,0.26742214120726837,0.3916465610764513,0.4755997529267722,0.5815986650894642,0.5681226031292022,0.5390403820783137,0.25973569482076414,0.5167124740154508,0.8429498581091839
0.15856703766968422,0.1937966345506359,0.39258003304254696,0.3984748546670377,0.635319568404025,0.7900365221691179,0.7156803012534374,1.0,0.645047913807831,0.8363487651040663,0.39922682161823786,0.3639753409017582,0.4580688298642845,0.602405215777207,0.4953560063556836,0.5572018972542481,0.3470005954522714,0.7227688442438561,0.7978633857394115
0.10415902478336846,0.1787817542291334,0.13618173324306884,0.19852971555043084,0.4539727077221622,0.4454846859735319,0.7723202480264093,0.645047913807831,1.0,0.7382591821937619,0.14348734097879873,0.28830805057387554,0.36339657766041533,0.5352070500221221,0.5144305509735219,0.5850858115862438,0.19663113480832414,0.39558812326986575,0.839503249430787
0.1990622599961085,0.1851359797603629,0.3085609416566994,0.24278269008633158,0.47716312228010316,0.5621753818484401,0.6851899458679023,0.8363487651040663,0.7382591821937619,1.0,0.37864358896881817,0.2983514365310504,0.44058310101759396,0.5547226807435663,0.5270273494110632,0.7462273494725604,0.2613418559569615,0.5243129175970435,0.7638600794533353
0.4692212453779391,0.49933482833972603,0.68312549491108,0.6203357040589884,0.5505039701446118,0.5234556708487251,0.26742214120726837,0.39922682161823786,0.14348734097879873,0.37864358896881817,1.0,0.524878035389039,0.7477264317848678,0.6096500976501035,0.6568783697589717,0.5387348329463824,0.6283894895930892,0.45877667518908277,0.21707642976465644
0.5442714847760005,0.6291289110132584,0.6797557994413309,0.6970248352173058,0.5768359233730966,0.5284950392388483,0.3916465610764513,0.3639753409017582,0.28830805057387554,0.2983514365310504,0.524878035389039,1.0,0.41594488298047194,0.6611479654210646,0.39227576815129367,0.39294075560817177,0.7274315487589312,0.48768041853838695,0.3933686912948617
0.27100066396470845,0.31619412479158837,0.4916270146987439,0.4891227572856279,0.7163634317290731,0.5409675789856874,0.4755997529267722,0.4580688298642845,0.36339657766041533,0.44058310101759396,0.7477264317848678,0.41594488298047194,1.0,0.5863323196498491,0.934124764922921,0.5078441161674314,0.4865708461258389,0.5086421039059547,0.3858206012264581
0.49012477810795735,0.46604489219893913,0.6767853561505798,0.5590471977162548,0.6626066980428673,0.6891858457844081,0.5815986650894642,0.602405215777207,0.5352070500221221,0.5547226807435663,0.6096500976501035,0.6611479654210646,0.5863323196498491,1.0,0.5696471441761584,0.6357800761250219,0.6694226892759794,0.5046723257643728,0.6503287271148238
0.21250971509743974,0.2676752580514857,0.39200098291389235,0.4301565936720312,0.6832448864594408,0.4994847123460298,0.5681226031292022,0.4953560063556836,0.5144305509735219,0.5270273494110632,0.6568783697589717,0.39227576815129367,0.934124764922921,0.5696471441761584,1.0,0.5616460352999483,0.416431081988318,0.47778982121967933,0.47968219313943405
0.21433729648926902,0.16711097852042592,0.3245990692415323,0.18362338204363918,0.47942785626751183,0.3523532276699294,0.5390403820783137,0.5572018972542481,0.5850858115862438,0.7462273494725604,0.5387348329463824,0.39294075560817177,0.5078441161674314,0.6357800761250219,0.5616460352999483,1.0,0.289095300531628,0.29957214267243454,0.5744942380582122
0.7533947045956534,0.7813225609838217,0.9115928965364526,0.9263289415500354,0.5246068515067933,0.6352188383612001,0.25973569482076414,0.3470005954522714,0.19663113480832414,0.2613418559569615,0.6283894895930892,0.7274315487589312,0.4865708461258389,0.6694226892759794,0.416431081988318,0.289095300531628,1.0,0.5429858784262995,0.30186207763085077
0.25465910954445187,0.28323943147295466,0.5453866282178216,0.5994743839443395,0.7289480788240431,0.8767419132344828,0.5167124740154508,0.7227688442438561,0.39558812326986575,0.5243129175970435,0.45877667518908277,0.48768041853838695,0.5086421039059547,0.5046723257643728,0.47778982121967933,0.29957214267243454,0.5429858784262995,1.0,0.5913647487944723
0.1426154229302625,0.22276902681685237,0.23169355231273778,0.29461951110090256,0.5971700157654904,0.6620052854295173,0.8429498581091839,0.7978633857394115,0.839503249430787,0.7638600794533353,0.21707642976465644,0.3933686912948617,0.3858206012264581,0.6503287271148238,0.47968219313943405,0.5744942380582122,0.30186207763085077,0.5913647487944723,1.0
