0,1,2,3,4,5,6,7,8,9,10,11,12,13,14,15,16,17,18
1.0,0.8875894470056762,0.79873127244308,0.7275031790487626,0.2268433203169616,0.3143200476253756,-0.012167782336411996,0.25466109217026617,-0.007389326648146668,0.08349267938335822,0.3419890842880803,0.6042748643976904,0.15037181950688716,0.4544836964408258,0.10155198957467924,0.1843592738905192,0.7152588544639538,0.17944174595071738,0.013922044036694033
0.8875894470056762,1.0,0.7992705919787401,0.7616663594452328,0.3091868182411068,0.3592486803290325,0.07515914424677028,0.2960102239919663,0.04108504829229096,0.14762091140135633,0.38383522359451655,0.653363608663024,0.14820538788977752,0.38466859838345646,0.13768788778039628,0.14838058288421502,0.7469614160161281,0.2706406914939196,0.06004234892085386
0.79873127244308,0.7992705919787401,1.0,0.8699673104135515,0.5051839546959446,0.5844658517990065,0.1389738992645729,0.47966498299149557,0.08154378948443938,0.26054298859046177,0.44566484369212606,0.7353651028444249,0.3472048249573822,0.6493415694491981,0.2767993610443604,0.342946254908487,0.8874268796822575,0.42708768872164576,0.16625730669721056
0.7275031790487626,0.7616663594452328,0.8699673104135515,1.0,0.47269800701676984,0.5864176167990047,0.14072935624687238,0.47168825721149776,0.07426083911908456,0.18906826708569752,0.3734407157969116,0.7238967307085614,0.21655327895978885,0.4907942888554574,0.16536294877844854,0.17293778705428545,0.8708499957706232,0.44217979022631687,0.18966382246534466
0.2268433203169616,0.3091868182411068,0.5051839546959446,0.47269800701676984,1.0,0.780964952267171,0.7488380504816873,0.6506872329211529,0.5146811568823922,0.4950984079280618,0.41010503965726985,0.5320310630059194,0.7102499276501756,0.699841586379024,0.6796394098513072,0.6036956564785425,0.565979321598195,0.7389108734648477,0.6926793701162296
0.3143200476253756,0.3592486803290325,0.5844658517990065,0.5864176167990047,0.780964952267171,1.0,0.6519993254077052,0.8516269770546583,0.4836137472273076,0.5044269097638548,0.29619393462442667,0.5319313612768908,0.49921269197022,0.6026069626412506,0.47028078463716244,0.3933870345831011,0.5979529584816012,0.7807589347186689,0.7046491171539523
-0.012167782336411996,0.07515914424677028,0.1389738992645729,0.14072935624687238,0.7488380504816873,0.6519993254077052,1.0,0.6600327259039245,0.8295291456850883,0.5602853371831713,0.1787741532109211,0.284591451037451,0.6248889634280982,0.5455618013602034,0.699590367359104,0.5826935501055535,0.2541390176532907,0.610107113776101,0.8865338085280686
0.25466109217026617,0.2960102239919663,0.47966498299149557,0.47168825721149776,0.6506872329211529,0.8516269770546583,0.6600327259039245,1.0,0.5988881728373203,0.6581002725086381,0.19730506495763284,0.4537315733041551,0.3820359230359283,0.5535172064096856,0.41044590950522924,0.40464143274048553,0.4112007135518102,0.6267235618077386,0.7266482565704377
-0.007389326648146668,0.04108504829229096,0.08154378948443938,0.07426083911908456,0.5146811568823922,0.4836137472273076,0.8295291456850883,0.5988881728373203,1.0,0.49267089328301666,0.07649007348279215,0.1854015306778297,0.47835330384373204,0.47908358698815473,0.5906489561787226,0.5446994650018732,0.13385088132435022,0.38989031961592546,0.8037507117095034
0.08349267938335822,0.14762091140135633,0.26054298859046177,0.18906826708569752,0.4950984079280618,0.5044269097638548,0.5602853371831713,0.6581002725086381,0.49267089328301666,1.0,0.24073921786337285,0.35419066883880873,0.337070681924224,0.4118697405818451,0.42230534653886,0.4648702861826517,0.2620399964359481,0.4332327366681514,0.544725626705142
0.3419890842880803,0.38383522359451655,0.44566484369212606,0.3734407157969116,0.41010503965726985,0.29619393462442667,0.1787741532109211,0.19730506495763284,0.07649007348279215,0.24073921786337285,1.0,0.5306429213929645,0.5556357682103101,0.5506264325069994,0.5286706892803981,0.6282064692771661,0.45252090818959323,0.3715154869942167,0.10662326316362174
0.6042748643976904,0.653363608663024,0.7353651028444249,0.7238967307085614,0.5320310630059194,0.5319313612768908,0.284591451037451,0.4537315733041551,0.1854015306778297,0.35419066883880873,0.5306429213929645,1.0,0.3167532471152027,0.6709184453789142,0.3335087222600635,0.4366700711626,0.7444678911038568,0.4150994645854144,0.2772534390512047
0.15037181950688716,0.14820538788977752,0.3472048249573822,0.21655327895978885,0.7102499276501756,0.49921269197022,0.6248889634280982,0.3820359230359283,0.47835330384373204,0.337070681924224,0.5556357682103101,0.3167532471152027,1.0,0.6097589332849205,0.9270062068420614,0.6736481842407689,0.41969491172506085,0.5036424616227902,0.50870848448743
0.4544836964408258,0.38466859838345646,0.6493415694491981,0.4907942888554574,0.699841586379024,0.6026069626412506,0.5455618013602034,0.5535172064096856,0.47908358698815473,0.4118697405818451,0.5506264325069994,0.6709184453789142,0.6097589332849205,1.0,0.5766393138527044,0.6783475762616903,0.6672012203934884,0.39883015102836394,0.5780859918879913
0.10155198957467924,0.13768788778039628,0.2767993610443604,0.16536294877844854,0.6796394098513072,0.47028078463716244,0.699590367359104,0.41044590950522924,0.5906489561787226,0.42230534653886,0.5286706892803981,0.3335087222600635,0.9270062068420614,0.5766393138527044,1.0,0.6806829152150832,0.3472160684152552,0.5289293724477074,0.5466826109056115
0.1843592738905192,0.14838058288421502,0.342946254908487,0.17293778705428545,0.6036956564785425,0.3933870345831011,0.5826935501055535,0.40464143274048553,0.5446994650018732,0.4648702861826517,0.6282064692771661,0.4366700711626,0.6736481842407689,0.6783475762616903,0.6806829152150832,1.0,0.41328178733727816,0.44399456011806243,0.5943826898132207
0.7152588544639538,0.7469614160161281,0.8874268796822575,0.8708499957706232,0.565979321598195,0.5979529584816012,0.2541390176532907,0.4112007135518102,0.13385088132435022,0.2620399964359481,0.45252090818959323,0.7444678911038568,0.41969491172506085,0.6672012203934884,0.3472160684152552,0.41328178733727816,1.0,0.4987081775393739,0.30682086365400413
0.17944174595071738,0.2706406914939196,0.42708768872164576,0.44217979022631687,0.7389108734648477,0.7807589347186689,0.610107113776101,0.6267235618077386,0.38989031961592546,0.4332327366681514,0.3715154869942167,0.4150994645854144,0.5036424616227902,0.39883015102836394,0.5289293724477074,0.44399456011806243,0.4987081775393739,1.0,0.5998152286170115
0.013922044036694033,0.06004234892085386,0.16625730669721056,0.18966382246534466,0.6926793701162296,0.7046491171539523,0.8865338085280686,0.7266482565704377,0.8037507117095034,0.544725626705142,0.10662326316362174,0.2772534390512047,0.50870848448743,0.5780859918879913,0.5466826109056115,0.5943826898132207,0.30682086365400413,0.5998152286170115,1.0
