0,1,2,3,4,5,6,7,8,9,10,11,12,13,14,15,16,17,18
1.0,0.9369116006999791,0.8060305019653798,0.7069190162773171,0.19425393057526086,0.37666940531447146,-0.05698443986505566,0.3006723286933097,-0.1001817265414593,0.1373630837039009,0.4741216813509331,0.496762495983634,0.1997924806482593,0.42177202405733466,0.06839974456183358,0.09824047533937236,0.7500243491110147,0.28413968397194594,0.011234120221009242
0.9369116006999791,1.0,0.8267187980577132,0.7546316185496867,0.24601819346771486,0.39192404586521146,-0.02986402088482817,0.2686682372511384,-0.10417686127694964,0.10989662990075871,0.574220669106295,0.5721769089466051,0.19035338960513903,0.36198069881932005,0.13469922019646305,0.07796790839216697,0.7977871095366339,0.3664817254463009,-0.0019510881615110583
0.8060305019653798,0.8267187980577132,1.0,0.8653654053737269,0.39003084124964366,0.5914595367551267,-0.03725087241998505,0.32333568478360575,-0.15219946515041463,0.1807809743165436,0.7130361738710549,0.5589631336399586,0.3799473739688251,0.5286541856745484,0.28705350336499086,0.1708603927100016,0.903433660334285,0.5478923618540071,-0.02981551521106781
0.7069190162773171,0.7546316185496867,0.8653654053737269,1.0,0.4668934814671202,0.6239450123868524,0.036912688048701306,0.3970365071822576,-0.06661022524623347,0.13226048704054108,0.6032304158241907,0.5777101276760727,0.28328917234758005,0.44409831875238154,0.2508750862827663,-0.009793539294209936,0.9188935674261508,0.5737319508166344,0.039357338055866845
0.19425393057526086,0.24601819346771486,0.39003084124964366,0.4668934814671202,1.0,0.7763192290897087,0.666058093230643,0.5446906397908949,0.43605440491774883,0.38426652821426627,0.34753454892859154,0.35623602698992096,0.5912368574223422,0.6089002100787343,0.6350347419779255,0.35054380872880175,0.44982774976587026,0.7070617113797342,0.5842153085935906
0.37666940531447146,0.39192404586521146,0.5914595367551267,0.6239450123868524,0.7763192290897087,1.0,0.5224050170450886,0.7401125766090046,0.33978304453345665,0.4982229606918493,0.46370071912171457,0.3901926520660309,0.44472099029121626,0.6211016401941497,0.47734918016728195,0.24034452397395464,0.5955967696233805,0.8417472898817896,0.5484835433987477
-0.05698443986505566,-0.02986402088482817,-0.03725087241998505,0.036912688048701306,0.666058093230643,0.5224050170450886,1.0,0.6092564878942341,0.8661889442602841,0.5768299556095503,-0.032824215473941425,0.08890361471913108,0.47476584201567784,0.5280480056670805,0.6352455128348248,0.4565159132805582,0.03710766839088789,0.4167363469525631,0.8776912166230729
0.3006723286933097,0.2686682372511384,0.32333568478360575,0.3970365071822576,0.5446906397908949,0.7401125766090046,0.6092564878942341,1.0,0.5282967280771381,0.7589711069845944,0.18921907992471196,0.14254102051610945,0.27896695833490825,0.5200353234951858,0.333908080301376,0.30586911142406825,0.31357719868470824,0.5714165510362398,0.6939625891369958
-0.1001817265414593,-0.10417686127694964,-0.15219946515041463,-0.06661022524623347,0.43605440491774883,0.33978304453345665,0.8661889442602841,0.5282967280771381,1.0,0.5640488970696907,-0.212628586192335,-0.011714282299986048,0.3201026904337841,0.4812976159027125,0.5029524179511704,0.40805677689732894,-0.06994384496847937,0.17990170283129378,0.8340598267444048
0.1373630837039009,0.10989662990075871,0.1807809743165436,0.13226048704054108,0.38426652821426627,0.4982229606918493,0.5768299556095503,0.7589711069845944,0.5640488970696907,1.0,0.17847240341657236,0.03199702562636969,0.23878269632471083,0.42972837186417173,0.3910778130602828,0.5119669706906476,0.141456741816128,0.4108542668755919,0.6241210471741935
0.4741216813509331,0.574220669106295,0.7130361738710549,0.6032304158241907,0.34753454892859154,0.46370071912171457,-0.032824215473941425,0.18921907992471196,-0.212628586192335,0.17847240341657236,1.0,0.5888040260823394,0.35649353415722096,0.38933639698695793,0.4230722212959818,0.36855323750378266,0.6568354671441821,0.5637727635355695,-0.11568876344030074
0.496762495983634,0.5721769089466051,0.5589631336399586,0.5777101276760727,0.35623602698992096,0.3901926520660309,0.08890361471913108,0.14254102051610945,-0.011714282299986048,0.03199702562636969,0.5888040260823394,1.0,0.187410519330758,0.4709281074312175,0.26489940902179815,0.3249952812960989,0.6475792616789962,0.3863643399555311,0.05586764468920563
0.1997924806482593,0.19035338960513903,0.3799473739688251,0.28328917234758005,0.5912368574223422,0.44472099029121626,0.47476584201567784,0.27896695833490825,0.3201026904337841,0.23878269632471083,0.35649353415722096,0.187410519330758,1.0,0.4499727359151279,0.7227908905898985,0.2608386018628162,0.34888531653735694,0.3537043871398396,0.35779162368830436
0.42177202405733466,0.36198069881932005,0.5286541856745484,0.44409831875238154,0.6089002100787343,0.6211016401941497,0.5280480056670805,0.5200353234951858,0.4812976159027125,0.42972837186417173,0.38933639698695793,0.4709281074312175,0.4499727359151279,1.0,0.49242329328772316,0.4940542820795386,0.5648809183502677,0.39312738702514166,0.5811851478609096
0.06839974456183358,0.13469922019646305,0.28705350336499086,0.2508750862827663,0.6350347419779255,0.47734918016728195,0.6352455128348248,0.333908080301376,0.5029524179511704,0.3910778130602828,0.4230722212959818,0.26489940902179815,0.7227908905898985,0.49242329328772316,1.0,0.4821796761565224,0.30138465635818856,0.4580106270108302,0.433855122623802
0.09824047533937236,0.07796790839216697,0.1708603927100016,-0.009793539294209936,0.35054380872880175,0.24034452397395464,0.4565159132805582,0.30586911142406825,0.40805677689732894,0.5119669706906476,0.36855323750378266,0.3249952812960989,0.2608386018628162,0.4940542820795386,0.4821796761565224,1.0,0.17927284148679518,0.26802321890416936,0.4645572764721147
0.7500243491110147,0.7977871095366339,0.903433660334285,0.9188935674261508,0.44982774976587026,0.5955967696233805,0.03710766839088789,0.31357719868470824,-0.06994384496847937,0.141456741816128,0.6568354671441821,0.6475792616789962,0.34888531653735694,0.5648809183502677,0.30138465635818856,0.17927284148679518,1.0,0.5450771150751387,0.06625463799292385
0.28413968397194594,0.3664817254463009,0.5478923618540071,0.5737319508166344,0.7070617113797342,0.8417472898817896,0.4167363469525631,0.5714165510362398,0.17990170283129378,0.4108542668755919,0.5637727635355695,0.3863643399555311,0.3537043871398396,0.39312738702514166,0.4580106270108302,0.26802321890416936,0.5450771150751387,1.0,0.39353235097205064
0.011234120221009242,-0.0019510881615110583,-0.02981551521106781,0.039357338055866845,0.5842153085935906,0.5484835433987477,0.8776912166230729,0.6939625891369958,0.8340598267444048,0.6241210471741935,-0.11568876344030074,0.05586764468920563,0.35779162368830436,0.5811851478609096,0.433855122623802,0.4645572764721147,0.06625463799292385,0.39353235097205064,1.0
