0,1,2,3,4,5,6,7,8,9,10,11,12,13,14,15,16,17,18
1.0,0.8596050183088741,0.6984755373330623,0.7494238804139904,0.3853758653265922,0.40434430124748355,0.15245576099474,0.20189298322975233,0.04684326055398998,0.12446517347838532,0.6494543669593968,0.38859778029967684,0.40964275136539585,0.4425762791197802,0.2791167171223453,0.20435268365409912,0.7410229033696852,0.38638704438598054,0.1377573990353579
0.8596050183088741,1.0,0.7050833987693397,0.7542763678232254,0.44668470175050623,0.37723892332972253,0.24133309412062634,0.27308263587957027,0.10462754333358154,0.13889005606097077,0.6065010235218746,0.42425751253513583,0.4384439737932384,0.4278867804939886,0.325019516868582,0.16033918813117526,0.7809053412595929,0.4162945635939211,0.22321397702571827
0.6984755373330623,0.7050833987693397,1.0,0.7290663984808976,0.4159064026908006,0.5011486343723163,0.10516787205894525,0.28791946116915607,-0.01159347521958843,0.15863738197528163,0.7007337719040645,0.5383975296281882,0.4994467813021852,0.5807971422603955,0.336365659251163,0.3790874064808902,0.8604293830116683,0.5144874831268259,0.02874230665044925
0.7494238804139904,0.7542763678232254,0.7290663984808976,1.0,0.6022041587228105,0.5170069501956619,0.3017768341036614,0.3669749617966649,0.12060478987847066,0.1880580585499546,0.6895904983124933,0.49303819856673253,0.5194274257507584,0.474730669152267,0.3810938724644967,0.1922444556526071,0.8396643922367449,0.5710003859153058,0.2583134835276621
0.3853758653265922,0.44668470175050623,0.4159064026908006,0.6022041587228105,1.0,0.7404597079047409,0.7389404177132428,0.6002658504822909,0.4869434826965301,0.44585933890618173,0.6087074023877802,0.43644308450196884,0.7786009362016473,0.6797733895099242,0.7321515233038842,0.5396785901941702,0.5354988876702672,0.7695493286968158,0.5932501058251275
0.40434430124748355,0.37723892332972253,0.5011486343723163,0.5170069501956619,0.7404597079047409,1.0,0.6522926256081605,0.6950246324087279,0.5565349383844459,0.5342590809810394,0.5875740164165213,0.5405360820516614,0.6315892106367379,0.7219399941735376,0.6518036597255888,0.5244017315822032,0.5749382681459301,0.8811130180975186,0.6179381123627794
0.15245576099474,0.24133309412062634,0.10516787205894525,0.3017768341036614,0.7389404177132428,0.6522926256081605,1.0,0.7392521454687048,0.795988807689956,0.6634140264451323,0.29180985054560726,0.3610087030758943,0.6185863829834166,0.6363580720043966,0.7109824978120413,0.5881559332246151,0.24264185452287065,0.6300042596330012,0.8028684377445553
0.20189298322975233,0.27308263587957027,0.28791946116915607,0.3669749617966649,0.6002658504822909,0.6950246324087279,0.7392521454687048,1.0,0.6214044173185257,0.8392036981745274,0.29565256083541497,0.35038083881724735,0.4639762746589376,0.6305355248905156,0.5349194721795114,0.5956233607221355,0.3400929399776716,0.6815631138356383,0.7686412706226818
0.04684326055398998,0.10462754333358154,-0.01159347521958843,0.12060478987847066,0.4869434826965301,0.5565349383844459,0.795988807689956,0.6214044173185257,1.0,0.7080660849117542,0.13205890207280713,0.29274160463510035,0.4142908092825821,0.5464005829940566,0.5883727780407328,0.6206610628732364,0.13116472202088184,0.46574633300289087,0.7483813513047701
0.12446517347838532,0.13889005606097077,0.15863738197528163,0.1880580585499546,0.44585933890618173,0.5342590809810394,0.6634140264451323,0.8392036981745274,0.7080660849117542,1.0,0.23607991967544853,0.21992401518049293,0.36044690375539346,0.5121257287515888,0.46845389771865675,0.6410666795695839,0.18634416473749071,0.5155825282092849,0.6640230179172637
0.6494543669593968,0.6065010235218746,0.7007337719040645,0.6895904983124933,0.6087074023877802,0.5875740164165213,0.29180985054560726,0.29565256083541497,0.13205890207280713,0.23607991967544853,1.0,0.40964202696080476,0.7282961940346517,0.5524415537299168,0.5908794422329547,0.351188075116889,0.6538148307338902,0.579833002036341,0.12222447719480432
0.38859778029967684,0.42425751253513583,0.5383975296281882,0.49303819856673253,0.43644308450196884,0.5405360820516614,0.3610087030758943,0.35038083881724735,0.29274160463510035,0.21992401518049293,0.40964202696080476,1.0,0.3962786012632535,0.6690580392849741,0.37290200726738554,0.36760989627308915,0.5776752816536002,0.4313061428892026,0.2903847740983402
0.40964275136539585,0.4384439737932384,0.4994467813021852,0.5194274257507584,0.7786009362016473,0.6315892106367379,0.6185863829834166,0.4639762746589376,0.4142908092825821,0.36044690375539346,0.7282961940346517,0.3962786012632535,1.0,0.6424341244807122,0.9201433304505032,0.5426913497966678,0.5139785316532214,0.6204850015467321,0.4624171662252059
0.4425762791197802,0.4278867804939886,0.5807971422603955,0.474730669152267,0.6797733895099242,0.7219399941735376,0.6363580720043966,0.6305355248905156,0.5464005829940566,0.5121257287515888,0.5524415537299168,0.6690580392849741,0.6424341244807122,1.0,0.6288247756895556,0.6909117986481829,0.6311148540393585,0.5813092238112874,0.6261064460667398
0.2791167171223453,0.325019516868582,0.336365659251163,0.3810938724644967,0.7321515233038842,0.6518036597255888,0.7109824978120413,0.5349194721795114,0.5883727780407328,0.46845389771865675,0.5908794422329547,0.37290200726738554,0.9201433304505032,0.6288247756895556,1.0,0.5615099316141993,0.37188075002038506,0.6192792255246531,0.5686943975721553
0.20435268365409912,0.16033918813117526,0.3790874064808902,0.1922444556526071,0.5396785901941702,0.5244017315822032,0.5881559332246151,0.5956233607221355,0.6206610628732364,0.6410666795695839,0.351188075116889,0.36760989627308915,0.5426913497966678,0.6909117986481829,0.5615099316141993,1.0,0.3893766781732983,0.45661411482350145,0.5944659392272239
0.7410229033696852,0.7809053412595929,0.8604293830116683,0.8396643922367449,0.5354988876702672,0.5749382681459301,0.24264185452287065,0.3400929399776716,0.13116472202088184,0.18634416473749071,0.6538148307338902,0.5776752816536002,0.5139785316532214,0.6311148540393585,0.37188075002038506,0.3893766781732983,1.0,0.5715662115083538,0.2343377957883531
0.38638704438598054,0.4162945635939211,0.5144874831268259,0.5710003859153058,0.7695493286968158,0.8811130180975186,0.6300042596330012,0.6815631138356383,0.46574633300289087,0.5155825282092849,0.579833002036341,0.4313061428892026,0.6204850015467321,0.5813092238112874,0.6192792255246531,0.45661411482350145,0.5715662115083538,1.0,0.5537725888108287
0.1377573990353579,0.22321397702571827,0.02874230665044925,0.2583134835276621,0.5932501058251275,0.6179381123627794,0.8028684377445553,0.7686412706226818,0.7483813513047701,0.6640230179172637,0.12222447719480432,0.2903847740983402,0.4624171662252059,0.6261064460667398,0.5686943975721553,0.5944659392272239,0.2343377957883531,0.5537725888108287,1.0
