0,1,2,3,4,5,6,7,8,9,10,11,12,13,14,15,16,17,18
1.0,0.9351044630885177,0.5857812279353783,0.534337798451575,-0.6442355141778848,-0.6157812734584192,-0.7293683450693013,-0.6761086710147595,-0.6026184683049208,-0.5785593443143329,-0.18414490292671934,0.36969790595515983,-0.5204969829919676,-0.31240129065691674,-0.5819695528999475,-0.7718643337408619,0.6078893730917193,-0.40065445099555225,0.0020162814742243646
0.9351044630885177,1.0,0.5410742180904731,0.5934023778447586,-0.5920401886411705,-0.6057875853299068,-0.734727598303905,-0.7225251959471726,-0.6440313268251011,-0.6357744093677303,-0.26993487254471266,0.4174736075535644,-0.461839949698063,-0.2237697373147365,-0.5324504649927779,-0.7871646675136683,0.6266748506426139,-0.47910650678038835,0.05680381587745112
0.5857812279353783,0.5410742180904731,1.0,0.7702587474025033,-0.391511291430328,-0.3019718152762373,-0.6081704966812572,-0.5523796933427699,-0.5663537340976758,-0.5332680714711967,0.190023146180383,0.1847386009816372,-0.4838434399373723,-0.05544638336004917,-0.5914992282233101,-0.3675191095352494,0.8451470982437624,-0.23012701326633836,-0.11494985717038161
0.534337798451575,0.5934023778447586,0.7702587474025033,1.0,-0.33963916076000344,-0.2100880567782046,-0.6451609342214824,-0.5881793227526321,-0.6168089302555811,-0.5796501661661366,0.0955917550733454,0.2448225111007583,-0.38078555498883593,0.12634748844597793,-0.4503830546471237,-0.46865215442658115,0.8364155099883408,-0.3417496693830453,-0.04108567349238819
-0.6442355141778848,-0.5920401886411705,-0.391511291430328,-0.33963916076000344,1.0,0.7799715831849104,0.5987638112646362,0.4609936114904113,0.27906569778408924,0.3009868100649864,0.07834895346277915,-0.21409827619331545,0.4127838588030498,0.3302713009956418,0.30084198448439664,0.3051547303234071,-0.4018128493093445,0.15393378008011818,-0.14219801959965553
-0.6157812734584192,-0.6057875853299068,-0.3019718152762373,-0.2100880567782046,0.7799715831849104,1.0,0.5284864379577301,0.5397102749982423,0.3145785091755138,0.3303491701682944,0.2509900242012496,-0.3861198481929446,0.3153857696565997,0.46399491542553023,0.2468584287266941,0.3674793821750975,-0.3555082809983371,0.13228353893774272,-0.12485288998126218
-0.7293683450693013,-0.734727598303905,-0.6081704966812572,-0.6451609342214824,0.5987638112646362,0.5284864379577301,1.0,0.7574490794552354,0.746001391136803,0.6545708858009189,-0.07084578910142444,-0.3696871469546391,0.36300892681519925,0.1089820383290535,0.45735423441483947,0.5524717105352926,-0.6413593192456747,0.29290862263807244,-0.17252978672570377
-0.6761086710147595,-0.7225251959471726,-0.5523796933427699,-0.5881793227526321,0.4609936114904113,0.5397102749982423,0.7574490794552354,1.0,0.7941920563251798,0.8809612547114039,0.14061409951276374,-0.576515045184013,0.21884972973994624,0.09136027035078118,0.5052928964349291,0.5334454633282619,-0.6172611773006498,0.233705724052427,-0.21589388601884218
-0.6026184683049208,-0.6440313268251011,-0.5663537340976758,-0.6168089302555811,0.27906569778408924,0.3145785091755138,0.746001391136803,0.7941920563251798,1.0,0.8500886947798114,-0.03323397588768618,-0.5038118755370975,0.1268082125166902,0.005059470344664617,0.4506697205337268,0.6240793524104722,-0.575905570100607,0.24571780166177862,-0.158079151476059
-0.5785593443143329,-0.6357744093677303,-0.5332680714711967,-0.5796501661661366,0.3009868100649864,0.3303491701682944,0.6545708858009189,0.8809612547114039,0.8500886947798114,1.0,0.10719423241875478,-0.5222535298175673,0.17091635873529668,-0.038601209228973345,0.42344963458111323,0.4619738813789464,-0.5864140539778507,0.17171408055133064,-0.1855506467543108
-0.18414490292671934,-0.26993487254471266,0.190023146180383,0.0955917550733454,0.07834895346277915,0.2509900242012496,-0.07084578910142444,0.14061409951276374,-0.03323397588768618,0.10719423241875478,1.0,-0.0891616465817648,0.2745910961143597,0.14189856752048205,0.015364788584566968,0.26887426640588996,-0.014982804688851626,0.08196999128483715,-0.22171113522694288
0.36969790595515983,0.4174736075535644,0.1847386009816372,0.2448225111007583,-0.21409827619331545,-0.3861198481929446,-0.3696871469546391,-0.576515045184013,-0.5038118755370975,-0.5222535298175673,-0.0891616465817648,1.0,0.08281607786820573,-0.10681059063387367,-0.3252294641442431,-0.6666477053874239,0.28143149250906957,-0.36664351753701907,0.03364591505376546
-0.5204969829919676,-0.461839949698063,-0.4838434399373723,-0.38078555498883593,0.4127838588030498,0.3153857696565997,0.36300892681519925,0.21884972973994624,0.1268082125166902,0.17091635873529668,0.2745910961143597,0.08281607786820573,1.0,0.229364549959585,0.38151462581577095,0.34182912662456866,-0.48139327188829273,0.13515099917352824,-0.13427335551109307
-0.31240129065691674,-0.2237697373147365,-0.05544638336004917,0.12634748844597793,0.3302713009956418,0.46399491542553023,0.1089820383290535,0.09136027035078118,0.005059470344664617,-0.038601209228973345,0.14189856752048205,-0.10681059063387367,0.229364549959585,1.0,0.18886973153539863,0.09838502468909513,0.04641137997335484,-0.09412510130372313,-0.05662568702463613
-0.5819695528999475,-0.5324504649927779,-0.5914992282233101,-0.4503830546471237,0.30084198448439664,0.2468584287266941,0.45735423441483947,0.5052928964349291,0.4506697205337268,0.42344963458111323,0.015364788584566968,-0.3252294641442431,0.38151462581577095,0.18886973153539863,1.0,0.49664675660507235,-0.6220760447190833,0.24788558348002718,-0.14052486120075086
-0.7718643337408619,-0.7871646675136683,-0.3675191095352494,-0.46865215442658115,0.3051547303234071,0.3674793821750975,0.5524717105352926,0.5334454633282619,0.6240793524104722,0.4619738813789464,0.26887426640588996,-0.6666477053874239,0.34182912662456866,0.09838502468909513,0.49664675660507235,1.0,-0.4655142832368574,0.5687491305903326,0.00962109640517867
0.6078893730917193,0.6266748506426139,0.8451470982437624,0.8364155099883408,-0.4018128493093445,-0.3555082809983371,-0.6413593192456747,-0.6172611773006498,-0.575905570100607,-0.5864140539778507,-0.014982804688851626,0.28143149250906957,-0.48139327188829273,0.04641137997335484,-0.6220760447190833,-0.4655142832368574,1.0,-0.3162711976845712,-0.021729411331449972
-0.40065445099555225,-0.47910650678038835,-0.23012701326633836,-0.3417496693830453,0.15393378008011818,0.13228353893774272,0.29290862263807244,0.233705724052427,0.24571780166177862,0.17171408055133064,0.08196999128483715,-0.36664351753701907,0.13515099917352824,-0.09412510130372313,0.24788558348002718,0.5687491305903326,-0.3162711976845712,1.0,0.19770287052897437
0.0020162814742243646,0.05680381587745112,-0.11494985717038161,-0.04108567349238819,-0.14219801959965553,-0.12485288998126218,-0.17252978672570377,-0.21589388601884218,-0.158079151476059,-0.1855506467543108,-0.22171113522694288,0.03364591505376546,-0.13427335551109307,-0.05662568702463613,-0.14052486120075086,0.00962109640517867,-0.021729411331449972,0.19770287052897437,1.0
