0,1,2,3,4,5,6,7,8,9,10,11,12,13,14,15,16,17,18
1.0,0.8064483531669844,0.5453188379902896,0.3807797943693811,-0.4703097538644411,-0.48609463938798575,-0.5037829326164046,-0.6086552721202768,-0.5385799970842198,-0.5569684776653269,0.21732298189613397,0.10818209853218236,-0.14167951035917728,-0.46062106637023675,-0.563982036384826,-0.31143366559362107,0.18719733922576529,0.19822769216110658,-0.026625229154760767
0.8064483531669844,1.0,0.37751265982368015,0.580808185075962,-0.35985279335158205,-0.3682896258215426,-0.42911640873689477,-0.5638203394568859,-0.48342947292021593,-0.5364429382828745,-0.16030134074115687,0.1064980232056925,-0.37173066566888385,-0.2412875285179269,-0.5580644505287679,-0.45279339958956016,0.32680372596968266,-0.01632745756534522,0.1682549320112323
0.5453188379902896,0.37751265982368015,1.0,0.4375383453443429,-0.20792818740986538,-0.27775385820080883,-0.4518472734050729,-0.542770208899188,-0.43215045942464314,-0.5179553918657597,0.46724672988027377,0.0343236750857413,-0.02720724292823274,-0.30814032566020083,-0.5452040385796805,0.12479052237019901,0.32286170922817875,0.21608469965267735,-0.08703165479007148
0.3807797943693811,0.580808185075962,0.4375383453443429,1.0,-0.20960651248074372,0.04964870090829658,-0.538524359642052,-0.39172893413341536,-0.5016973044808156,-0.396708664091443,-0.12205548605236026,0.05769770164296422,-0.4205444339209078,0.0942112580512313,-0.4195655449290266,-0.39235572141192804,0.4852653014712099,-0.12806837827507675,0.13219280747332476
-0.4703097538644411,-0.35985279335158205,-0.20792818740986538,-0.20960651248074372,1.0,0.5703031649750833,0.46746304656047233,0.32790131975733544,0.2124848886708151,0.14521164423924945,-0.11898575075862114,-0.21916372397587033,0.1415281573740331,0.22855786538871362,0.09710720622099395,0.15347590625916593,-0.19691857129174678,-0.000672519694272365,0.05373088477740904
-0.48609463938798575,-0.3682896258215426,-0.27775385820080883,0.04964870090829658,0.5703031649750833,1.0,0.17799774939739657,0.5646027635264512,0.15195433454777038,0.3116719136053225,-0.12245814769657072,-0.36737430935654436,-0.11677583912901461,0.486657988115221,0.12199189080327158,-0.00977138755095459,-0.07301070223186416,-0.17165078114094193,0.038352869800406475
-0.5037829326164046,-0.42911640873689477,-0.4518472734050729,-0.538524359642052,0.46746304656047233,0.17799774939739657,1.0,0.5156326176052557,0.6845011220463142,0.46828060224755685,-0.25098494524443693,-0.13606341663254853,0.16097114217534106,0.12332168118747136,0.23487141850651858,0.2067245308263052,-0.435194396312602,-0.07563509929731088,0.0025920880253826146
-0.6086552721202768,-0.5638203394568859,-0.542770208899188,-0.39172893413341536,0.32790131975733544,0.5646027635264512,0.5156326176052557,1.0,0.5550983225162625,0.8238422193500982,-0.2214821880865563,-0.4310438276359787,-0.0002269412074410823,0.2719222978518262,0.3716572546245069,0.07750564535318491,-0.3323575072788383,-0.14873571788902787,-0.04424456197723045
-0.5385799970842198,-0.48342947292021593,-0.43215045942464314,-0.5016973044808156,0.2124848886708151,0.15195433454777038,0.6845011220463142,0.5550983225162625,1.0,0.688941110627072,-0.23975524082896188,-0.2055655835758649,0.0864712215810971,0.1282017321928333,0.2760434611603193,0.3481528684225605,-0.38763938620882415,-0.14440574699814018,-0.06018853013915456
-0.5569684776653269,-0.5364429382828745,-0.5179553918657597,-0.396708664091443,0.14521164423924945,0.3116719136053225,0.46828060224755685,0.8238422193500982,0.688941110627072,1.0,-0.21305973689255936,-0.3718887271615963,0.015156016369772164,0.14661729222944378,0.34752827270020337,0.08749954944086392,-0.3064604072539062,-0.17913021814912566,-0.06697992037550364
0.21732298189613397,-0.16030134074115687,0.46724672988027377,-0.12205548605236026,-0.11898575075862114,-0.12245814769657072,-0.25098494524443693,-0.2214821880865563,-0.23975524082896188,-0.21305973689255936,1.0,-0.05444923586816821,0.5463117925937021,-0.38394598256104207,-0.1282960521275289,0.47999353287481356,-0.13627189379266735,0.3647455044425346,-0.35307531280089877
0.10818209853218236,0.1064980232056925,0.0343236750857413,0.05769770164296422,-0.21916372397587033,-0.36737430935654436,-0.13606341663254853,-0.4310438276359787,-0.2055655835758649,-0.3718887271615963,-0.05444923586816821,1.0,0.05790396905444056,0.017992989394984085,0.006610700781744938,-0.5330852372371306,-0.027497293107292396,-0.235116999869767,-0.011537938912938958
-0.14167951035917728,-0.37173066566888385,-0.02720724292823274,-0.4205444339209078,0.1415281573740331,-0.11677583912901461,0.16097114217534106,-0.0002269412074410823,0.0864712215810971,0.015156016369772164,0.5463117925937021,0.05790396905444056,1.0,-0.21443543483357647,0.21864233380260262,0.45859272965647324,-0.4241389142312849,0.3191726663249253,-0.46747076033310453
-0.46062106637023675,-0.2412875285179269,-0.30814032566020083,0.0942112580512313,0.22855786538871362,0.486657988115221,0.12332168118747136,0.2719222978518262,0.1282017321928333,0.14661729222944378,-0.38394598256104207,0.017992989394984085,-0.21443543483357647,1.0,0.2243582165199494,-0.24467531699212594,0.05967470124658438,-0.38864078706507027,0.13197783738937738
-0.563982036384826,-0.5580644505287679,-0.5452040385796805,-0.4195655449290266,0.09710720622099395,0.12199189080327158,0.23487141850651858,0.3716572546245069,0.2760434611603193,0.34752827270020337,-0.1282960521275289,0.006610700781744938,0.21864233380260262,0.2243582165199494,1.0,0.14923803765803786,-0.38450907415304164,-0.02045864999881132,-0.24467149212978492
-0.31143366559362107,-0.45279339958956016,0.12479052237019901,-0.39235572141192804,0.15347590625916593,-0.00977138755095459,0.2067245308263052,0.07750564535318491,0.3481528684225605,0.08749954944086392,0.47999353287481356,-0.5330852372371306,0.45859272965647324,-0.24467531699212594,0.14923803765803786,1.0,-0.050865621097894866,0.3962771058895804,-0.20335625087578998
0.18719733922576529,0.32680372596968266,0.32286170922817875,0.4852653014712099,-0.19691857129174678,-0.07301070223186416,-0.435194396312602,-0.3323575072788383,-0.38763938620882415,-0.3064604072539062,-0.13627189379266735,-0.027497293107292396,-0.4241389142312849,0.05967470124658438,-0.38450907415304164,-0.050865621097894866,1.0,-0.036156612954403894,0.13785014145307453
0.19822769216110658,-0.01632745756534522,0.21608469965267735,-0.12806837827507675,-0.000672519694272365,-0.17165078114094193,-0.07563509929731088,-0.14873571788902787,-0.14440574699814018,-0.17913021814912566,0.3647455044425346,-0.235116999869767,0.3191726663249253,-0.38864078706507027,-0.02045864999881132,0.3962771058895804,-0.036156612954403894,1.0,-0.21745340383600228
-0.026625229154760767,0.1682549320112323,-0.08703165479007148,0.13219280747332476,0.05373088477740904,0.038352869800406475,0.0025920880253826146,-0.04424456197723045,-0.06018853013915456,-0.06697992037550364,-0.35307531280089877,-0.011537938912938958,-0.46747076033310453,0.13197783738937738,-0.24467149212978492,-0.20335625087578998,0.13785014145307453,-0.21745340383600228,1.0
