0,1,2,3,4,5,6,7,8,9,10,11,12,13,14,15,16,17,18
1.0,0.8924779118618867,0.49708363521555005,0.46111438687293527,-0.47094781766349597,-0.45825205640926914,-0.6604940575796245,-0.6010555625480586,-0.6010484452866085,-0.5547273821655594,0.07111186089865934,0.281647315938727,-0.4988772023181262,-0.19481461578734138,-0.42615613276980274,-0.6401705425693118,0.5422600837639387,-0.0033948334491807316,0.1403025847908537
0.8924779118618867,1.0,0.4708363297392876,0.5733658527994884,-0.4380096521359645,-0.4791953198885555,-0.655813575268572,-0.6380381621644732,-0.5814796671217585,-0.5730681051864678,-0.017900415242252294,0.3103862907246197,-0.4692353465534171,-0.17419505150351125,-0.35916254471283465,-0.6154012043932261,0.5606164401622675,-0.08907039160096515,0.13734556005092674
0.49708363521555005,0.4708363297392876,1.0,0.6994440639434994,-0.14525210277009257,-0.264439642416467,-0.5181910764698917,-0.5713651056968815,-0.5914024953424498,-0.5338664438592091,0.3678780791974541,0.40464920280967775,-0.273383890113547,0.010388379063506847,-0.5105854002373901,-0.3386138145445568,0.6487587246826696,-0.08175441267721656,0.03622826359036744
0.46111438687293527,0.5733658527994884,0.6994440639434994,1.0,-0.17666602296004358,-0.27441676596096326,-0.5318388643425043,-0.6142898936536054,-0.5545461066196968,-0.5683023565668746,0.1789951099571292,0.4410619705033103,-0.3031570795292148,0.030564947904130176,-0.4090305497254225,-0.4189694261873803,0.7222610331005117,-0.24906145144886266,0.0387216455796834
-0.47094781766349597,-0.4380096521359645,-0.14525210277009257,-0.17666602296004358,1.0,0.6898913836567705,0.44195369345950325,0.2777954266765216,0.06665430720032657,0.06911045367308219,-0.12689645928703067,-0.1677658714851709,0.3381299248962152,0.22214375388220575,-0.00457962651628118,0.06572208374698225,-0.2489141344817766,-0.03788754950012189,-0.18272978176547525
-0.45825205640926914,-0.4791953198885555,-0.264439642416467,-0.27441676596096326,0.6898913836567705,1.0,0.4424812695738589,0.4313842579075281,0.17468276349068707,0.12998896713437236,-0.04651435727753167,-0.3283727600978051,0.364406808935005,0.36616795223449183,0.03544129474947997,0.1410768912221845,-0.3956009443135114,-0.08342572857827775,-0.17284818698974064
-0.6604940575796245,-0.655813575268572,-0.5181910764698917,-0.5318388643425043,0.44195369345950325,0.4424812695738589,1.0,0.7437395063874452,0.6917025864927719,0.5946872133324268,-0.26700604639389874,-0.5285633830308919,0.31532742730718333,0.11489286209763162,0.13009608011908766,0.48266528564264705,-0.49020732919569565,-0.02551198774336431,-0.1374377627434158
-0.6010555625480586,-0.6380381621644732,-0.5713651056968815,-0.6142898936536054,0.2777954266765216,0.4313842579075281,0.7437395063874452,1.0,0.6338800117241562,0.8012676819345251,-0.20115806005345188,-0.6491051688653914,0.27442268080127075,0.07658861060466851,0.2705829299940257,0.3437353430663243,-0.6046251744237751,-0.009346013884727661,-0.11179174115264373
-0.6010484452866085,-0.5814796671217585,-0.5914024953424498,-0.5545461066196968,0.06665430720032657,0.17468276349068707,0.6917025864927719,0.6338800117241562,1.0,0.7532856956767356,-0.2897062925717511,-0.4933225373673761,0.11576515107556773,-0.015464779135749574,0.22235222992781528,0.6395821784193498,-0.5080187851862984,-0.03777214658656203,-0.0813430877567034
-0.5547273821655594,-0.5730681051864678,-0.5338664438592091,-0.5683023565668746,0.06911045367308219,0.12998896713437236,0.5946872133324268,0.8012676819345251,0.7532856956767356,1.0,-0.1840120300777741,-0.5852568253628118,0.19399943392654562,-0.1035178216166563,0.25510475773623775,0.3657240843103681,-0.5456475867963125,0.036308074229352894,-0.07091503432374979
0.07111186089865934,-0.017900415242252294,0.3678780791974541,0.1789951099571292,-0.12689645928703067,-0.04651435727753167,-0.26700604639389874,-0.20115806005345188,-0.2897062925717511,-0.1840120300777741,1.0,0.1603235292655844,0.3567065667307336,0.05921129346017573,-0.17208150223808985,0.1841760405845483,0.08451736033192725,-0.1309938478552762,-0.20102879606120902
0.281647315938727,0.3103862907246197,0.40464920280967775,0.4410619705033103,-0.1677658714851709,-0.3283727600978051,-0.5285633830308919,-0.6491051688653914,-0.4933225373673761,-0.5852568253628118,0.1603235292655844,1.0,-0.1522047404371719,0.0129572767593396,-0.15359084108473445,-0.5140774927448126,0.4049612294979661,-0.0650388396734816,0.10422688860962745
-0.4988772023181262,-0.4692353465534171,-0.273383890113547,-0.3031570795292148,0.3381299248962152,0.364406808935005,0.31532742730718333,0.27442268080127075,0.11576515107556773,0.19399943392654562,0.3567065667307336,-0.1522047404371719,1.0,0.21994283091629588,0.26609974837351874,0.41394808532592403,-0.43568170791043415,-0.09753549855081581,-0.2522304172886591
-0.19481461578734138,-0.17419505150351125,0.010388379063506847,0.030564947904130176,0.22214375388220575,0.36616795223449183,0.11489286209763162,0.07658861060466851,-0.015464779135749574,-0.1035178216166563,0.05921129346017573,0.0129572767593396,0.21994283091629588,1.0,-0.0302363603766417,-0.07509779065160468,0.03204196927211184,-0.3017601206243374,-0.019889352747728302
-0.42615613276980274,-0.35916254471283465,-0.5105854002373901,-0.4090305497254225,-0.00457962651628118,0.03544129474947997,0.13009608011908766,0.2705829299940257,0.22235222992781528,0.25510475773623775,-0.17208150223808985,-0.15359084108473445,0.26609974837351874,-0.0302363603766417,1.0,0.2962055155246573,-0.5437680282504994,0.21809910815075959,-0.214487116380918
-0.6401705425693118,-0.6154012043932261,-0.3386138145445568,-0.4189694261873803,0.06572208374698225,0.1410768912221845,0.48266528564264705,0.3437353430663243,0.6395821784193498,0.3657240843103681,0.1841760405845483,-0.5140774927448126,0.41394808532592403,-0.07509779065160468,0.2962055155246573,1.0,-0.3716423406347429,0.060408105204561136,-0.16841002670110958
0.5422600837639387,0.5606164401622675,0.6487587246826696,0.7222610331005117,-0.2489141344817766,-0.3956009443135114,-0.49020732919569565,-0.6046251744237751,-0.5080187851862984,-0.5456475867963125,0.08451736033192725,0.4049612294979661,-0.43568170791043415,0.03204196927211184,-0.5437680282504994,-0.3716423406347429,1.0,-0.19457224388430713,0.14802827323285017
-0.0033948334491807316,-0.08907039160096515,-0.08175441267721656,-0.24906145144886266,-0.03788754950012189,-0.08342572857827775,-0.02551198774336431,-0.009346013884727661,-0.03777214658656203,0.036308074229352894,-0.1309938478552762,-0.0650388396734816,-0.09753549855081581,-0.3017601206243374,0.21809910815075959,0.060408105204561136,-0.19457224388430713,1.0,0.18426169445958343
0.1403025847908537,0.13734556005092674,0.03622826359036744,0.0387216455796834,-0.18272978176547525,-0.17284818698974064,-0.1374377627434158,-0.11179174115264373,-0.0813430877567034,-0.07091503432374979,-0.20102879606120902,0.10422688860962745,-0.2522304172886591,-0.019889352747728302,-0.214487116380918,-0.16841002670110958,0.14802827323285017,0.18426169445958343,1.0
