0,1,2,3,4,5,6,7,8,9,10,11,12,13,14,15,16,17,18
1.0,0.9101313889715081,0.42638423371124384,0.41539041908922136,-0.5087173000197456,-0.4869268614736104,-0.6252812165992541,-0.5448321605087907,-0.48472800985835657,-0.5019602647802367,0.04310618468546061,0.43916719022225076,-0.4250199513367032,-0.31582815146735654,-0.5180745819002294,-0.6213220087885513,0.41081724315057727,-0.11526027463870364,-0.0017706105012046094
0.9101313889715081,1.0,0.381252252810659,0.5214266746104848,-0.4731560839703552,-0.4842205353579983,-0.6002180899905365,-0.6241269626454085,-0.5339381400138824,-0.5657250560308036,-0.05375587220055226,0.5901561806916822,-0.446545181054267,-0.30042752181552385,-0.4851594536506369,-0.6764462059767978,0.4234068729721625,-0.231385494263861,0.006318817189610579
0.42638423371124384,0.381252252810659,1.0,0.6183083179738368,-0.20207690207993517,-0.20348917943506206,-0.4231870358170019,-0.46654799923180174,-0.5344583933818882,-0.4701571734593361,0.1894972131897892,0.4013449189695611,-0.3634227272762286,-0.05529669973861591,-0.5313245936269654,-0.26154148585436904,0.7445511248033557,-0.12258460238311797,0.02980244895091807
0.41539041908922136,0.5214266746104848,0.6183083179738368,1.0,-0.21789214477601196,-0.1569253966326802,-0.5042644394349821,-0.5437642825882821,-0.563262546785814,-0.5600656340833601,0.015756855129818725,0.637621953359814,-0.3277919035662578,-0.028294005873276955,-0.3937460464396353,-0.472811808978122,0.6607969889739902,-0.3759381358671985,0.009922282603746444
-0.5087173000197456,-0.4731560839703552,-0.20207690207993517,-0.21789214477601196,1.0,0.7473153285864546,0.40097593876767107,0.3160277752887968,-0.021662318305163266,0.05469058775370488,-0.09504493995714015,-0.31254318502718675,0.3167537362697841,0.17018553774110398,0.19767785110770297,0.11699402595812758,-0.20117070493859007,0.12892297432083452,-0.11770971546755117
-0.4869268614736104,-0.4842205353579983,-0.20348917943506206,-0.1569253966326802,0.7473153285864546,1.0,0.25400476202309247,0.46270155101695093,-0.005967973601306809,0.10347964215095738,0.04296768814654438,-0.3304876512094649,0.2718892464881243,0.31590900893754725,0.16301619250107305,0.05205102648145118,-0.24939343555512067,-0.06914478921389913,-0.029244879029514302
-0.6252812165992541,-0.6002180899905365,-0.4231870358170019,-0.5042644394349821,0.40097593876767107,0.25400476202309247,1.0,0.4408376089094312,0.5257137295253087,0.47469614667777116,-0.2599070619006401,-0.44120803887013443,0.13107748515559775,0.043498748746675454,0.2739364821226981,0.39247854310077057,-0.3913254732942573,0.18066051875685715,-0.04419675104666616
-0.5448321605087907,-0.6241269626454085,-0.46654799923180174,-0.5437642825882821,0.3160277752887968,0.46270155101695093,0.4408376089094312,1.0,0.5548157796301295,0.6699123836547607,-0.09748061326219246,-0.5975738219835168,0.18591230372663792,0.09814364598149848,0.4278029574066513,0.25417493023126714,-0.5579403966056444,-0.017582831915319074,-0.028505390236473905
-0.48472800985835657,-0.5339381400138824,-0.5344583933818882,-0.563262546785814,-0.021662318305163266,-0.005967973601306809,0.5257137295253087,0.5548157796301295,1.0,0.732129788477474,-0.16758079315986654,-0.4536539730652156,0.06882906965316143,-0.039398046070436746,0.3502338100235829,0.55685339433454,-0.45589876349253383,0.0707933632572498,-0.1321530110207268
-0.5019602647802367,-0.5657250560308036,-0.4701571734593361,-0.5600656340833601,0.05469058775370488,0.10347964215095738,0.47469614667777116,0.6699123836547607,0.732129788477474,1.0,-0.0652742572468553,-0.531783687900944,0.12240139475959923,-0.02032087129291303,0.3060515446068262,0.2546473673739655,-0.4905947193289164,0.04342886817699222,-0.024906738803314045
0.04310618468546061,-0.05375587220055226,0.1894972131897892,0.015756855129818725,-0.09504493995714015,0.04296768814654438,-0.2599070619006401,-0.09748061326219246,-0.16758079315986654,-0.0652742572468553,1.0,-0.0651063199222164,0.482973838600436,0.12053988397628211,-0.2197193846039793,0.2737468222245962,-0.008429574044147787,0.07564969052500771,-0.042484463398731916
0.43916719022225076,0.5901561806916822,0.4013449189695611,0.637621953359814,-0.31254318502718675,-0.3304876512094649,-0.44120803887013443,-0.5975738219835168,-0.4536539730652156,-0.531783687900944,-0.0651063199222164,1.0,-0.3329275021602248,0.10625282184896699,-0.42134289488239185,-0.5893908642875441,0.5522194989752351,-0.3669408870375442,0.03197395750637384
-0.4250199513367032,-0.446545181054267,-0.3634227272762286,-0.3277919035662578,0.3167537362697841,0.2718892464881243,0.13107748515559775,0.18591230372663792,0.06882906965316143,0.12240139475959923,0.482973838600436,-0.3329275021602248,1.0,0.15507764757002013,0.3534716903456287,0.5111930039919963,-0.4423096651652344,0.3095753772728966,-0.12061499830684909
-0.31582815146735654,-0.30042752181552385,-0.05529669973861591,-0.028294005873276955,0.17018553774110398,0.31590900893754725,0.043498748746675454,0.09814364598149848,-0.039398046070436746,-0.02032087129291303,0.12053988397628211,0.10625282184896699,0.15507764757002013,1.0,0.05329557150954091,-0.05500134224055442,-0.05572326886478831,-0.19515245844956042,0.03364887688787474
-0.5180745819002294,-0.4851594536506369,-0.5313245936269654,-0.3937460464396353,0.19767785110770297,0.16301619250107305,0.2739364821226981,0.4278029574066513,0.3502338100235829,0.3060515446068262,-0.2197193846039793,-0.42134289488239185,0.3534716903456287,0.05329557150954091,1.0,0.410930542197044,-0.5550589373766908,0.28112654396361103,-0.21896353835852272
-0.6213220087885513,-0.6764462059767978,-0.26154148585436904,-0.472811808978122,0.11699402595812758,0.05205102648145118,0.39247854310077057,0.25417493023126714,0.55685339433454,0.2546473673739655,0.2737468222245962,-0.5893908642875441,0.5111930039919963,-0.05500134224055442,0.410930542197044,1.0,-0.30655619778189674,0.38889861080931354,-0.08822464789416415
0.41081724315057727,0.4234068729721625,0.7445511248033557,0.6607969889739902,-0.20117070493859007,-0.24939343555512067,-0.3913254732942573,-0.5579403966056444,-0.45589876349253383,-0.4905947193289164,-0.008429574044147787,0.5522194989752351,-0.4423096651652344,-0.05572326886478831,-0.5550589373766908,-0.30655619778189674,1.0,-0.28773982511109747,-0.01533378379558865
-0.11526027463870364,-0.231385494263861,-0.12258460238311797,-0.3759381358671985,0.12892297432083452,-0.06914478921389913,0.18066051875685715,-0.017582831915319074,0.0707933632572498,0.04342886817699222,0.07564969052500771,-0.3669408870375442,0.3095753772728966,-0.19515245844956042,0.28112654396361103,0.38889861080931354,-0.28773982511109747,1.0,-0.007937434576228268
-0.0017706105012046094,0.006318817189610579,0.02980244895091807,0.009922282603746444,-0.11770971546755117,-0.029244879029514302,-0.04419675104666616,-0.028505390236473905,-0.1321530110207268,-0.024906738803314045,-0.042484463398731916,0.03197395750637384,-0.12061499830684909,0.03364887688787474,-0.21896353835852272,-0.08822464789416415,-0.01533378379558865,-0.007937434576228268,1.0
