0,1,2,3,4,5,6,7,8,9,10,11,12,13,14,15,16,17,18
1.0,-0.39336931009485165,0.8879183291322366,0.2541847571520452,0.7967687336191764,0.36366857940607067,0.7950191144001296,0.35603010527545714,0.783497454816411,0.25483613216582357,0.9105850672580689,0.2994235372151865,0.796116161972734,0.33365962398570104,0.507027124023826,0.4552623807634509,0.8825418431055732,0.3673760218763772,0.7820099763444389
-0.39336931009485165,1.0,-0.3807062059709279,0.4028965802515446,-0.3421070861715279,0.4056456635516021,-0.43378763129460557,0.3062028828723563,-0.5270467050133499,0.23336907411080376,-0.4053489835936821,0.5918580769351998,-0.32013810804153814,0.36050969938608773,-0.3782898280487177,0.243925610149187,-0.3688967043106365,0.422584744320385,-0.4895748812126555
0.8879183291322366,-0.3807062059709279,1.0,0.3370145971276981,0.9294505240816325,0.4327230976243262,0.8976267967989071,0.39494947762745986,0.8711791011459149,0.2878434424027176,0.9194796487975975,0.2688870240836293,0.8465287942065338,0.4032863626065278,0.6150773896329175,0.4711487644793367,0.954221346642161,0.42149896447769386,0.8661998068335584
0.2541847571520452,0.4028965802515446,0.3370145971276981,1.0,0.3498055913583976,0.5783405351993313,0.2156841711032795,0.3872726305219511,0.17308288936577848,0.3276234911815483,0.2629250910026667,0.7127047596404744,0.29184624346786175,0.2553697401020712,0.10243911372351383,0.3180962645858976,0.3678805761778363,0.48703745462355097,0.19487972465780795
0.7967687336191764,-0.3421070861715279,0.9294505240816325,0.3498055913583976,1.0,0.4885431499129079,0.9315035965231367,0.4570088674613133,0.8804602390251454,0.329923834387668,0.8425232490887941,0.2835331591186128,0.8375241103900629,0.4398392825453147,0.6131880739314642,0.4934536369900095,0.906341510462642,0.485394341139551,0.8856115030923475
0.36366857940607067,0.4056456635516021,0.4327230976243262,0.5783405351993313,0.4885431499129079,1.0,0.4287541666581101,0.7550442477944752,0.33287259973369326,0.6013869836276251,0.4149849633091134,0.5563925579905213,0.4324021860506586,0.727360319264412,0.22478633723374217,0.6430485210193534,0.38086249433098635,0.859834961032121,0.3779917743006029
0.7950191144001296,-0.43378763129460557,0.8976267967989071,0.2156841711032795,0.9315035965231367,0.4287541666581101,1.0,0.5107123984508707,0.9547244386413397,0.41249513116190806,0.8538483451595499,0.23266815086150192,0.8346939857545661,0.4630293693141158,0.6260963898628915,0.5666440688476355,0.8776270325892225,0.43320151260836304,0.934145207033474
0.35603010527545714,0.3062028828723563,0.39494947762745986,0.3872726305219511,0.4570088674613133,0.7550442477944752,0.5107123984508707,1.0,0.45014029231173425,0.8501580988212165,0.4098045597755854,0.4854152489405297,0.41290722193650026,0.7583888331206323,0.25465411967782514,0.8083946750964178,0.36561153416706116,0.7637498367368653,0.45551800543957566
0.783497454816411,-0.5270467050133499,0.8711791011459149,0.17308288936577848,0.8804602390251454,0.33287259973369326,0.9547244386413397,0.45014029231173425,1.0,0.41855084911577634,0.8483510805910643,0.18166030034815453,0.8030898610273295,0.35223565532403966,0.6199877084903765,0.5008105152899726,0.8585891591314405,0.29748250216887584,0.9558626419968711
0.25483613216582357,0.23336907411080376,0.2878434424027176,0.3276234911815483,0.329923834387668,0.6013869836276251,0.41249513116190806,0.8501580988212165,0.41855084911577634,1.0,0.3453296100712595,0.342939894416692,0.2975073898941844,0.6228146430155898,0.18795680014012586,0.7484328729393419,0.24859072822190323,0.63239973362912,0.4277493700654064
0.9105850672580689,-0.4053489835936821,0.9194796487975975,0.2629250910026667,0.8425232490887941,0.4149849633091134,0.8538483451595499,0.4098045597755854,0.8483510805910643,0.3453296100712595,1.0,0.2050534399832083,0.8375213612609994,0.38045262011609443,0.5962696104275993,0.5149483964416766,0.8723329788436666,0.4119533423611574,0.8312779436215193
0.2994235372151865,0.5918580769351998,0.2688870240836293,0.7127047596404744,0.2835331591186128,0.5563925579905213,0.23266815086150192,0.4854152489405297,0.18166030034815453,0.342939894416692,0.2050534399832083,1.0,0.28095753659161804,0.4463464058088962,0.12389846950256031,0.47647855405820255,0.2963302772857722,0.44811843887876424,0.1784719045914678
0.796116161972734,-0.32013810804153814,0.8465287942065338,0.29184624346786175,0.8375241103900629,0.4324021860506586,0.8346939857545661,0.41290722193650026,0.8030898610273295,0.2975073898941844,0.8375213612609994,0.28095753659161804,1.0,0.3913850247751094,0.5946778395034119,0.47996502908147276,0.8233646041191801,0.41123018908028225,0.7973900644691169
0.33365962398570104,0.36050969938608773,0.4032863626065278,0.2553697401020712,0.4398392825453147,0.727360319264412,0.4630293693141158,0.7583888331206323,0.35223565532403966,0.6228146430155898,0.38045262011609443,0.4463464058088962,0.3913850247751094,1.0,0.26094042380147286,0.7382314948102364,0.3301779929368051,0.7523091682374643,0.3894015597126207
0.507027124023826,-0.3782898280487177,0.6150773896329175,0.10243911372351383,0.6131880739314642,0.22478633723374217,0.6260963898628915,0.25465411967782514,0.6199877084903765,0.18795680014012586,0.5962696104275993,0.12389846950256031,0.5946778395034119,0.26094042380147286,1.0,0.3506348949673622,0.5969922330816175,0.2110236418887325,0.602345653619125
0.4552623807634509,0.243925610149187,0.4711487644793367,0.3180962645858976,0.4934536369900095,0.6430485210193534,0.5666440688476355,0.8083946750964178,0.5008105152899726,0.7484328729393419,0.5149483964416766,0.47647855405820255,0.47996502908147276,0.7382314948102364,0.3506348949673622,1.0,0.4340360072939723,0.6728672595148546,0.48362897800410753
0.8825418431055732,-0.3688967043106365,0.954221346642161,0.3678805761778363,0.906341510462642,0.38086249433098635,0.8776270325892225,0.36561153416706116,0.8585891591314405,0.24859072822190323,0.8723329788436666,0.2963302772857722,0.8233646041191801,0.3301779929368051,0.5969922330816175,0.4340360072939723,1.0,0.38119865015590676,0.860453384762425
0.3673760218763772,0.422584744320385,0.42149896447769386,0.48703745462355097,0.485394341139551,0.859834961032121,0.43320151260836304,0.7637498367368653,0.29748250216887584,0.63239973362912,0.4119533423611574,0.44811843887876424,0.41123018908028225,0.7523091682374643,0.2110236418887325,0.6728672595148546,0.38119865015590676,1.0,0.3597757222565204
0.7820099763444389,-0.4895748812126555,0.8661998068335584,0.19487972465780795,0.8856115030923475,0.3779917743006029,0.934145207033474,0.45551800543957566,0.9558626419968711,0.4277493700654064,0.8312779436215193,0.1784719045914678,0.7973900644691169,0.3894015597126207,0.602345653619125,0.48362897800410753,0.860453384762425,0.3597757222565204,1.0
