0,1,2,3,4,5,6,7,8,9,10,11,12,13,14,15,16,17,18
1.0,0.23791004853687084,0.6565794215032328,0.35169057590774894,0.4295292948720458,0.22392740632793914,0.0803158936838632,0.04544249807630449,-0.10756577960354757,-0.09155987186972567,0.7186347785582139,0.42053899445069665,0.38150560687749113,0.14292229885943183,-0.07101662452022318,0.00041187384475922025,0.6525491931317687,0.21902190557104623,0.03957290547544829
0.23791004853687084,1.0,0.25470964083013264,0.8987885015561762,0.2197763093141607,0.8214114643235659,0.04019311720433283,0.7662271044510103,-0.08588185050531895,0.7514248401764803,0.26201887876953955,0.9266143929151507,0.02997140352830658,0.7966984520363044,-0.10905209421173709,0.8164426072233577,0.3010736271104484,0.8459318398661082,-0.013982690328699216
0.6565794215032328,0.25470964083013264,1.0,0.4520954465035421,0.7080352840360279,0.3647046134562375,0.4422911236821748,0.21091406156843912,0.2475643063435063,0.08498039600961285,0.6681550342752436,0.32080986508718423,0.46052541601146196,0.16449153127965618,0.1088956978027222,0.08166138019990901,0.8431382699509233,0.3824612353944736,0.37950354399690944
0.35169057590774894,0.8987885015561762,0.4520954465035421,1.0,0.37393164818241775,0.897442150368368,0.21655760133861585,0.8004834909584673,0.06731276739470918,0.7309036584493118,0.3201982691071039,0.8750972153886555,0.15528414614222724,0.795930510490506,-0.016358469089214085,0.773214352174013,0.48032687126948526,0.8707074961371742,0.176024307058469
0.4295292948720458,0.2197763093141607,0.7080352840360279,0.37393164818241775,1.0,0.41976878018744285,0.7566116343826859,0.30909220341030874,0.48145487837520107,0.17269876755962943,0.4585099805776531,0.283822823146556,0.4231566111087126,0.1635200662499999,0.2573571118711628,0.15396631071980368,0.6252392546489841,0.5133176820669458,0.5945035029180945
0.22392740632793914,0.8214114643235659,0.3647046134562375,0.897442150368368,0.41976878018744285,1.0,0.3027682321296498,0.8587458581560529,0.13465367167044812,0.7701748096582769,0.19492905731286553,0.7454217441650154,0.14968268544649593,0.8031096102771609,0.03785927354706344,0.8058633295979404,0.3600350002281335,0.9175348371981665,0.2578521622790106
0.0803158936838632,0.04019311720433283,0.4422911236821748,0.21655760133861585,0.7566116343826859,0.3027682321296498,1.0,0.34620831162008375,0.8166614919412917,0.24712483622363807,0.1818530835115574,0.16212367512183692,0.3582596840430826,0.09767013976418938,0.37760172457681385,0.16332960873094154,0.4250237680542039,0.3423694901517567,0.838412454426116
0.04544249807630449,0.7662271044510103,0.21091406156843912,0.8004834909584673,0.30909220341030874,0.8587458581560529,0.34620831162008375,1.0,0.28269508456136405,0.9270117915272168,0.10239286096698365,0.6853902096623673,0.10530949150342854,0.8098616144314409,0.09808269967569135,0.925795671489562,0.16256230847708797,0.8410972730865964,0.40547863576723636
-0.10756577960354757,-0.08588185050531895,0.2475643063435063,0.06731276739470918,0.48145487837520107,0.13465367167044812,0.8166614919412917,0.28269508456136405,1.0,0.2845656200768938,0.05713865100430235,0.05106054017144059,0.22680360660022672,0.011617417545298341,0.4670911574750346,0.13761625802050154,0.23949612973599588,0.13763935300948496,0.8783699758717974
-0.09155987186972567,0.7514248401764803,0.08498039600961285,0.7309036584493118,0.17269876755962943,0.7701748096582769,0.24712483622363807,0.9270117915272168,0.2845656200768938,1.0,0.0007413742555538445,0.6380967803233598,-0.00960334287934089,0.7522974957657823,0.05037071148824205,0.9199608033696713,0.03884450629687698,0.7846458779159621,0.3580272010201745
0.7186347785582139,0.26201887876953955,0.6681550342752436,0.3201982691071039,0.4585099805776531,0.19492905731286553,0.1818530835115574,0.10239286096698365,0.05713865100430235,0.0007413742555538445,1.0,0.3636018394029807,0.4552328626546365,0.0793360987830603,0.11033290080935852,0.029763300160089722,0.5267159033219874,0.2214325055527042,0.10550023845095581
0.42053899445069665,0.9266143929151507,0.32080986508718423,0.8750972153886555,0.283822823146556,0.7454217441650154,0.16212367512183692,0.6853902096623673,0.05106054017144059,0.6380967803233598,0.3636018394029807,1.0,0.1027214793962359,0.7050747224788086,-0.02708051334174252,0.7080943741346416,0.38694438621861704,0.7321341965185821,0.10058697269798274
0.38150560687749113,0.02997140352830658,0.46052541601146196,0.15528414614222724,0.4231566111087126,0.14968268544649593,0.3582596840430826,0.10530949150342854,0.22680360660022672,-0.00960334287934089,0.4552328626546365,0.1027214793962359,1.0,0.06959740399571615,0.24598219422049672,-0.0220248360280395,0.3965468943476526,0.10181529654571964,0.30918995253501863
0.14292229885943183,0.7966984520363044,0.16449153127965618,0.795930510490506,0.1635200662499999,0.8031096102771609,0.09767013976418938,0.8098616144314409,0.011617417545298341,0.7522974957657823,0.0793360987830603,0.7050747224788086,0.06959740399571615,1.0,-0.008221485556073493,0.835636182187593,0.15425485412550435,0.7749342520188621,0.10109906553473098
-0.07101662452022318,-0.10905209421173709,0.1088956978027222,-0.016358469089214085,0.2573571118711628,0.03785927354706344,0.37760172457681385,0.09808269967569135,0.4670911574750346,0.05037071148824205,0.11033290080935852,-0.02708051334174252,0.24598219422049672,-0.008221485556073493,1.0,0.010893668753858178,0.05313923405886477,0.02782499221007445,0.3397568987017265
0.00041187384475922025,0.8164426072233577,0.08166138019990901,0.773214352174013,0.15396631071980368,0.8058633295979404,0.16332960873094154,0.925795671489562,0.13761625802050154,0.9199608033696713,0.029763300160089722,0.7080943741346416,-0.0220248360280395,0.835636182187593,0.010893668753858178,1.0,0.0443525970505963,0.7973427302198665,0.2150340317788533
0.6525491931317687,0.3010736271104484,0.8431382699509233,0.48032687126948526,0.6252392546489841,0.3600350002281335,0.4250237680542039,0.16256230847708797,0.23949612973599588,0.03884450629687698,0.5267159033219874,0.38694438621861704,0.3965468943476526,0.15425485412550435,0.05313923405886477,0.0443525970505963,1.0,0.3631993395769794,0.3611267173419883
0.21902190557104623,0.8459318398661082,0.3824612353944736,0.8707074961371742,0.5133176820669458,0.9175348371981665,0.3423694901517567,0.8410972730865964,0.13763935300948496,0.7846458779159621,0.2214325055527042,0.7321341965185821,0.10181529654571964,0.7749342520188621,0.02782499221007445,0.7973427302198665,0.3631993395769794,1.0,0.24691895410397444
0.03957290547544829,-0.013982690328699216,0.37950354399690944,0.176024307058469,0.5945035029180945,0.2578521622790106,0.838412454426116,0.40547863576723636,0.8783699758717974,0.3580272010201745,0.10550023845095581,0.10058697269798274,0.30918995253501863,0.10109906553473098,0.3397568987017265,0.2150340317788533,0.3611267173419883,0.24691895410397444,1.0
