0,1,2,3,4,5,6,7,8,9,10,11,12,13,14,15,16,17,18
1.0,0.26274953984764987,0.5607710170043043,0.3016845352405904,0.45211634243622517,0.19300370917918053,0.015066606173742102,-0.0017585430744094016,-0.1395200811881712,-0.06261768428445583,0.6771219991346666,0.45142608360415754,0.22324549548693517,-0.014528656916810103,-0.005159059710868864,0.08108555831329857,0.5831074321689128,0.20567554578500277,-0.01037078597240773
0.26274953984764987,1.0,0.336794798789677,0.9217636604477264,0.26999138338890183,0.8224300851775294,6.690270451256639e-05,0.7821403132954247,-0.07607317598568843,0.7532862808090915,0.15574986065084315,0.9347944685742322,0.1955495531497055,0.7572890776031033,-0.0077186155505048855,0.837642129135113,0.3644500625672606,0.8391537205884998,-0.0022410280799885136
0.5607710170043043,0.336794798789677,1.0,0.4798929050448262,0.6784250442217716,0.3895994311544936,0.3843746969683427,0.2767513214472734,0.22085057579968664,0.19062036360585016,0.6024147368922759,0.35118094028747887,0.45368713751115386,0.2400546022129414,0.1994878980557036,0.22964954740154309,0.7958479688344136,0.420765014858729,0.31172928790006516
0.3016845352405904,0.9217636604477264,0.4798929050448262,1.0,0.34370854908763987,0.880076464312994,0.15593746470922407,0.820622706725965,0.07393607263515055,0.7717197324252488,0.17667038900361604,0.8723092879495887,0.23322628095997927,0.7844346077668601,0.015216852069640347,0.8258072336727399,0.5188810591793053,0.8614119210613923,0.1468869621042432
0.45211634243622517,0.26999138338890183,0.6784250442217716,0.34370854908763987,1.0,0.43233344044678496,0.6674979973752152,0.2970786476453594,0.38748767915662247,0.1813084109585275,0.4358107920541751,0.3084282120009758,0.5515810044286504,0.18017601306988976,0.4013363614177551,0.20747405939772487,0.605406433975633,0.4890623643614653,0.4772462322449925
0.19300370917918053,0.8224300851775294,0.3895994311544936,0.880076464312994,0.43233344044678496,1.0,0.31009786576037374,0.8769480792559169,0.20689100432474197,0.7878996712780517,0.07256034280296916,0.7238446500614619,0.2864379646250919,0.8437919967867412,0.12133467569113748,0.8227720499790511,0.42610747691798606,0.9175966399207749,0.2894930058274296
0.015066606173742102,6.690270451256639e-05,0.3843746969683427,0.15593746470922407,0.6674979973752152,0.31009786576037374,1.0,0.3675121904339903,0.8092461475316108,0.27828171565424026,0.13245115305115618,0.048509718391732355,0.4079817843072656,0.21403661418571432,0.49743247298838195,0.1974912405097459,0.3808351596081386,0.33740771690540144,0.8292817372758573
-0.0017585430744094016,0.7821403132954247,0.2767513214472734,0.820622706725965,0.2970786476453594,0.8769480792559169,0.3675121904339903,1.0,0.3650100692592104,0.94191708890144,-0.056312187858210946,0.6703132138063927,0.2590264719359858,0.871956836349841,0.1810085265577161,0.9282479877314794,0.2702753774069682,0.8702318034333579,0.43442303969122054
-0.1395200811881712,-0.07607317598568843,0.22085057579968664,0.07393607263515055,0.38748767915662247,0.20689100432474197,0.8092461475316108,0.3650100692592104,1.0,0.37813456010987484,-0.01602774440050933,-0.030165451185989806,0.2840688416566838,0.1940201484037543,0.5061805368670583,0.2328983249215563,0.22822896133837,0.21868997107446433,0.9012343089347795
-0.06261768428445583,0.7532862808090915,0.19062036360585016,0.7717197324252488,0.1813084109585275,0.7878996712780517,0.27828171565424026,0.94191708890144,0.37813456010987484,1.0,-0.10739164066714374,0.641152840535484,0.20040449970476032,0.8072969336302592,0.17748598309909874,0.9290134782435111,0.17776341189185413,0.794639439097824,0.4110967458833736
0.6771219991346666,0.15574986065084315,0.6024147368922759,0.17667038900361604,0.4358107920541751,0.07256034280296916,0.13245115305115618,-0.056312187858210946,-0.01602774440050933,-0.10739164066714374,1.0,0.27911155900323803,0.3716614705967746,-0.07227298347407582,0.1856675806606012,-0.03607671020361275,0.41143416907607655,0.07642726962996013,0.05034676498395442
0.45142608360415754,0.9347944685742322,0.35118094028747887,0.8723092879495887,0.3084282120009758,0.7238446500614619,0.048509718391732355,0.6703132138063927,-0.030165451185989806,0.641152840535484,0.27911155900323803,1.0,0.18361601990617857,0.605973140439173,0.011407321922975994,0.7403861078412591,0.3864138266790679,0.7147994129436406,0.049411288451299634
0.22324549548693517,0.1955495531497055,0.45368713751115386,0.23322628095997927,0.5515810044286504,0.2864379646250919,0.4079817843072656,0.2590264719359858,0.2840688416566838,0.20040449970476032,0.3716614705967746,0.18361601990617857,1.0,0.2501842248051208,0.5102017067540707,0.20445434141753124,0.2931571845048653,0.3091808453192371,0.27158932502933164
-0.014528656916810103,0.7572890776031033,0.2400546022129414,0.7844346077668601,0.18017601306988976,0.8437919967867412,0.21403661418571432,0.871956836349841,0.1940201484037543,0.8072969336302592,-0.07227298347407582,0.605973140439173,0.2501842248051208,1.0,0.10891180016049543,0.8509258834335837,0.26473043335898777,0.8012451275558822,0.22584205772788474
-0.005159059710868864,-0.0077186155505048855,0.1994878980557036,0.015216852069640347,0.4013363614177551,0.12133467569113748,0.49743247298838195,0.1810085265577161,0.5061805368670583,0.17748598309909874,0.1856675806606012,0.011407321922975994,0.5102017067540707,0.10891180016049543,1.0,0.1618120119261163,0.14663221941383095,0.14225974033705202,0.40862579341070393
0.08108555831329857,0.837642129135113,0.22964954740154309,0.8258072336727399,0.20747405939772487,0.8227720499790511,0.1974912405097459,0.9282479877314794,0.2328983249215563,0.9290134782435111,-0.03607671020361275,0.7403861078412591,0.20445434141753124,0.8509258834335837,0.1618120119261163,1.0,0.23430040955684311,0.8194254220779618,0.280630135959605
0.5831074321689128,0.3644500625672606,0.7958479688344136,0.5188810591793053,0.605406433975633,0.42610747691798606,0.3808351596081386,0.2702753774069682,0.22822896133837,0.17776341189185413,0.41143416907607655,0.3864138266790679,0.2931571845048653,0.26473043335898777,0.14663221941383095,0.23430040955684311,1.0,0.4249527197327864,0.3180830742101025
0.20567554578500277,0.8391537205884998,0.420765014858729,0.8614119210613923,0.4890623643614653,0.9175966399207749,0.33740771690540144,0.8702318034333579,0.21868997107446433,0.794639439097824,0.07642726962996013,0.7147994129436406,0.3091808453192371,0.8012451275558822,0.14225974033705202,0.8194254220779618,0.4249527197327864,1.0,0.2915601348897838
-0.01037078597240773,-0.0022410280799885136,0.31172928790006516,0.1468869621042432,0.4772462322449925,0.2894930058274296,0.8292817372758573,0.43442303969122054,0.9012343089347795,0.4110967458833736,0.05034676498395442,0.049411288451299634,0.27158932502933164,0.22584205772788474,0.40862579341070393,0.280630135959605,0.3180830742101025,0.2915601348897838,1.0
