0,1,2,3,4,5,6,7,8,9,10,11,12,13,14,15,16,17,18
1.0,0.3208601955282414,0.6079234359059248,0.4591460577192242,0.48831272501248985,0.3841255169379209,0.14021001173433412,0.14874719203679226,-0.044201916847847696,0.006636900489533245,0.60799387653881,0.47906245573474476,0.3208694001598971,0.34701977433446163,0.15767312347882786,0.19685351904313825,0.6590495999152894,0.3625965703298061,0.0952149682802071
0.3208601955282414,1.0,0.31542510315193967,0.744630163912162,0.2714041992651189,0.6088760708515301,-0.1339129868866474,0.42374796734020637,-0.29194372615281056,0.33680242526064097,0.23770368830386662,0.8680087834923623,0.1205832923507332,0.6227262761474777,-0.027876544035147152,0.5987590781840866,0.3696959516419933,0.6092408074752913,-0.17073878857169464
0.6079234359059248,0.31542510315193967,1.0,0.5919676064380637,0.7878192012899886,0.4924136159930604,0.5576828281661035,0.3939875959129811,0.33119031497301105,0.2293883859634853,0.6463874485824991,0.36624996083913997,0.5494207428591348,0.2868243256936077,0.3704975576198807,0.25475618024153746,0.8122254306653119,0.5651166771951557,0.45562132253250914
0.4591460577192242,0.744630163912162,0.5919676064380637,1.0,0.5126637338491182,0.7901691957196031,0.2800354933831719,0.6184145082835449,0.08781257203413072,0.4540546153075028,0.3509171874012689,0.7690577541093571,0.2916104704344643,0.5861089306838684,0.1744795048435097,0.5383842446085035,0.6615818940429509,0.756905010793736,0.20318451467072834
0.48831272501248985,0.2714041992651189,0.7878192012899886,0.5126637338491182,1.0,0.5813555505631374,0.7289793061595021,0.5370055327685757,0.4780800349535146,0.33573134612160005,0.5220466934916881,0.30675339123122947,0.7155191745326421,0.3673213059182107,0.5252650079421142,0.31269107809272595,0.700256155644595,0.7317883379777044,0.6025431710017342
0.3841255169379209,0.6088760708515301,0.4924136159930604,0.7901691957196031,0.5813555505631374,1.0,0.3687094360979657,0.7233067841690203,0.20208229924323587,0.5091986474915968,0.30632065487664506,0.5737922309740335,0.35007570590510256,0.6528438087521449,0.2675222522100327,0.5828137007029887,0.5375104261987504,0.8411280798248058,0.3412315050142181
0.14021001173433412,-0.1339129868866474,0.5576828281661035,0.2800354933831719,0.7289793061595021,0.3687094360979657,1.0,0.5271627594432707,0.755077121611292,0.381064235195271,0.3171190937111668,0.0536289451220136,0.5969831556506124,0.19064159730698257,0.570315543013859,0.19227160244575248,0.4819152438175906,0.4701650279086254,0.8219128127354648
0.14874719203679226,0.42374796734020637,0.3939875959129811,0.6184145082835449,0.5370055327685757,0.7233067841690203,0.5271627594432707,1.0,0.4483693262968559,0.8499532792271647,0.2510740763150037,0.41180904803433854,0.4213230451802895,0.5843852334635169,0.36663646159220253,0.7524692789979781,0.337492003732466,0.7332260369654447,0.6156911473969581
-0.044201916847847696,-0.29194372615281056,0.33119031497301105,0.08781257203413072,0.4780800349535146,0.20208229924323587,0.755077121611292,0.4483693262968559,1.0,0.47591789548848773,0.16568988820326205,-0.08996730497016156,0.5022080790665335,0.007750060991813947,0.5654775269420466,0.14073710048427798,0.32086137992749164,0.24091609877006473,0.8659705572458021
0.006636900489533245,0.33680242526064097,0.2293883859634853,0.4540546153075028,0.33573134612160005,0.5091986474915968,0.381064235195271,0.8499532792271647,0.47591789548848773,1.0,0.13108292790440038,0.3109564677373986,0.2837876013559601,0.4237058743795118,0.3350476537234863,0.7006112135031536,0.17406686308470934,0.5449008123692212,0.5813063792547296
0.60799387653881,0.23770368830386662,0.6463874485824991,0.3509171874012689,0.5220466934916881,0.30632065487664506,0.3171190937111668,0.2510740763150037,0.16568988820326205,0.13108292790440038,1.0,0.26533750199083883,0.5486610395877375,0.2836352724120728,0.37246490177335145,0.20957334624328067,0.49755968421869723,0.29993407180696513,0.2009304823874754
0.47906245573474476,0.8680087834923623,0.36624996083913997,0.7690577541093571,0.30675339123122947,0.5737922309740335,0.0536289451220136,0.41180904803433854,-0.08996730497016156,0.3109564677373986,0.26533750199083883,1.0,0.1917550664316978,0.6030701344398467,0.1001439758405886,0.5533541237111259,0.4091274304623315,0.5058477704317507,-0.01164297256813508
0.3208694001598971,0.1205832923507332,0.5494207428591348,0.2916104704344643,0.7155191745326421,0.35007570590510256,0.5969831556506124,0.4213230451802895,0.5022080790665335,0.2837876013559601,0.5486610395877375,0.1917550664316978,1.0,0.27695575849615744,0.7325051812380872,0.28799639075179984,0.4332728655959553,0.4542675170130267,0.4887810128351653
0.34701977433446163,0.6227262761474777,0.2868243256936077,0.5861089306838684,0.3673213059182107,0.6528438087521449,0.19064159730698257,0.5843852334635169,0.007750060991813947,0.4237058743795118,0.2836352724120728,0.6030701344398467,0.27695575849615744,1.0,0.1620364879494786,0.6970892524078857,0.27480247454402834,0.5575200681650937,0.1489164480871783
0.15767312347882786,-0.027876544035147152,0.3704975576198807,0.1744795048435097,0.5252650079421142,0.2675222522100327,0.570315543013859,0.36663646159220253,0.5654775269420466,0.3350476537234863,0.37246490177335145,0.1001439758405886,0.7325051812380872,0.1620364879494786,1.0,0.2820020835898302,0.2799460744479029,0.3184216792264263,0.45184217865093196
0.19685351904313825,0.5987590781840866,0.25475618024153746,0.5383842446085035,0.31269107809272595,0.5828137007029887,0.19227160244575248,0.7524692789979781,0.14073710048427798,0.7006112135031536,0.20957334624328067,0.5533541237111259,0.28799639075179984,0.6970892524078857,0.2820020835898302,1.0,0.1896889571688257,0.5132781372251888,0.2551412274768427
0.6590495999152894,0.3696959516419933,0.8122254306653119,0.6615818940429509,0.700256155644595,0.5375104261987504,0.4819152438175906,0.337492003732466,0.32086137992749164,0.17406686308470934,0.49755968421869723,0.4091274304623315,0.4332728655959553,0.27480247454402834,0.2799460744479029,0.1896889571688257,1.0,0.5763639982990894,0.42502250808923575
0.3625965703298061,0.6092408074752913,0.5651166771951557,0.756905010793736,0.7317883379777044,0.8411280798248058,0.4701650279086254,0.7332260369654447,0.24091609877006473,0.5449008123692212,0.29993407180696513,0.5058477704317507,0.4542675170130267,0.5575200681650937,0.3184216792264263,0.5132781372251888,0.5763639982990894,1.0,0.40425627790484714
0.0952149682802071,-0.17073878857169464,0.45562132253250914,0.20318451467072834,0.6025431710017342,0.3412315050142181,0.8219128127354648,0.6156911473969581,0.8659705572458021,0.5813063792547296,0.2009304823874754,-0.01164297256813508,0.4887810128351653,0.1489164480871783,0.45184217865093196,0.2551412274768427,0.42502250808923575,0.40425627790484714,1.0
