0,1,2,3,4,5,6,7,8,9,10,11,12,13,14,15,16,17,18
1.0,0.818027870887969,0.9276405906429284,0.8275709793059527,0.6513788396632757,0.6344645661967903,0.42656876301463337,0.4286087864069423,0.16238780387670693,0.11751381239742724,0.9378435946604625,0.5626766866787217,0.6721130440575052,0.58798055426554,0.3868283588259288,0.2756641871444993,0.8703822197348551,0.6639294482827177,0.44377844338979966
0.818027870887969,1.0,0.7480597950261657,0.7241741853955428,0.4394949440867221,0.5183991652955161,0.18245745322455728,0.19573907916372804,0.12385114330674805,-0.15010959069022478,0.7583782462931855,0.5083456841791373,0.5283692967613344,0.5176309827809404,0.301086357979595,0.08451393545191219,0.7551706126516027,0.54898481093623,0.25957572832156206
0.9276405906429284,0.7480597950261657,1.0,0.8640231659153633,0.7354983678580909,0.6924654332756974,0.49446316041140653,0.47946708296038165,0.20786363103629815,0.15675659802419417,0.8587080396161655,0.6025135488342702,0.7039417189340316,0.653014060333179,0.396596113367424,0.3236998071728624,0.9216866285726847,0.7217268297352009,0.5031549416726011
0.8275709793059527,0.7241741853955428,0.8640231659153633,1.0,0.6388108393157,0.6937946954254872,0.3301048450406153,0.44191689017415897,0.06936062331092953,0.13525825972888192,0.7382275659419169,0.6817678766157826,0.5319538835729077,0.48865509571941274,0.24921106699929332,0.17214508099754,0.9105105752338861,0.6525491043531956,0.3669714113839227
0.6513788396632757,0.4394949440867221,0.7354983678580909,0.6388108393157,1.0,0.7731327488939601,0.6499431603329984,0.6710876531573385,0.36381337752141263,0.3756620566828814,0.5552614655528155,0.540440801384968,0.6439149010300229,0.5416010312769939,0.3134099593379246,0.49990601029794957,0.6839109380062229,0.7819493428886155,0.763956951557359
0.6344645661967903,0.5183991652955161,0.6924654332756974,0.6937946954254872,0.7731327488939601,1.0,0.43668478883471507,0.7771308362733423,0.4055701815050146,0.3558748786868341,0.5843258071384715,0.4905274542961691,0.4828152442684611,0.4518407559595988,0.3698894152062648,0.382647916385693,0.6515414120704446,0.8478793798236548,0.6276251495680627
0.42656876301463337,0.18245745322455728,0.49446316041140653,0.3301048450406153,0.6499431603329984,0.43668478883471507,1.0,0.5668034909494429,0.42232036429734243,0.45376122939672864,0.3994718278234635,0.2555644380392614,0.6485422241643471,0.373107991462159,0.5408113208667726,0.33666695443096295,0.4557549701887075,0.4046053295586986,0.6931104419623227
0.4286087864069423,0.19573907916372804,0.47946708296038165,0.44191689017415897,0.6710876531573385,0.7771308362733423,0.5668034909494429,1.0,0.48869495345392794,0.7886059867710894,0.40668842492342844,0.301098205902791,0.4080667907225728,0.2642000856626009,0.3590119937482653,0.5758922280132034,0.4007767552368855,0.6208837635042981,0.7157819167547971
0.16238780387670693,0.12385114330674805,0.20786363103629815,0.06936062331092953,0.36381337752141263,0.4055701815050146,0.42232036429734243,0.48869495345392794,1.0,0.3087715917174429,0.18053465827783002,0.001472403755852787,0.25899531859707076,0.19402043960128446,0.4451497393905606,0.43786998899252433,0.1642914343541752,0.36656327454873916,0.5646578027498254
0.11751381239742724,-0.15010959069022478,0.15675659802419417,0.13525825972888192,0.3756620566828814,0.3558748786868341,0.45376122939672864,0.7886059867710894,0.3087715917174429,1.0,0.12216592289976755,0.0803453771146324,0.20802505867048235,-0.04997002837995646,0.2383357520385802,0.48877737049869946,0.08975140144084073,0.2492260529942335,0.4210373403038001
0.9378435946604625,0.7583782462931855,0.8587080396161655,0.7382275659419169,0.5552614655528155,0.5843258071384715,0.3994718278234635,0.40668842492342844,0.18053465827783002,0.12216592289976755,1.0,0.40932388115941104,0.7034269104966441,0.5408345245462255,0.3710434694376067,0.19907518398789462,0.7673150184091619,0.650669805731558,0.37399069349437414
0.5626766866787217,0.5083456841791373,0.6025135488342702,0.6817678766157826,0.540440801384968,0.4905274542961691,0.2555644380392614,0.301098205902791,0.001472403755852787,0.0803453771146324,0.40932388115941104,1.0,0.2972215418069855,0.33689301064558913,0.20302977743536907,0.20551754928257457,0.6673982231634209,0.4407298601534504,0.34678299784208166
0.6721130440575052,0.5283692967613344,0.7039417189340316,0.5319538835729077,0.6439149010300229,0.4828152442684611,0.6485422241643471,0.4080667907225728,0.25899531859707076,0.20802505867048235,0.7034269104966441,0.2972215418069855,1.0,0.6111180497610047,0.5116497161246155,0.21231838627025554,0.6426439226541598,0.5221521653196682,0.4570766727108641
0.58798055426554,0.5176309827809404,0.653014060333179,0.48865509571941274,0.5416010312769939,0.4518407559595988,0.373107991462159,0.2642000856626009,0.19402043960128446,-0.04997002837995646,0.5408345245462255,0.33689301064558913,0.6111180497610047,1.0,0.3570947131175987,0.006281278678330738,0.6635174017260808,0.39622955490394923,0.48712934903113214
0.3868283588259288,0.301086357979595,0.396596113367424,0.24921106699929332,0.3134099593379246,0.3698894152062648,0.5408113208667726,0.3590119937482653,0.4451497393905606,0.2383357520385802,0.3710434694376067,0.20302977743536907,0.5116497161246155,0.3570947131175987,1.0,0.2427631925223745,0.35416269438662273,0.3332661903686259,0.3373132860754731
0.2756641871444993,0.08451393545191219,0.3236998071728624,0.17214508099754,0.49990601029794957,0.382647916385693,0.33666695443096295,0.5758922280132034,0.43786998899252433,0.48877737049869946,0.19907518398789462,0.20551754928257457,0.21231838627025554,0.006281278678330738,0.2427631925223745,1.0,0.25755708689913226,0.25891778511639446,0.6273803960800174
0.8703822197348551,0.7551706126516027,0.9216866285726847,0.9105105752338861,0.6839109380062229,0.6515414120704446,0.4557549701887075,0.4007767552368855,0.1642914343541752,0.08975140144084073,0.7673150184091619,0.6673982231634209,0.6426439226541598,0.6635174017260808,0.35416269438662273,0.25755708689913226,1.0,0.6392424102810551,0.47824945221482484
0.6639294482827177,0.54898481093623,0.7217268297352009,0.6525491043531956,0.7819493428886155,0.8478793798236548,0.4046053295586986,0.6208837635042981,0.36656327454873916,0.2492260529942335,0.650669805731558,0.4407298601534504,0.5221521653196682,0.39622955490394923,0.3332661903686259,0.25891778511639446,0.6392424102810551,1.0,0.5851872403820934
0.44377844338979966,0.25957572832156206,0.5031549416726011,0.3669714113839227,0.763956951557359,0.6276251495680627,0.6931104419623227,0.7157819167547971,0.5646578027498254,0.4210373403038001,0.37399069349437414,0.34678299784208166,0.4570766727108641,0.48712934903113214,0.3373132860754731,0.6273803960800174,0.47824945221482484,0.5851872403820934,1.0
