0,1,2,3,4,5,6,7,8,9,10,11,12,13,14,15,16,17,18
1.0,0.31646702120419273,0.45057568549440646,0.1954558170391811,0.14607158007437465,0.1636069258391734,-0.034007591790185684,0.20691401457733286,-0.09939074157482237,0.15141501180606254,0.8787543277968582,0.2715371363691863,0.26281716638399927,0.29994898812131604,-0.011314399258853126,0.10692704051464418,-0.04532293049445556,0.13757729132886026,0.11116679127327933
0.31646702120419273,1.0,0.3272707873739707,0.2186875643780279,0.29543037214358303,0.11234218243137671,0.27838112175736723,0.004333584957238638,0.09702657550239961,-0.018217084434639923,0.19337990413301348,0.5470782411566072,0.3111170377673467,0.3335588706748804,0.14450511925225265,-0.1790032650740564,0.15695570674085907,-0.003759448097806781,0.09507418397200931
0.45057568549440646,0.3272707873739707,1.0,0.7469449171604233,0.6693386650562785,0.5653096860139711,0.39900359656247886,0.3876224012063077,0.10178181627462497,0.11810765393599408,0.33556455825707504,0.2149685584212002,0.7305786908500834,0.656061521044014,0.33249626541351,0.32258531164845594,0.7041472344698759,0.6188325428939779,0.35476767232877976
0.1954558170391811,0.2186875643780279,0.7469449171604233,1.0,0.5451510482328935,0.49722329783507624,0.3571752798788305,0.22578889041844552,0.03451811299048544,-0.04125420358504512,0.09330578714559966,0.20070908501169293,0.5115987974281543,0.43590914388751867,0.17889564575838365,0.036306986191866966,0.8453786153905279,0.5789246724959133,0.2440645171424949
0.14607158007437465,0.29543037214358303,0.6693386650562785,0.5451510482328935,1.0,0.6458982380487462,0.737476438972446,0.4896184835304076,0.3953404495057403,0.21747704649515992,0.06699647683677211,0.34080464623059353,0.7317055666144193,0.6360956320894885,0.4681763299665811,0.31144308928726017,0.606905255722393,0.7408870283709134,0.7167861208213515
0.1636069258391734,0.11234218243137671,0.5653096860139711,0.49722329783507624,0.6458982380487462,1.0,0.3551237277251517,0.7827235173328282,0.23644758187576,0.3569125839597328,0.11311024328650676,-0.019356968725229913,0.5294874894015364,0.5217851580588053,0.3550510822045453,0.4695826110150025,0.5007228217189638,0.7879053007678415,0.6282380939520863
-0.034007591790185684,0.27838112175736723,0.39900359656247886,0.3571752798788305,0.737476438972446,0.3551237277251517,1.0,0.3452040348376953,0.5864702089220498,0.1669720471983396,-0.07692564636779825,0.32952492283711426,0.5438838818085733,0.4556320996233946,0.555297583142771,0.10791703188529417,0.4797792146187429,0.3835677734799846,0.686306164236307
0.20691401457733286,0.004333584957238638,0.3876224012063077,0.22578889041844552,0.4896184835304076,0.7827235173328282,0.3452040348376953,1.0,0.3930730526086007,0.7706402372307939,0.23542965104377242,-0.06229842168963833,0.37406230290609876,0.3918071589661978,0.4158493720138527,0.6759040160481623,0.20324682857558737,0.5558316460007522,0.6976894649001895
-0.09939074157482237,0.09702657550239961,0.10178181627462497,0.03451811299048544,0.3953404495057403,0.23644758187576,0.5864702089220498,0.3930730526086007,1.0,0.29742362186683935,-0.06762303347992935,0.04466166690883319,0.18342074815688136,0.22109098837016897,0.6209552624866918,0.37892818732184086,0.15920112583438426,0.20739460755773326,0.6365401023876028
0.15141501180606254,-0.018217084434639923,0.11810765393599408,-0.04125420358504512,0.21747704649515992,0.3569125839597328,0.1669720471983396,0.7706402372307939,0.29742362186683935,1.0,0.1952764249825015,-0.06495032919739024,0.1585203833321566,0.0868076736520043,0.2291133004934204,0.4748959538940373,-0.10690418889475901,0.22937262786334192,0.3937055344613652
0.8787543277968582,0.19337990413301348,0.33556455825707504,0.09330578714559966,0.06699647683677211,0.11311024328650676,-0.07692564636779825,0.23542965104377242,-0.06762303347992935,0.1952764249825015,1.0,0.26822126054285644,0.19495677620770208,0.3140974571142568,-0.007786267487015907,0.18284761054918325,-0.1989794039830796,0.08634328626411136,0.10213618573511137
0.2715371363691863,0.5470782411566072,0.2149685584212002,0.20070908501169293,0.34080464623059353,-0.019356968725229913,0.32952492283711426,-0.06229842168963833,0.04466166690883319,-0.06495032919739024,0.26822126054285644,1.0,0.24085999246655912,0.265607940050697,-0.00772981221281179,-0.3000503860121051,0.0434860867040438,-0.0031935832622044962,0.19720658248374584
0.26281716638399927,0.3111170377673467,0.7305786908500834,0.5115987974281543,0.7317055666144193,0.5294874894015364,0.5438838818085733,0.37406230290609876,0.18342074815688136,0.1585203833321566,0.19495677620770208,0.24085999246655912,1.0,0.6555333653842683,0.47179396218851577,0.23606625599745018,0.5092320579114591,0.5459556465497989,0.4493693055565034
0.29994898812131604,0.3335588706748804,0.656061521044014,0.43590914388751867,0.6360956320894885,0.5217851580588053,0.4556320996233946,0.3918071589661978,0.22109098837016897,0.0868076736520043,0.3140974571142568,0.265607940050697,0.6555333653842683,1.0,0.42713251318647033,0.2067521517712288,0.49210540465765146,0.40691599485508245,0.5606019692213299
-0.011314399258853126,0.14450511925225265,0.33249626541351,0.17889564575838365,0.4681763299665811,0.3550510822045453,0.555297583142771,0.4158493720138527,0.6209552624866918,0.2291133004934204,-0.007786267487015907,-0.00772981221281179,0.47179396218851577,0.42713251318647033,1.0,0.40294411079032477,0.28173834238645773,0.2922074141615414,0.5110916965191409
0.10692704051464418,-0.1790032650740564,0.32258531164845594,0.036306986191866966,0.31144308928726017,0.4695826110150025,0.10791703188529417,0.6759040160481623,0.37892818732184086,0.4748959538940373,0.18284761054918325,-0.3000503860121051,0.23606625599745018,0.2067521517712288,0.40294411079032477,1.0,0.15594556161580217,0.2883202564975347,0.5298643714817722
-0.04532293049445556,0.15695570674085907,0.7041472344698759,0.8453786153905279,0.606905255722393,0.5007228217189638,0.4797792146187429,0.20324682857558737,0.15920112583438426,-0.10690418889475901,-0.1989794039830796,0.0434860867040438,0.5092320579114591,0.49210540465765146,0.28173834238645773,0.15594556161580217,1.0,0.5843962664305026,0.34713060205229734
0.13757729132886026,-0.003759448097806781,0.6188325428939779,0.5789246724959133,0.7408870283709134,0.7879053007678415,0.3835677734799846,0.5558316460007522,0.20739460755773326,0.22937262786334192,0.08634328626411136,-0.0031935832622044962,0.5459556465497989,0.40691599485508245,0.2922074141615414,0.2883202564975347,0.5843962664305026,1.0,0.558518795696269
0.11116679127327933,0.09507418397200931,0.35476767232877976,0.2440645171424949,0.7167861208213515,0.6282380939520863,0.686306164236307,0.6976894649001895,0.6365401023876028,0.3937055344613652,0.10213618573511137,0.19720658248374584,0.4493693055565034,0.5606019692213299,0.5110916965191409,0.5298643714817722,0.34713060205229734,0.558518795696269,1.0
