0,1,2,3,4,5,6,7,8,9,10,11,12,13,14,15,16,17,18
1.0,0.49236873123111996,0.8498932678714504,0.4122401232138351,0.5874277023881083,0.2157214530154702,0.5572361794139177,0.19435480887205958,0.323747460991261,0.24730002508317386,0.8164218790824499,0.28939355462306715,0.5879407976902513,0.5790025672301018,0.4745193691084927,0.5177307298407201,0.7952549730731795,0.496101018514696,0.5155599408220886
0.49236873123111996,1.0,0.41589201776508516,0.8172457486016056,0.2625795216319432,0.4830350213919763,0.24273514290397377,0.48066069402958855,0.15126603091813487,0.10500044566157901,0.3959247216829791,0.25853600690459905,0.2720639759978743,0.15497269988724197,0.17042510542208172,0.21651905383960154,0.35902474800824774,0.0693345786526739,0.24511475345524103
0.8498932678714504,0.41589201776508516,1.0,0.42531460823386646,0.8052230803970064,0.2865031126557499,0.7444825794189759,0.28178994245650457,0.47515755779546026,0.315435243349185,0.83575591730491,0.42512228893205606,0.8038514541762445,0.7334140476863865,0.6547755215537435,0.6865295985431817,0.8625517359053191,0.6081760283003059,0.6302250135887519
0.4122401232138351,0.8172457486016056,0.42531460823386646,1.0,0.265341572706005,0.5053446538187333,0.2891406889058854,0.5500399736556613,0.13495007036717355,0.18895794137306257,0.36311149148758054,0.09786416416265341,0.2751549032768657,0.10514172796235399,0.1663277432999257,0.15401645729145358,0.37019492106083224,0.06980692195033471,0.22080087735754234
0.5874277023881083,0.2625795216319432,0.8052230803970064,0.265341572706005,1.0,0.34170583014051537,0.8765264058876859,0.32584638645804936,0.6244940568662607,0.3759886643260376,0.6952224412123551,0.4153105722875748,0.8940965225826759,0.7767495320857616,0.7967440475330732,0.7924033489301344,0.739833915607408,0.6718325174796181,0.7963488403189667
0.2157214530154702,0.4830350213919763,0.2865031126557499,0.5053446538187333,0.34170583014051537,1.0,0.30614075086718123,0.814094930952134,0.2032291129354145,0.2412668491415826,0.2899264635270039,0.21369404826874663,0.30745049868772867,0.3802409892299149,0.23263454929914218,0.19062105584014763,0.16167184174945598,0.26156547045640544,0.28880861321183326
0.5572361794139177,0.24273514290397377,0.7444825794189759,0.2891406889058854,0.8765264058876859,0.30614075086718123,1.0,0.3389281182196712,0.5570480663248017,0.4171244171088555,0.6809796036464076,0.32270927928936627,0.8251906145672427,0.6534286290945411,0.7866945950277434,0.6707547027150791,0.6790997718266958,0.585354415143007,0.772583817596311
0.19435480887205958,0.48066069402958855,0.28178994245650457,0.5500399736556613,0.32584638645804936,0.814094930952134,0.3389281182196712,1.0,0.29267136451626113,0.5638668567356719,0.2692732992362402,0.12302241172310105,0.2822403797887341,0.28460772951173985,0.26543134105023886,0.26769973433100536,0.1350821387561513,0.22634190293509046,0.3252787242693848
0.323747460991261,0.15126603091813487,0.47515755779546026,0.13495007036717355,0.6244940568662607,0.2032291129354145,0.5570480663248017,0.29267136451626113,1.0,0.47709242548343017,0.47629849333750446,0.3216077336060662,0.6283439933967331,0.5304920211184115,0.7464613024207754,0.6683340123986071,0.43700857439780416,0.3638949250179232,0.6398105238986861
0.24730002508317386,0.10500044566157901,0.315435243349185,0.18895794137306257,0.3759886643260376,0.2412668491415826,0.4171244171088555,0.5638668567356719,0.47709242548343017,1.0,0.3124101795655208,-0.03672825352167205,0.36261987782002414,0.28377283453463065,0.44846723287317425,0.39654959932080114,0.27375818007392705,0.2817165536418343,0.3716272452835994
0.8164218790824499,0.3959247216829791,0.83575591730491,0.36311149148758054,0.6952224412123551,0.2899264635270039,0.6809796036464076,0.2692732992362402,0.47629849333750446,0.3124101795655208,1.0,0.24932514419965376,0.808238834405916,0.6507216125352184,0.7123300751469877,0.6091500454702035,0.7128915887357353,0.5551758228869911,0.5447252547856737
0.28939355462306715,0.25853600690459905,0.42512228893205606,0.09786416416265341,0.4153105722875748,0.21369404826874663,0.32270927928936627,0.12302241172310105,0.3216077336060662,-0.03672825352167205,0.24932514419965376,1.0,0.37545101672654535,0.4531649851621762,0.3125986618954758,0.3478287387761892,0.4155337550331755,0.21844012799062215,0.3500040629794858
0.5879407976902513,0.2720639759978743,0.8038514541762445,0.2751549032768657,0.8940965225826759,0.30745049868772867,0.8251906145672427,0.2822403797887341,0.6283439933967331,0.36261987782002414,0.808238834405916,0.37545101672654535,1.0,0.7523273770675577,0.8526533145730446,0.7138737946711331,0.6883702937320345,0.6109546909361806,0.6777747195677325
0.5790025672301018,0.15497269988724197,0.7334140476863865,0.10514172796235399,0.7767495320857616,0.3802409892299149,0.6534286290945411,0.28460772951173985,0.5304920211184115,0.28377283453463065,0.6507216125352184,0.4531649851621762,0.7523273770675577,1.0,0.6981090345418764,0.6332335586873749,0.7383166705768465,0.5195882174565692,0.7131617249525483
0.4745193691084927,0.17042510542208172,0.6547755215537435,0.1663277432999257,0.7967440475330732,0.23263454929914218,0.7866945950277434,0.26543134105023886,0.7464613024207754,0.44846723287317425,0.7123300751469877,0.3125986618954758,0.8526533145730446,0.6981090345418764,1.0,0.7475261267240355,0.6093905435371785,0.5286096867520517,0.7116562256356794
0.5177307298407201,0.21651905383960154,0.6865295985431817,0.15401645729145358,0.7924033489301344,0.19062105584014763,0.6707547027150791,0.26769973433100536,0.6683340123986071,0.39654959932080114,0.6091500454702035,0.3478287387761892,0.7138737946711331,0.6332335586873749,0.7475261267240355,1.0,0.6768440794032168,0.38801547385624485,0.8099068023948246
0.7952549730731795,0.35902474800824774,0.8625517359053191,0.37019492106083224,0.739833915607408,0.16167184174945598,0.6790997718266958,0.1350821387561513,0.43700857439780416,0.27375818007392705,0.7128915887357353,0.4155337550331755,0.6883702937320345,0.7383166705768465,0.6093905435371785,0.6768440794032168,1.0,0.5822826428275455,0.6954467689374507
0.496101018514696,0.0693345786526739,0.6081760283003059,0.06980692195033471,0.6718325174796181,0.26156547045640544,0.585354415143007,0.22634190293509046,0.3638949250179232,0.2817165536418343,0.5551758228869911,0.21844012799062215,0.6109546909361806,0.5195882174565692,0.5286096867520517,0.38801547385624485,0.5822826428275455,1.0,0.5998202743735986
0.5155599408220886,0.24511475345524103,0.6302250135887519,0.22080087735754234,0.7963488403189667,0.28880861321183326,0.772583817596311,0.3252787242693848,0.6398105238986861,0.3716272452835994,0.5447252547856737,0.3500040629794858,0.6777747195677325,0.7131617249525483,0.7116562256356794,0.8099068023948246,0.6954467689374507,0.5998202743735986,1.0
