0,1,2,3,4,5,6,7,8,9,10,11,12,13,14,15,16,17,18
1.0,0.753806365417224,0.8957139029695208,0.703126434243505,0.49775939161738325,0.39171611729563344,0.11367709825152601,0.18024637447150538,0.09349646697367148,0.06492111120923044,0.8864607890257888,0.32961437967855767,0.023502296544911948,0.33864065736165727,0.26642544038219307,0.1822057728967211,0.7821445106236042,0.5227400096690581,0.28803136363891507
0.753806365417224,1.0,0.675757798013714,0.8814129982385595,0.32880156643826924,0.5157445627554079,-0.06552047494761347,0.2858736364213186,-0.07983693288310141,0.14763010892435602,0.6472545877389027,0.4801196793114235,0.03138957411418039,0.31753828128615663,0.17332541244426683,-0.004617537404333981,0.6971184313191038,0.49099397090560454,0.1644858957332298
0.8957139029695208,0.675757798013714,1.0,0.7124048439223052,0.5537231256933546,0.3939591766517335,0.26301734156617584,0.1905393491025824,0.16783415566273063,0.08590419336350008,0.8042339038062171,0.2685550389242857,0.08886316889505656,0.3935462924468807,0.27499699429579705,0.15392737829973185,0.8505363840885476,0.5005495878322183,0.3017287399999556
0.703126434243505,0.8814129982385595,0.7124048439223052,1.0,0.36273079928297175,0.6284382278798356,-0.012446823261821779,0.38870811717145,-0.06776348685775567,0.20450044192158542,0.6133612038882738,0.4208347897162153,0.15057758587776865,0.39076898422512385,0.13043119651221147,-0.09992234154606364,0.7605357893252228,0.5679953603368132,0.18975489191176817
0.49775939161738325,0.32880156643826924,0.5537231256933546,0.36273079928297175,1.0,0.49860775059122986,0.3523037334157895,0.37543319150954696,0.4854144087727353,0.2719398741059093,0.3906895134710604,0.2584373248092288,0.04136160837484234,0.30629224160855106,0.5340588203393833,0.45011820568292743,0.5587723360147668,0.6874670274919837,0.6819272885261973
0.39171611729563344,0.5157445627554079,0.3939591766517335,0.6284382278798356,0.49860775059122986,1.0,0.04577081171399573,0.8134804619887209,0.15039237442818945,0.5506011404884571,0.36705801272495087,0.14923998705541514,0.15071904624648794,0.47100516759357947,0.323837665051135,0.09182209953328861,0.4216831936224861,0.6886884392362874,0.5635120335432823
0.11367709825152601,-0.06552047494761347,0.26301734156617584,-0.012446823261821779,0.3523037334157895,0.04577081171399573,1.0,0.16446495193972366,0.7212556852849757,0.22134027316486607,0.22699111026748753,-0.2409163402674424,0.42685893849432505,0.0790022120860497,0.17489852258970223,-0.08933075822060657,0.2845357560250626,-0.056707705962398915,0.4165337887976503
0.18024637447150538,0.2858736364213186,0.1905393491025824,0.38870811717145,0.37543319150954696,0.8134804619887209,0.16446495193972366,1.0,0.369145657218694,0.8586301981149458,0.1784378643528718,0.008709891319933884,0.2715373082819825,0.48545469818134196,0.3623985508898478,0.16986400165048035,0.2098221887456444,0.3679325253255631,0.6456570839009743
0.09349646697367148,-0.07983693288310141,0.16783415566273063,-0.06776348685775567,0.4854144087727353,0.15039237442818945,0.7212556852849757,0.369145657218694,1.0,0.4653810912472213,0.08743598433926812,-0.08254369680081165,0.3076959384766069,0.08896771256758314,0.526368468812406,0.3667427957821404,0.24622901571664899,0.047915732694796286,0.6594893275363128
0.06492111120923044,0.14763010892435602,0.08590419336350008,0.20450044192158542,0.2719398741059093,0.5506011404884571,0.22134027316486607,0.8586301981149458,0.4653810912472213,1.0,0.07775948510690782,-0.033647052346108625,0.305123242644821,0.3099537575776126,0.3383942607339535,0.2375169505317039,0.09393956638145846,0.15195438550492354,0.5374735593500548
0.8864607890257888,0.6472545877389027,0.8042339038062171,0.6133612038882738,0.3906895134710604,0.36705801272495087,0.22699111026748753,0.1784378643528718,0.08743598433926812,0.07775948510690782,1.0,0.1647287014748137,0.10152715822239447,0.34236776906488153,0.1640422766271028,0.017133548052308906,0.6894731540952532,0.4330417459632554,0.21530637875176892
0.32961437967855767,0.4801196793114235,0.2685550389242857,0.4208347897162153,0.2584373248092288,0.14923998705541514,-0.2409163402674424,0.008709891319933884,-0.08254369680081165,-0.033647052346108625,0.1647287014748137,1.0,-0.12761467578987104,0.0022515160765689784,0.1958657054166863,0.1795952135467276,0.36577950156916245,0.3157496873260747,0.08374086432133027
0.023502296544911948,0.03138957411418039,0.08886316889505656,0.15057758587776865,0.04136160837484234,0.15071904624648794,0.42685893849432505,0.2715373082819825,0.3076959384766069,0.305123242644821,0.10152715822239447,-0.12761467578987104,1.0,0.340837336204945,0.0029677293621079965,-0.23038982306870237,0.18012663736903858,-0.15976825707944167,0.12104348716392783
0.33864065736165727,0.31753828128615663,0.3935462924468807,0.39076898422512385,0.30629224160855106,0.47100516759357947,0.0790022120860497,0.48545469818134196,0.08896771256758314,0.3099537575776126,0.34236776906488153,0.0022515160765689784,0.340837336204945,1.0,0.23116331146772925,-0.2512688690854481,0.4212531131365122,0.1264597991977654,0.38807674962182065
0.26642544038219307,0.17332541244426683,0.27499699429579705,0.13043119651221147,0.5340588203393833,0.323837665051135,0.17489852258970223,0.3623985508898478,0.526368468812406,0.3383942607339535,0.1640422766271028,0.1958657054166863,0.0029677293621079965,0.23116331146772925,1.0,0.4751700282856909,0.24899456178422058,0.28580763305627255,0.48334793557887706
0.1822057728967211,-0.004617537404333981,0.15392737829973185,-0.09992234154606364,0.45011820568292743,0.09182209953328861,-0.08933075822060657,0.16986400165048035,0.3667427957821404,0.2375169505317039,0.017133548052308906,0.1795952135467276,-0.23038982306870237,-0.2512688690854481,0.4751700282856909,1.0,0.14759323278010514,0.23955112800251374,0.4663001006319268
0.7821445106236042,0.6971184313191038,0.8505363840885476,0.7605357893252228,0.5587723360147668,0.4216831936224861,0.2845357560250626,0.2098221887456444,0.24622901571664899,0.09393956638145846,0.6894731540952532,0.36577950156916245,0.18012663736903858,0.4212531131365122,0.24899456178422058,0.14759323278010514,1.0,0.506887756028703,0.4135751323123876
0.5227400096690581,0.49099397090560454,0.5005495878322183,0.5679953603368132,0.6874670274919837,0.6886884392362874,-0.056707705962398915,0.3679325253255631,0.047915732694796286,0.15195438550492354,0.4330417459632554,0.3157496873260747,-0.15976825707944167,0.1264597991977654,0.28580763305627255,0.23955112800251374,0.506887756028703,1.0,0.47633077025413606
0.28803136363891507,0.1644858957332298,0.3017287399999556,0.18975489191176817,0.6819272885261973,0.5635120335432823,0.4165337887976503,0.6456570839009743,0.6594893275363128,0.5374735593500548,0.21530637875176892,0.08374086432133027,0.12104348716392783,0.38807674962182065,0.48334793557887706,0.4663001006319268,0.4135751323123876,0.47633077025413606,1.0
