0,1,2,3,4,5,6,7,8,9,10,11,12,13,14,15,16,17,18
1.0,0.7014313709090256,0.8898442560686002,0.7266825864512979,0.5193814887300827,0.49400366384570094,0.34665662162656136,0.35420642780678013,-0.004374819546507096,0.21729069111521723,0.9033285091755168,0.5303249555139934,0.4771836430431886,0.4990534324563872,0.288517514282148,0.2434530949150456,0.7451369168627471,0.5062736788265946,0.2538991177513076
0.7014313709090256,1.0,0.6604455128441986,0.7269405626511609,0.39880987648173527,0.529660129178315,0.09389353531191402,0.3239900286722255,-0.036006694362076604,0.1344072617373565,0.60544978826359,0.7409279762598158,0.2623380951113399,0.3633668643630249,0.13540654726882642,0.10222475967427212,0.6633837964949089,0.5553251646582442,0.2022941849891287
0.8898442560686002,0.6604455128441986,1.0,0.762671309344151,0.6135377494267054,0.565494853415607,0.41624705968197095,0.38466081032412686,0.027754007381883283,0.19699728723338505,0.8040491594930078,0.5291170314869519,0.5533882275758667,0.5438003104148967,0.2958647980720088,0.3630433333857135,0.8177630284300825,0.5750013365464456,0.32030750977121475
0.7266825864512979,0.7269405626511609,0.762671309344151,1.0,0.4491357995098109,0.5387078947045941,0.2228017103908639,0.3788709426441021,-0.12574994297078165,0.31896751320079075,0.6086034302402269,0.623925146119019,0.343506505436884,0.3815293402983895,0.16386543464460382,0.09848958954594597,0.8563176543156139,0.49733096684727324,0.17248312311484149
0.5193814887300827,0.39880987648173527,0.6135377494267054,0.4491357995098109,1.0,0.7489677467243393,0.6879182557508328,0.6003113063597892,0.35386024662259913,0.28537164459379477,0.46787369837900844,0.36136206881587934,0.701377232027734,0.6132022258440646,0.3792044531378831,0.454912008245804,0.5270899350960925,0.7540551516765835,0.7284915575872225
0.49400366384570094,0.529660129178315,0.565494853415607,0.5387078947045941,0.7489677467243393,1.0,0.44614526795298776,0.7566663453643777,0.21893688395236452,0.32770680813943315,0.45130267870211255,0.3879563654887587,0.4961979719439372,0.5641055949374836,0.2904407809846077,0.37069259455316805,0.5386793442654313,0.7771456433313394,0.633203818144965
0.34665662162656136,0.09389353531191402,0.41624705968197095,0.2228017103908639,0.6879182557508328,0.44614526795298776,1.0,0.5048763539405572,0.5208849212887984,0.32800262700676014,0.36047254322806904,0.023422180441551838,0.6151401262602176,0.49257442913878446,0.5996990725961622,0.3355106317419956,0.31556904963936916,0.33734446517397787,0.7034578474526803
0.35420642780678013,0.3239900286722255,0.38466081032412686,0.3788709426441021,0.6003113063597892,0.7566663453643777,0.5048763539405572,1.0,0.45643781942148065,0.7545737271874084,0.36332216107961707,0.16413782873869953,0.4073515682894075,0.4577071054522878,0.25686214227729787,0.5482934152782597,0.3531772780830676,0.46174560137790627,0.6967248336972277
-0.004374819546507096,-0.036006694362076604,0.027754007381883283,-0.12574994297078165,0.35386024662259913,0.21893688395236452,0.5208849212887984,0.45643781942148065,1.0,0.372439225162939,0.004841552110789948,-0.05545293123220596,0.1602465221966469,0.16821030465238987,0.4155734267351418,0.48923838786815954,-0.02880433649501236,0.11602225796864953,0.6002731053557191
0.21729069111521723,0.1344072617373565,0.19699728723338505,0.31896751320079075,0.28537164459379477,0.32770680813943315,0.32800262700676014,0.7545737271874084,0.372439225162939,1.0,0.2670158339638419,0.016565219240128055,0.22549289200539982,0.1761292034996293,0.16505778630646153,0.3392830592167516,0.19868027785316986,0.09221102358924611,0.3171503370315913
0.9033285091755168,0.60544978826359,0.8040491594930078,0.6086034302402269,0.46787369837900844,0.45130267870211255,0.36047254322806904,0.36332216107961707,0.004841552110789948,0.2670158339638419,1.0,0.36654412669213726,0.5691687640262415,0.52133994383065,0.2758825059718515,0.18772475065399902,0.6237376218752636,0.44638402456756754,0.22042413563555824
0.5303249555139934,0.7409279762598158,0.5291170314869519,0.623925146119019,0.36136206881587934,0.3879563654887587,0.023422180441551838,0.16413782873869953,-0.05545293123220596,0.016565219240128055,0.36654412669213726,1.0,0.11218032941400613,0.2444874292283588,0.15110672634164377,0.13631044788202373,0.533460776860475,0.4137829819502056,0.16493163426858892
0.4771836430431886,0.2623380951113399,0.5533882275758667,0.343506505436884,0.701377232027734,0.4961979719439372,0.6151401262602176,0.4073515682894075,0.1602465221966469,0.22549289200539982,0.5691687640262415,0.11218032941400613,1.0,0.6021231365922649,0.3567331194112147,0.22216817690145707,0.40130272042019255,0.4808346520592351,0.4579379859233642
0.4990534324563872,0.3633668643630249,0.5438003104148967,0.3815293402983895,0.6132022258440646,0.5641055949374836,0.49257442913878446,0.4577071054522878,0.16821030465238987,0.1761292034996293,0.52133994383065,0.2444874292283588,0.6021231365922649,1.0,0.20502166972099983,0.13898814612528426,0.5625177757525203,0.37442747155448997,0.593611822439837
0.288517514282148,0.13540654726882642,0.2958647980720088,0.16386543464460382,0.3792044531378831,0.2904407809846077,0.5996990725961622,0.25686214227729787,0.4155734267351418,0.16505778630646153,0.2758825059718515,0.15110672634164377,0.3567331194112147,0.20502166972099983,1.0,0.27112309135112744,0.18917513346787992,0.31627153890128407,0.347664338806701
0.2434530949150456,0.10222475967427212,0.3630433333857135,0.09848958954594597,0.454912008245804,0.37069259455316805,0.3355106317419956,0.5482934152782597,0.48923838786815954,0.3392830592167516,0.18772475065399902,0.13631044788202373,0.22216817690145707,0.13898814612528426,0.27112309135112744,1.0,0.2755711844048495,0.1894440317603797,0.6131358305688442
0.7451369168627471,0.6633837964949089,0.8177630284300825,0.8563176543156139,0.5270899350960925,0.5386793442654313,0.31556904963936916,0.3531772780830676,-0.02880433649501236,0.19868027785316986,0.6237376218752636,0.533460776860475,0.40130272042019255,0.5625177757525203,0.18917513346787992,0.2755711844048495,1.0,0.5287773722570127,0.3248618195448146
0.5062736788265946,0.5553251646582442,0.5750013365464456,0.49733096684727324,0.7540551516765835,0.7771456433313394,0.33734446517397787,0.46174560137790627,0.11602225796864953,0.09221102358924611,0.44638402456756754,0.4137829819502056,0.4808346520592351,0.37442747155448997,0.31627153890128407,0.1894440317603797,0.5287773722570127,1.0,0.4885253699114926
0.2538991177513076,0.2022941849891287,0.32030750977121475,0.17248312311484149,0.7284915575872225,0.633203818144965,0.7034578474526803,0.6967248336972277,0.6002731053557191,0.3171503370315913,0.22042413563555824,0.16493163426858892,0.4579379859233642,0.593611822439837,0.347664338806701,0.6131358305688442,0.3248618195448146,0.4885253699114926,1.0
