0,1,2,3,4,5,6,7,8,9,10,11,12,13,14,15,16,17,18
1.0,0.6214077307004159,0.5482349465211089,0.4108173968535357,0.40799657197453365,0.18669448718715292,0.18568446561744678,0.19184946307670894,-0.14374081218001178,0.03561112475217359,0.6157426760559672,-0.07959921997345512,0.38861292924364743,0.14608574799734336,0.0680414605821546,0.10630435537282595,0.4444421356047863,0.4182904642447254,0.1332596635140747
0.6214077307004159,1.0,0.41582622088562077,0.5838219813014002,0.20233823149855568,0.2788787150938463,0.1840807452498436,0.2121812627494359,-0.09475883262388458,-0.02036117104174459,0.40983735302093777,0.40334128711924944,0.3145871024214975,0.004809548958038685,0.10676205089452465,0.0005803123218255146,0.46888745895872147,0.4579410790773603,0.122567644277795
0.5482349465211089,0.41582622088562077,1.0,0.5200514190536449,0.8063135233567637,0.25214558866386577,0.5709014013208714,0.3523837542519229,0.15234088954220784,0.1439052393682912,0.2008123366551162,0.07343864770777764,0.587994420011161,0.32915448659939184,0.16084388906482422,0.026573441879991336,0.7854907287202998,0.649684251745603,0.5554524081076129
0.4108173968535357,0.5838219813014002,0.5200514190536449,1.0,0.37275574587364985,0.6746105826402886,0.34760920616826685,0.5516865600729537,-0.010310769988637798,0.06404574717235155,0.29805691382117805,0.28565337799468826,0.42943922160026665,0.22439423537596648,0.13054751008992121,0.004881251297473283,0.6792748358647476,0.5991895260271558,0.3376665213866581
0.40799657197453365,0.20233823149855568,0.8063135233567637,0.37275574587364985,1.0,0.18838299609834835,0.7221832462571001,0.4028195300901061,0.31390792086208813,0.22669284753933575,0.026264512037049804,-0.09831247404722684,0.5780266415188844,0.3994975493885359,0.22967360940735476,0.1037648621091029,0.6307122374916245,0.617210755362991,0.659249994480114
0.18669448718715292,0.2788787150938463,0.25214558866386577,0.6746105826402886,0.18838299609834835,1.0,0.3073222707873519,0.7809400526667448,0.09506433796414125,0.07851365877064773,0.272871523656664,0.2263136227565925,0.4278770426375549,0.6456100503554151,0.22592187568381528,0.07845558380633612,0.4402695754525383,0.5055796427012256,0.34448600583811556
0.18568446561744678,0.1840807452498436,0.5709014013208714,0.34760920616826685,0.7221832462571001,0.3073222707873519,1.0,0.4867975653065914,0.5765407253424947,0.23522556945273174,0.002482515092992598,0.0950137146013861,0.5636116630977053,0.29360769876766524,0.48524646881658207,0.05027895020694836,0.48175855780226007,0.5929029821128395,0.7489951320838972
0.19184946307670894,0.2121812627494359,0.3523837542519229,0.5516865600729537,0.4028195300901061,0.7809400526667448,0.4867975653065914,1.0,0.27055250448615215,0.3083071010454966,0.12580616256835558,0.0832945121264729,0.43211741279083743,0.6112145016971194,0.3364634761451843,0.2069291018963532,0.4478290656824485,0.6127076222642253,0.5639888991648098
-0.14374081218001178,-0.09475883262388458,0.15234088954220784,-0.010310769988637798,0.31390792086208813,0.09506433796414125,0.5765407253424947,0.27055250448615215,1.0,0.332006791669759,-0.25540053492785614,0.0386462716325519,0.09273545267793308,0.18769801536040207,0.29280983764540414,0.13140206280294545,0.10973774209839487,0.23443651082689038,0.45439137878156427
0.03561112475217359,-0.02036117104174459,0.1439052393682912,0.06404574717235155,0.22669284753933575,0.07851365877064773,0.23522556945273174,0.3083071010454966,0.332006791669759,1.0,-0.055902519842790675,-0.10322121351821217,0.08939188423796235,-0.02640377861826463,0.11154398618979873,0.54160842129454,0.0961137905058064,0.16926815816787794,0.3055881736515626
0.6157426760559672,0.40983735302093777,0.2008123366551162,0.29805691382117805,0.026264512037049804,0.272871523656664,0.002482515092992598,0.12580616256835558,-0.25540053492785614,-0.055902519842790675,1.0,-0.12228933143063586,0.3225252918726723,-0.16733323245539716,0.10180566466123316,0.008543715343481752,0.14222926826770937,0.225029138382377,-0.08620527643908227
-0.07959921997345512,0.40334128711924944,0.07343864770777764,0.28565337799468826,-0.09831247404722684,0.2263136227565925,0.0950137146013861,0.0832945121264729,0.0386462716325519,-0.10322121351821217,-0.12228933143063586,1.0,0.09076769508121649,0.04183963709637072,0.058476246527689554,-0.098765108347266,0.22403556493074298,0.0424106682196734,0.054767169010663315
0.38861292924364743,0.3145871024214975,0.587994420011161,0.42943922160026665,0.5780266415188844,0.4278770426375549,0.5636116630977053,0.43211741279083743,0.09273545267793308,0.08939188423796235,0.3225252918726723,0.09076769508121649,1.0,0.21189324104613666,0.3439590504907659,0.010122329958947539,0.4389546770669722,0.49170403547321057,0.39976671643469164
0.14608574799734336,0.004809548958038685,0.32915448659939184,0.22439423537596648,0.3994975493885359,0.6456100503554151,0.29360769876766524,0.6112145016971194,0.18769801536040207,-0.02640377861826463,-0.16733323245539716,0.04183963709637072,0.21189324104613666,1.0,0.13140393137034326,-0.09482070936531085,0.3214017028293247,0.3159012989253177,0.36685504890583853
0.0680414605821546,0.10676205089452465,0.16084388906482422,0.13054751008992121,0.22967360940735476,0.22592187568381528,0.48524646881658207,0.3364634761451843,0.29280983764540414,0.11154398618979873,0.10180566466123316,0.058476246527689554,0.3439590504907659,0.13140393137034326,1.0,0.081354007277884,0.1022732186682725,0.2783163731540667,0.25754115877231826
0.10630435537282595,0.0005803123218255146,0.026573441879991336,0.004881251297473283,0.1037648621091029,0.07845558380633612,0.05027895020694836,0.2069291018963532,0.13140206280294545,0.54160842129454,0.008543715343481752,-0.098765108347266,0.010122329958947539,-0.09482070936531085,0.081354007277884,1.0,-0.06988965024665883,0.027628715418368255,0.0523107488768443
0.4444421356047863,0.46888745895872147,0.7854907287202998,0.6792748358647476,0.6307122374916245,0.4402695754525383,0.48175855780226007,0.4478290656824485,0.10973774209839487,0.0961137905058064,0.14222926826770937,0.22403556493074298,0.4389546770669722,0.3214017028293247,0.1022732186682725,-0.06988965024665883,1.0,0.6804328977104328,0.5534538501336569
0.4182904642447254,0.4579410790773603,0.649684251745603,0.5991895260271558,0.617210755362991,0.5055796427012256,0.5929029821128395,0.6127076222642253,0.23443651082689038,0.16926815816787794,0.225029138382377,0.0424106682196734,0.49170403547321057,0.3159012989253177,0.2783163731540667,0.027628715418368255,0.6804328977104328,1.0,0.6564532465268849
0.1332596635140747,0.122567644277795,0.5554524081076129,0.3376665213866581,0.659249994480114,0.34448600583811556,0.7489951320838972,0.5639888991648098,0.45439137878156427,0.3055881736515626,-0.08620527643908227,0.054767169010663315,0.39976671643469164,0.36685504890583853,0.25754115877231826,0.0523107488768443,0.5534538501336569,0.6564532465268849,1.0
