0,1,2,3,4,5,6,7,8,9,10,11,12,13,14,15,16,17,18
1.0,0.7116613083388258,0.5121958867579947,0.3856013343107506,0.25993534844011507,0.1017469436159501,0.05944235950627805,0.06852542696501829,-0.178293721720906,-0.09007195549455906,0.29903509211125806,0.09994627105969481,0.3662742545951412,0.2005186239775097,0.08602613498229096,-0.11046721495740197,0.35564792905386966,0.19891513852674722,-0.12645395819447458
0.7116613083388258,1.0,0.40651499291154336,0.527938089820778,0.15242978116294384,0.2257702868684044,0.05809616517491575,0.09455320184827663,-0.11742452998757334,-0.13133819351689038,0.27279205485911834,0.19649612305877684,0.29278441559606894,0.11566353412594899,0.08760645796257287,-0.18336658760505156,0.379466985628069,0.2610595896364361,-0.09165590632733095
0.5121958867579947,0.40651499291154336,1.0,0.47543123198357407,0.7159316941290766,0.183576645936267,0.3999248770063231,0.1877322138584063,-0.05879902843065374,-0.07330135014333676,-0.1014879676064479,0.11817830621964606,0.5705345426227679,0.4198578675215855,0.08378009757316844,-0.020555204569277945,0.6546502554173347,0.48767004038686845,0.20164336541798725
0.3856013343107506,0.527938089820778,0.47543123198357407,1.0,0.3504988834747712,0.7158823786002715,0.3523077153539716,0.5194392747701856,0.03077752982950504,-0.017051561097842,0.25623399956633763,-0.009487202637814673,0.40466776218527284,0.22476235226068214,0.18448923038419116,-0.07160895263075812,0.6386006250730043,0.5733246428025293,0.279090305988053
0.25993534844011507,0.15242978116294384,0.7159316941290766,0.3504988834747712,1.0,0.23149773418882036,0.69782002943486,0.38001693495842787,0.14723155996375115,0.11391572339985585,-0.30780151077922896,-0.16181025252817788,0.5420241937058439,0.5524756054511637,0.18310273071100933,0.1586475233166081,0.516716768789721,0.6221711491711461,0.4758214841897901
0.1017469436159501,0.2257702868684044,0.183576645936267,0.7158823786002715,0.23149773418882036,1.0,0.3859750146851346,0.75803439797295,0.15691576998953316,0.07305318176494907,0.2629675373337871,-0.07152743821504293,0.37884158062395634,0.47928440127198085,0.26242448920161177,0.047193407462243236,0.42618126305560505,0.5028075178855106,0.379068601152025
0.05944235950627805,0.05809616517491575,0.3999248770063231,0.3523077153539716,0.69782002943486,0.3859750146851346,1.0,0.561142345984973,0.5325479754200154,0.20436283606546882,-0.05895680108350004,-0.1259837278788382,0.4783099515741121,0.3099703182740329,0.46243815910940705,0.15658088537821957,0.367667922340776,0.5465120841787938,0.6954759933963737
0.06852542696501829,0.09455320184827663,0.1877322138584063,0.5194392747701856,0.38001693495842787,0.75803439797295,0.561142345984973,1.0,0.32623019866729797,0.3606563871361755,0.09377990917179327,-0.2207961151440751,0.364198491766413,0.4554017136526076,0.2804335969327042,0.2872114541414087,0.3141046217998351,0.5317269625364611,0.5713927999761154
-0.178293721720906,-0.11742452998757334,-0.05879902843065374,0.03077752982950504,0.14723155996375115,0.15691576998953316,0.5325479754200154,0.32623019866729797,1.0,0.3971827642971155,-0.05359318511970035,-0.16746347695468394,0.028813826709716345,0.03750221497890119,0.26102267644752936,0.2513696060967771,-0.035187119495296015,0.07933117553736871,0.46861150535309243
-0.09007195549455906,-0.13133819351689038,-0.07330135014333676,-0.017051561097842,0.11391572339985585,0.07305318176494907,0.20436283606546882,0.3606563871361755,0.3971827642971155,1.0,0.003533221473954589,-0.2061702217227402,-0.03771331704463397,-0.09062102677436917,-0.08318087755288153,0.5846706269497725,-0.02356218928341615,0.0679753556307048,0.2828466259050965
0.29903509211125806,0.27279205485911834,-0.1014879676064479,0.25623399956633763,-0.30780151077922896,0.2629675373337871,-0.05895680108350004,0.09377990917179327,-0.05359318511970035,0.003533221473954589,1.0,0.005907010069984837,0.16895311022188958,-0.4839224108965696,0.14255256205997197,-0.1277589397555388,0.007347575699579247,0.011075092510683926,-0.15347166265546272
0.09994627105969481,0.19649612305877684,0.11817830621964606,-0.009487202637814673,-0.16181025252817788,-0.07152743821504293,-0.1259837278788382,-0.2207961151440751,-0.16746347695468394,-0.2061702217227402,0.005907010069984837,1.0,0.020838701254114547,-0.08969514474281497,-0.0029554173507197012,-0.244986928510273,0.00292275044380375,-0.15031512557012705,-0.16646955426240723
0.3662742545951412,0.29278441559606894,0.5705345426227679,0.40466776218527284,0.5420241937058439,0.37884158062395634,0.4783099515741121,0.364198491766413,0.028813826709716345,-0.03771331704463397,0.16895311022188958,0.020838701254114547,1.0,0.21805911030372724,0.30281063711929596,-0.02121641572156832,0.3218609818598786,0.4197914513283852,0.21658270141662114
0.2005186239775097,0.11566353412594899,0.4198578675215855,0.22476235226068214,0.5524756054511637,0.47928440127198085,0.3099703182740329,0.4554017136526076,0.03750221497890119,-0.09062102677436917,-0.4839224108965696,-0.08969514474281497,0.21805911030372724,1.0,0.11394363053055563,-0.06274890386862597,0.27576643401275536,0.2918540432527015,0.25448943979928856
0.08602613498229096,0.08760645796257287,0.08378009757316844,0.18448923038419116,0.18310273071100933,0.26242448920161177,0.46243815910940705,0.2804335969327042,0.26102267644752936,-0.08318087755288153,0.14255256205997197,-0.0029554173507197012,0.30281063711929596,0.11394363053055563,1.0,-0.023347560916442453,0.08440073482838206,0.15304139354167506,0.22998495453580015
-0.11046721495740197,-0.18336658760505156,-0.020555204569277945,-0.07160895263075812,0.1586475233166081,0.047193407462243236,0.15658088537821957,0.2872114541414087,0.2513696060967771,0.5846706269497725,-0.1277589397555388,-0.244986928510273,-0.02121641572156832,-0.06274890386862597,-0.023347560916442453,1.0,-0.035547852334677464,0.044310276545867146,0.18803623216816873
0.35564792905386966,0.379466985628069,0.6546502554173347,0.6386006250730043,0.516716768789721,0.42618126305560505,0.367667922340776,0.3141046217998351,-0.035187119495296015,-0.02356218928341615,0.007347575699579247,0.00292275044380375,0.3218609818598786,0.27576643401275536,0.08440073482838206,-0.035547852334677464,1.0,0.6123867113684964,0.30805712575857674
0.19891513852674722,0.2610595896364361,0.48767004038686845,0.5733246428025293,0.6221711491711461,0.5028075178855106,0.5465120841787938,0.5317269625364611,0.07933117553736871,0.0679753556307048,0.011075092510683926,-0.15031512557012705,0.4197914513283852,0.2918540432527015,0.15304139354167506,0.044310276545867146,0.6123867113684964,1.0,0.5443523312222036
-0.12645395819447458,-0.09165590632733095,0.20164336541798725,0.279090305988053,0.4758214841897901,0.379068601152025,0.6954759933963737,0.5713927999761154,0.46861150535309243,0.2828466259050965,-0.15347166265546272,-0.16646955426240723,0.21658270141662114,0.25448943979928856,0.22998495453580015,0.18803623216816873,0.30805712575857674,0.5443523312222036,1.0
