0,1,2,3,4,5,6,7,8,9,10,11,12,13,14,15,16,17,18
1.0,0.6910994382240029,0.4261885154639666,0.49913885921317286,0.2827703948187519,0.3079685146456771,0.22605920951654787,0.32120301767469084,0.02853919079090424,0.04104523349175645,0.41713381172167846,0.12333865120856301,0.3715116257885999,0.16604616524408047,0.22555280100409875,0.051528017927767,0.4377535401718943,0.37449964706054617,0.17863906138222382
0.6910994382240029,1.0,0.16558688698658938,0.584780194717139,0.12457330819778303,0.34436660124768387,0.25268622007089836,0.3487373642610827,0.09216551245170078,0.07911387017461274,0.37602270630169427,0.43745577577135325,0.29892790791549495,-0.062460866952868975,0.19606621602923424,0.06357252527804348,0.5173846247684768,0.34607044318372226,0.18953775318226848
0.4261885154639666,0.16558688698658938,1.0,0.2853456647135258,0.6536270895950949,0.06324322992737814,0.26499037079549537,0.12031385465815252,-0.07998981234844207,0.0377357517776996,-0.19171328808190885,-0.0945138884788423,0.4048975221184669,0.47561459512955573,0.1631293291637249,0.0750237121060235,0.434586211732085,0.3723267906012076,0.184359233041851
0.49913885921317286,0.584780194717139,0.2853456647135258,1.0,0.2747095142080774,0.7711184031582944,0.36277244049499896,0.7103732119737567,0.11176861181957547,0.14012458482006454,0.42048189776865663,0.32648583930309927,0.40622402285092013,0.10952654781895056,0.29278245128249153,0.05579477812374599,0.703044520220796,0.5941140609587887,0.4073033462166019
0.2827703948187519,0.12457330819778303,0.6536270895950949,0.2747095142080774,1.0,0.14705672850724139,0.5736979066345128,0.20864643378422024,0.22805841603701568,0.14632610390081835,-0.12658441881200735,-0.24373815078156244,0.47326457866161226,0.4130309752074025,0.2677489295690828,0.14407923745065074,0.3904040043174317,0.4437823283829913,0.4502252316586378
0.3079685146456771,0.34436660124768387,0.06324322992737814,0.7711184031582944,0.14705672850724139,1.0,0.35213014116782415,0.8534931845385275,0.13251237353688014,0.07617017438675684,0.49159668622711133,0.28807760792325826,0.4544770609196704,0.3228828362420452,0.35743976223401963,0.045387095786158564,0.5273998565302237,0.5198342039685799,0.45515332529549973
0.22605920951654787,0.25268622007089836,0.26499037079549537,0.36277244049499896,0.5736979066345128,0.35213014116782415,1.0,0.4307429810017415,0.49130086007926815,0.20129217487260329,0.154340261869771,0.12122858177523842,0.46540411491315625,0.11809930158982304,0.4340345976875214,0.09509514585649859,0.32162854175016276,0.5034081218923325,0.6734978376774824
0.32120301767469084,0.3487373642610827,0.12031385465815252,0.7103732119737567,0.20864643378422024,0.8534931845385275,0.4307429810017415,1.0,0.21389705491850983,0.27960917608903896,0.4583195338424904,0.29482623936547525,0.43058150641744775,0.2323480383270112,0.3199753875864655,0.1575165598638008,0.49858669512019194,0.5855023597972249,0.5416204845882564
0.02853919079090424,0.09216551245170078,-0.07998981234844207,0.11176861181957547,0.22805841603701568,0.13251237353688014,0.49130086007926815,0.21389705491850983,1.0,0.3408073980779571,0.1366219193525751,0.015949552903726807,0.004597698646819119,-0.10101056907808176,0.17220066100152684,0.1491053649699133,0.1366921925657469,0.19047058592358695,0.46410312972741785
0.04104523349175645,0.07911387017461274,0.0377357517776996,0.14012458482006454,0.14632610390081835,0.07617017438675684,0.20129217487260329,0.27960917608903896,0.3408073980779571,1.0,0.10608190985409048,0.06545264614909745,0.02192787231759068,-0.2604271013624015,0.02432930376809231,0.5659996460961751,0.18489305681501725,0.16254634712728147,0.29658984330218247
0.41713381172167846,0.37602270630169427,-0.19171328808190885,0.42048189776865663,-0.12658441881200735,0.49159668622711133,0.154340261869771,0.4583195338424904,0.1366219193525751,0.10608190985409048,1.0,0.4470051854746964,0.3480144938801112,-0.4411576012685282,0.3004431123944789,-0.030931412513798554,0.26699877304987185,0.336129033408275,0.16851145006686113
0.12333865120856301,0.43745577577135325,-0.0945138884788423,0.32648583930309927,-0.24373815078156244,0.28807760792325826,0.12122858177523842,0.29482623936547525,0.015949552903726807,0.06545264614909745,0.4470051854746964,1.0,0.14013490012880878,-0.32303184688636855,0.050936197626909374,0.0012212804064689233,0.26089925524400687,0.09540586060351033,0.07480884830220681
0.3715116257885999,0.29892790791549495,0.4048975221184669,0.40622402285092013,0.47326457866161226,0.4544770609196704,0.46540411491315625,0.43058150641744775,0.004597698646819119,0.02192787231759068,0.3480144938801112,0.14013490012880878,1.0,0.1186042914156286,0.37408580061857705,0.009379492202961068,0.30876580233680595,0.3893938367333129,0.30723244355331
0.16604616524408047,-0.062460866952868975,0.47561459512955573,0.10952654781895056,0.4130309752074025,0.3228828362420452,0.11809930158982304,0.2323480383270112,-0.10101056907808176,-0.2604271013624015,-0.4411576012685282,-0.32303184688636855,0.1186042914156286,1.0,0.11981623212374277,-0.19236308445122535,0.08355510484144343,0.08348635231760092,0.14660554466169176
0.22555280100409875,0.19606621602923424,0.1631293291637249,0.29278245128249153,0.2677489295690828,0.35743976223401963,0.4340345976875214,0.3199753875864655,0.17220066100152684,0.02432930376809231,0.3004431123944789,0.050936197626909374,0.37408580061857705,0.11981623212374277,1.0,0.03265088638244176,0.16142185640242201,0.21506958753129993,0.2925456382097443
0.051528017927767,0.06357252527804348,0.0750237121060235,0.05579477812374599,0.14407923745065074,0.045387095786158564,0.09509514585649859,0.1575165598638008,0.1491053649699133,0.5659996460961751,-0.030931412513798554,0.0012212804064689233,0.009379492202961068,-0.19236308445122535,0.03265088638244176,1.0,0.08232382293929448,-0.01556040234520312,0.09759779405914183
0.4377535401718943,0.5173846247684768,0.434586211732085,0.703044520220796,0.3904040043174317,0.5273998565302237,0.32162854175016276,0.49858669512019194,0.1366921925657469,0.18489305681501725,0.26699877304987185,0.26089925524400687,0.30876580233680595,0.08355510484144343,0.16142185640242201,0.08232382293929448,1.0,0.6485809955357571,0.40019359906809704
0.37449964706054617,0.34607044318372226,0.3723267906012076,0.5941140609587887,0.4437823283829913,0.5198342039685799,0.5034081218923325,0.5855023597972249,0.19047058592358695,0.16254634712728147,0.336129033408275,0.09540586060351033,0.3893938367333129,0.08348635231760092,0.21506958753129993,-0.01556040234520312,0.6485809955357571,1.0,0.5557664824365098
0.17863906138222382,0.18953775318226848,0.184359233041851,0.4073033462166019,0.4502252316586378,0.45515332529549973,0.6734978376774824,0.5416204845882564,0.46410312972741785,0.29658984330218247,0.16851145006686113,0.07480884830220681,0.30723244355331,0.14660554466169176,0.2925456382097443,0.09759779405914183,0.40019359906809704,0.5557664824365098,1.0
