0,1,2,3,4,5,6,7,8,9,10,11,12,13,14,15,16,17,18
1.0,0.5617291326945714,0.9162538771070834,0.6670674603494972,0.6705164974343847,0.4501140833453687,0.36329914385909917,0.25785597653989273,0.10449963195535297,-0.03497095760953458,0.7972454958296057,0.5323090584831434,0.5431605521835329,0.2906581555383332,0.29759597627328277,0.12963043932020238,0.8783292106111502,0.31906895076812536,0.36263897452068206
0.5617291326945714,1.0,0.7297575496346452,0.9068664399911687,0.5500424376690167,0.7090646749590104,0.33851991636159834,0.49879805805904215,0.12919845001365166,0.15528097551373068,0.6445771927125683,0.7022874640307892,0.5162038710229933,0.46641544268242247,0.3119069227952331,-0.14453341478753917,0.7592720296210113,0.5716554232409079,0.3044437165262938
0.9162538771070834,0.7297575496346452,1.0,0.7984604542763157,0.8001596096487981,0.6225431636335,0.5166535220304261,0.4009007140755334,0.22728975226742035,0.12291677845534238,0.8700945269322325,0.5698823110744379,0.6724713562469843,0.365592726091123,0.434160752942943,0.02940921873191125,0.9349894941768452,0.5715914389753859,0.4580396103619096
0.6670674603494972,0.9068664399911687,0.7984604542763157,1.0,0.6594830274941671,0.8205449020403367,0.4325027604942413,0.5398753140307755,0.1361373883371818,0.19344297626756357,0.6832498033983946,0.714173910654047,0.5510008436461586,0.4823634125262508,0.34197578139995244,-0.06691625510798554,0.841394725787423,0.7110942856503519,0.3809819109358373
0.6705164974343847,0.5500424376690167,0.8001596096487981,0.6594830274941671,1.0,0.7015105145150174,0.7730128985929762,0.5534577957236188,0.33020289460593005,0.2157727219412523,0.7568152794035609,0.4840097383762401,0.7161192358532658,0.40225946183490197,0.5830427290025065,0.07899919775478287,0.8091675857597179,0.7464650738011116,0.6971850840755456
0.4501140833453687,0.7090646749590104,0.6225431636335,0.8205449020403367,0.7015105145150174,1.0,0.6000455353957763,0.7532753918651273,0.19116186314603575,0.3257920971243253,0.5833748129045241,0.6923575748845694,0.5882028738491379,0.6804392742008797,0.3996422058197768,-0.07418629014911682,0.6831318210031883,0.8462319870810073,0.6077107087721054
0.36329914385909917,0.33851991636159834,0.5166535220304261,0.4325027604942413,0.7730128985929762,0.6000455353957763,1.0,0.5868271434787825,0.6516615439121076,0.40994878540618934,0.5337063428917492,0.34869383221242545,0.6420692475877834,0.36990107710632475,0.6736866495638876,-0.05901853794626941,0.51969765431053,0.6717603903490147,0.874430208594455
0.25785597653989273,0.49879805805904215,0.4009007140755334,0.5398753140307755,0.5534577957236188,0.7532753918651273,0.5868271434787825,1.0,0.3277515379216825,0.5781764758394372,0.39032918399469235,0.5201323365482547,0.4240272531881515,0.629275304476962,0.4039823719173057,-0.027891505497043646,0.42935885071160157,0.6111996419416348,0.6856223278012656
0.10449963195535297,0.12919845001365166,0.22728975226742035,0.1361373883371818,0.33020289460593005,0.19116186314603575,0.6516615439121076,0.3277515379216825,1.0,0.5754908083676684,0.2424900804864169,0.10406788092896731,0.3393484307990284,0.05712513937093156,0.5507318617116781,-0.05585038547290544,0.2076684488585737,0.20896483585659498,0.5809088972007429
-0.03497095760953458,0.15528097551373068,0.12291677845534238,0.19344297626756357,0.2157727219412523,0.3257920971243253,0.40994878540618934,0.5781764758394372,0.5754908083676684,1.0,0.1558467177948337,0.164515786749693,0.24591320942674078,0.21812755385661048,0.3193791672264857,0.07916316388113953,0.1112300631348185,0.275261174916884,0.4755093698061198
0.7972454958296057,0.6445771927125683,0.8700945269322325,0.6832498033983946,0.7568152794035609,0.5833748129045241,0.5337063428917492,0.39032918399469235,0.2424900804864169,0.1558467177948337,1.0,0.5158727810618526,0.8319514267553,0.3362358697627994,0.5747887937064905,0.07195468324379169,0.7610729300393541,0.5737968515842509,0.4234534754853551
0.5323090584831434,0.7022874640307892,0.5698823110744379,0.714173910654047,0.4840097383762401,0.6923575748845694,0.34869383221242545,0.5201323365482547,0.10406788092896731,0.164515786749693,0.5158727810618526,1.0,0.4331419636388513,0.6110151566456401,0.27878467220418185,-0.06354241858021155,0.6228606306861937,0.49377141856665624,0.38920190936568866
0.5431605521835329,0.5162038710229933,0.6724713562469843,0.5510008436461586,0.7161192358532658,0.5882028738491379,0.6420692475877834,0.4240272531881515,0.3393484307990284,0.24591320942674078,0.8319514267553,0.4331419636388513,1.0,0.348423271057592,0.7662614052154366,-0.049721879985474476,0.5816679613425882,0.607999572874361,0.48369102976327966
0.2906581555383332,0.46641544268242247,0.365592726091123,0.4823634125262508,0.40225946183490197,0.6804392742008797,0.36990107710632475,0.629275304476962,0.05712513937093156,0.21812755385661048,0.3362358697627994,0.6110151566456401,0.348423271057592,1.0,0.2855857789780768,-0.021476099159666372,0.39389301217277317,0.4526848421640622,0.4412845076535223
0.29759597627328277,0.3119069227952331,0.434160752942943,0.34197578139995244,0.5830427290025065,0.3996422058197768,0.6736866495638876,0.4039823719173057,0.5507318617116781,0.3193791672264857,0.5747887937064905,0.27878467220418185,0.7662614052154366,0.2855857789780768,1.0,0.030164530888936506,0.37145120598636383,0.42917329244617,0.45722909678263207
0.12963043932020238,-0.14453341478753917,0.02940921873191125,-0.06691625510798554,0.07899919775478287,-0.07418629014911682,-0.05901853794626941,-0.027891505497043646,-0.05585038547290544,0.07916316388113953,0.07195468324379169,-0.06354241858021155,-0.049721879985474476,-0.021476099159666372,0.030164530888936506,1.0,0.07734748810428871,-0.12659282826322696,-0.03985797238709343
0.8783292106111502,0.7592720296210113,0.9349894941768452,0.841394725787423,0.8091675857597179,0.6831318210031883,0.51969765431053,0.42935885071160157,0.2076684488585737,0.1112300631348185,0.7610729300393541,0.6228606306861937,0.5816679613425882,0.39389301217277317,0.37145120598636383,0.07734748810428871,1.0,0.6166325512194681,0.5084934915155838
0.31906895076812536,0.5716554232409079,0.5715914389753859,0.7110942856503519,0.7464650738011116,0.8462319870810073,0.6717603903490147,0.6111996419416348,0.20896483585659498,0.275261174916884,0.5737968515842509,0.49377141856665624,0.607999572874361,0.4526848421640622,0.42917329244617,-0.12659282826322696,0.6166325512194681,1.0,0.6072920127440234
0.36263897452068206,0.3044437165262938,0.4580396103619096,0.3809819109358373,0.6971850840755456,0.6077107087721054,0.874430208594455,0.6856223278012656,0.5809088972007429,0.4755093698061198,0.4234534754853551,0.38920190936568866,0.48369102976327966,0.4412845076535223,0.45722909678263207,-0.03985797238709343,0.5084934915155838,0.6072920127440234,1.0
