0,1,2,3,4,5,6,7,8,9,10,11,12,13,14,15,16,17,18
1.0,0.4934696216486071,0.8946654526058251,0.559042977242082,0.6090707548346748,0.393927521822471,0.4114832757875419,0.28515306423037967,0.12344735710530355,-0.10250770601690667,0.7880046238126498,0.5031850661923783,0.47207967235719583,0.24225889739022138,0.3062972937082315,-0.035501858080899354,0.8310467551104807,0.329731045038131,0.4301074124287267
0.4934696216486071,1.0,0.6450701846867345,0.8958485380289873,0.4613471985972446,0.6284964858693954,0.23065524269593754,0.411677022657164,0.057136343112364,0.11442918074847665,0.5306266548827223,0.7225193915693346,0.3251533158228417,0.40694548274663067,0.20571366745495012,0.08015946597676367,0.7181006559967205,0.5689119834656791,0.2198706144305404
0.8946654526058251,0.6450701846867345,1.0,0.7161328798059134,0.7770588754313421,0.5768324100785734,0.5582047439711904,0.42628692100766824,0.3015597948660623,0.12593581239730328,0.788912362305672,0.5479139662978956,0.4983152277766137,0.26987736711568666,0.4000465773236594,-0.04468732373551563,0.913466390261578,0.6078600442166111,0.5377155337432732
0.559042977242082,0.8958485380289873,0.7161328798059134,1.0,0.6048922126555363,0.7635819161964833,0.3823885516564781,0.542626252163084,0.198712569348241,0.2526114613656157,0.562657247444429,0.7239443792168289,0.34662241215442396,0.4266961574934229,0.2938000184431235,0.0606765047067061,0.796113432218219,0.7545649956942099,0.37604289249521455
0.6090707548346748,0.4613471985972446,0.7770588754313421,0.6048922126555363,1.0,0.6159979962821807,0.8001860155243549,0.6041247786734052,0.5378247019407632,0.3359299100201728,0.6892412323144277,0.44044043043055414,0.5804711524619899,0.28067290659392724,0.5517571534479389,0.02870639411754792,0.7708592604751253,0.7656698858591047,0.7341732345240808
0.393927521822471,0.6284964858693954,0.5768324100785734,0.7635819161964833,0.6159979962821807,1.0,0.5736239544938992,0.726959890944342,0.30914824461491713,0.36958047101852837,0.5493951472801196,0.7431300937860812,0.5103268630044342,0.6104399764310271,0.37017479627900074,0.0672129054151929,0.609699154938653,0.8417382571619119,0.6096018629880715
0.4114832757875419,0.23065524269593754,0.5582047439711904,0.3823885516564781,0.8001860155243549,0.5736239544938992,1.0,0.6642002734372231,0.7400089470008699,0.45281028495977094,0.5470444480092057,0.32835176821205175,0.6009542375843657,0.23928855778128252,0.6783731889293284,0.02954262817130729,0.5201038022999341,0.651294455536422,0.8991172596645072
0.28515306423037967,0.411677022657164,0.42628692100766824,0.542626252163084,0.6041247786734052,0.726959890944342,0.6642002734372231,1.0,0.4739371324958606,0.6143209338545448,0.43743417553928104,0.5580611620564288,0.39459896230814845,0.43080854979223315,0.4651664419860588,0.1353777907679345,0.4288374174260972,0.6804256886140395,0.7603486219168344
0.12344735710530355,0.057136343112364,0.3015597948660623,0.198712569348241,0.5378247019407632,0.30914824461491713,0.7400089470008699,0.4739371324958606,1.0,0.5841014953029577,0.2513670140971441,0.08493299578785622,0.31431218523426363,0.02172034776267589,0.576073049482845,0.14577477757936091,0.3175425703752374,0.41164460312455015,0.6875662010178266
-0.10250770601690667,0.11442918074847665,0.12593581239730328,0.2526114613656157,0.3359299100201728,0.36958047101852837,0.45281028495977094,0.6143209338545448,0.5841014953029577,1.0,0.07726722041053811,0.15406640301977856,0.14515296470572117,0.21626395940381452,0.3210348736617403,0.24732959450840944,0.13787743245590062,0.40007664214336064,0.5358548978006732
0.7880046238126498,0.5306266548827223,0.788912362305672,0.562657247444429,0.6892412323144277,0.5493951472801196,0.5470444480092057,0.43743417553928104,0.2513670140971441,0.07726722041053811,1.0,0.5676215055810248,0.7501377672181079,0.3864129879266328,0.5481435380322276,0.0908856319140737,0.661107074153565,0.5325569368136068,0.4855693091658261
0.5031850661923783,0.7225193915693346,0.5479139662978956,0.7239443792168289,0.44044043043055414,0.7431300937860812,0.32835176821205175,0.5580611620564288,0.08493299578785622,0.15406640301977856,0.5676215055810248,1.0,0.4310340343706768,0.6151430116506635,0.29382523524367854,0.17486618683249316,0.5818430617828643,0.5500034137531409,0.37607952688751844
0.47207967235719583,0.3251533158228417,0.4983152277766137,0.34662241215442396,0.5804711524619899,0.5103268630044342,0.6009542375843657,0.39459896230814845,0.31431218523426363,0.14515296470572117,0.7501377672181079,0.4310340343706768,1.0,0.5069162736165717,0.7059308478620823,0.2190855236010253,0.4383427641960011,0.4493058581942987,0.46572187399748055
0.24225889739022138,0.40694548274663067,0.26987736711568666,0.4266961574934229,0.28067290659392724,0.6104399764310271,0.23928855778128252,0.43080854979223315,0.02172034776267589,0.21626395940381452,0.3864129879266328,0.6151430116506635,0.5069162736165717,1.0,0.26953476761991924,0.37258086096149545,0.31219323411640476,0.37254595393441936,0.27985208352213514
0.3062972937082315,0.20571366745495012,0.4000465773236594,0.2938000184431235,0.5517571534479389,0.37017479627900074,0.6783731889293284,0.4651664419860588,0.576073049482845,0.3210348736617403,0.5481435380322276,0.29382523524367854,0.7059308478620823,0.26953476761991924,1.0,0.19400058195112443,0.3423360057062565,0.38826747657793376,0.510797883900953
-0.035501858080899354,0.08015946597676367,-0.04468732373551563,0.0606765047067061,0.02870639411754792,0.0672129054151929,0.02954262817130729,0.1353777907679345,0.14577477757936091,0.24732959450840944,0.0908856319140737,0.17486618683249316,0.2190855236010253,0.37258086096149545,0.19400058195112443,1.0,0.06004957664528856,-0.04460937600368557,0.033740164257412726
0.8310467551104807,0.7181006559967205,0.913466390261578,0.796113432218219,0.7708592604751253,0.609699154938653,0.5201038022999341,0.4288374174260972,0.3175425703752374,0.13787743245590062,0.661107074153565,0.5818430617828643,0.4383427641960011,0.31219323411640476,0.3423360057062565,0.06004957664528856,1.0,0.6417855877564864,0.5282043523990336
0.329731045038131,0.5689119834656791,0.6078600442166111,0.7545649956942099,0.7656698858591047,0.8417382571619119,0.651294455536422,0.6804256886140395,0.41164460312455015,0.40007664214336064,0.5325569368136068,0.5500034137531409,0.4493058581942987,0.37254595393441936,0.38826747657793376,-0.04460937600368557,0.6417855877564864,1.0,0.6403820779185715
0.4301074124287267,0.2198706144305404,0.5377155337432732,0.37604289249521455,0.7341732345240808,0.6096018629880715,0.8991172596645072,0.7603486219168344,0.6875662010178266,0.5358548978006732,0.4855693091658261,0.37607952688751844,0.46572187399748055,0.27985208352213514,0.510797883900953,0.033740164257412726,0.5282043523990336,0.6403820779185715,1.0
