0,1,2,3,4,5,6,7,8,9,10,11,12,13,14,15,16,17,18
1.0,0.42895907817469237,0.57292693894486,0.5964795503198256,0.6635005532873091,0.38650542121995585,-0.0423363044485527,0.1236741428418508,-0.14481969911507234,-0.07320658497875478,0.7182575028073567,0.36920203458977124,0.33609892126832513,0.519303792860256,0.13071107094890153,0.07341188678708165,0.7533267551003168,0.42552757368466837,0.05274278064221625
0.42895907817469237,1.0,0.3139640589494004,0.8678054564881136,0.3095933546393371,0.7157935897330556,-0.3900680409317327,0.20794211903188534,-0.4780521609965297,-0.07928668472432628,0.36149340235714683,0.6892676056315162,-0.015062340010158208,0.3944969909848412,-0.15269700220347038,-0.07438370132711714,0.6349564157922576,0.8040550688394049,-0.25125494118675346
0.57292693894486,0.3139640589494004,1.0,0.48762482516566236,0.6992637567060087,0.5723065671815006,0.34873403207370585,0.4506947590539505,0.23822840213176869,0.08816081660744246,0.43760694186267546,0.19523571939375584,0.7165812789700324,0.4087459188799398,0.357838285293184,0.07766306165351237,0.5714873455510066,0.5435114851273218,0.41167383209225533
0.5964795503198256,0.8678054564881136,0.48762482516566236,1.0,0.6129696140897103,0.8604132752763584,-0.16417275474534918,0.40964960303842735,-0.30210186091769314,-0.007397850594011156,0.5051888235768071,0.820352433709636,0.13464026334272197,0.7020578936298344,-0.034329576216436196,0.08996700897984591,0.7381632357584633,0.9040796884495451,0.011925249746172713
0.6635005532873091,0.3095933546393371,0.6992637567060087,0.6129696140897103,1.0,0.49607773397212845,0.3611138684787011,0.4015998593519159,0.15708629348482764,0.0022559528345756676,0.5146003262388282,0.5483217486458992,0.36839729916816255,0.8088282384420815,0.15884785089109169,0.2833398814518619,0.6900104017720823,0.4943386818936884,0.5157647639032426
0.38650542121995585,0.7157935897330556,0.5723065671815006,0.8604132752763584,0.49607773397212845,1.0,0.04495809936748169,0.6488638755912259,-0.09103523068984784,0.13403688843658915,0.3705793626634423,0.6456130127665463,0.32055362400375936,0.6200490937530218,0.09595028968396282,0.15595659542392978,0.5149967580403748,0.9408619626373325,0.19666912860682875
-0.0423363044485527,-0.3900680409317327,0.34873403207370585,-0.16417275474534918,0.3611138684787011,0.04495809936748169,1.0,0.5962147345682394,0.9319362391858182,0.505291804943167,-0.07955746575536878,-0.264229841732235,0.5407025858833638,0.20620437587465343,0.5862954790532056,0.3635687777897961,-0.10883184604967847,-0.059902112617256614,0.8664058279553516
0.1236741428418508,0.20794211903188534,0.4506947590539505,0.40964960303842735,0.4015998593519159,0.6488638755912259,0.5962147345682394,1.0,0.5083333391824868,0.5940066000349425,0.16039389212882088,0.3048660771444959,0.449639958909607,0.5266465862428561,0.378020024533475,0.45862181944071034,0.12990969587300896,0.5399416637774935,0.6887654210977064
-0.14481969911507234,-0.4780521609965297,0.23822840213176869,-0.30210186091769314,0.15708629348482764,-0.09103523068984784,0.9319362391858182,0.5083333391824868,1.0,0.5847519927580629,-0.17510208783698214,-0.4116254876507456,0.5125254751432032,0.028946960312858677,0.6480837259316757,0.31760619370686016,-0.2274699346664234,-0.1932597487226058,0.7734032427157244
-0.07320658497875478,-0.07928668472432628,0.08816081660744246,-0.007397850594011156,0.0022559528345756676,0.13403688843658915,0.505291804943167,0.5940066000349425,0.5847519927580629,1.0,-0.06597277156170815,-0.035075020711500635,0.2369004899583546,0.11814562919413286,0.36070778221834887,0.5112757694559436,-0.1624738821680804,0.057588985271595054,0.4290757370740664
0.7182575028073567,0.36149340235714683,0.43760694186267546,0.5051888235768071,0.5146003262388282,0.3705793626634423,-0.07955746575536878,0.16039389212882088,-0.17510208783698214,-0.06597277156170815,1.0,0.4039287116288968,0.21098572264903923,0.44823784746374423,0.1070856790984972,0.05457755801789614,0.4714493460568367,0.4089858907821833,0.046873028161050774
0.36920203458977124,0.6892676056315162,0.19523571939375584,0.820352433709636,0.5483217486458992,0.6456130127665463,-0.264229841732235,0.3048660771444959,-0.4116254876507456,-0.035075020711500635,0.4039287116288968,1.0,-0.08557110379913832,0.757598147233555,-0.12938054625321385,0.14461383264977362,0.4914284697497492,0.6751846922010675,-0.03950969028901939
0.33609892126832513,-0.015062340010158208,0.7165812789700324,0.13464026334272197,0.36839729916816255,0.32055362400375936,0.5407025858833638,0.449639958909607,0.5125254751432032,0.2369004899583546,0.21098572264903923,-0.08557110379913832,1.0,0.20606081596129344,0.6848795711920327,0.16708229732446503,0.2349299676173289,0.24400234075893298,0.48817576177404354
0.519303792860256,0.3944969909848412,0.4087459188799398,0.7020578936298344,0.8088282384420815,0.6200490937530218,0.20620437587465343,0.5266465862428561,0.028946960312858677,0.11814562919413286,0.44823784746374423,0.757598147233555,0.20606081596129344,1.0,0.07608438105173915,0.4220542640997284,0.545011500164963,0.5994439337640466,0.40908245439166757
0.13071107094890153,-0.15269700220347038,0.357838285293184,-0.034329576216436196,0.15884785089109169,0.09595028968396282,0.5862954790532056,0.378020024533475,0.6480837259316757,0.36070778221834887,0.1070856790984972,-0.12938054625321385,0.6848795711920327,0.07608438105173915,1.0,0.32041229467395554,0.10035224870488939,0.02108379140446787,0.49311074513365893
0.07341188678708165,-0.07438370132711714,0.07766306165351237,0.08996700897984591,0.2833398814518619,0.15595659542392978,0.3635687777897961,0.45862181944071034,0.31760619370686016,0.5112757694559436,0.05457755801789614,0.14461383264977362,0.16708229732446503,0.4220542640997284,0.32041229467395554,1.0,0.012645470861703858,0.0947204597718859,0.42757928291203906
0.7533267551003168,0.6349564157922576,0.5714873455510066,0.7381632357584633,0.6900104017720823,0.5149967580403748,-0.10883184604967847,0.12990969587300896,-0.2274699346664234,-0.1624738821680804,0.4714493460568367,0.4914284697497492,0.2349299676173289,0.545011500164963,0.10035224870488939,0.012645470861703858,1.0,0.5991735846652988,0.08400606399040425
0.42552757368466837,0.8040550688394049,0.5435114851273218,0.9040796884495451,0.4943386818936884,0.9408619626373325,-0.059902112617256614,0.5399416637774935,-0.1932597487226058,0.057588985271595054,0.4089858907821833,0.6751846922010675,0.24400234075893298,0.5994439337640466,0.02108379140446787,0.0947204597718859,0.5991735846652988,1.0,0.09278018758494451
0.05274278064221625,-0.25125494118675346,0.41167383209225533,0.011925249746172713,0.5157647639032426,0.19666912860682875,0.8664058279553516,0.6887654210977064,0.7734032427157244,0.4290757370740664,0.046873028161050774,-0.03950969028901939,0.48817576177404354,0.40908245439166757,0.49311074513365893,0.42757928291203906,0.08400606399040425,0.09278018758494451,1.0
