0,1,2,3,4,5,6,7,8,9,10,11,12,13,14,15,16,17,18
1.0,0.3892080829536808,0.440229841206504,0.5023049541951539,0.5131793173369997,0.2865783963009013,-0.026278848041010893,0.046333298772538806,-0.1289082407112242,-0.05734358331080305,0.8049924980991148,0.08129887125754495,0.14445590576673675,0.35812712357342946,0.0512845936748613,0.08123880155285136,0.638632546902431,0.34161379293673644,0.033906571784462367
0.3892080829536808,1.0,0.44479325424743865,0.8618325883111929,0.285035834342414,0.767805749750017,-0.10891716127271768,0.3572468377104613,-0.16542836158451968,0.19561146604858157,0.3221333967465397,0.524956607171488,0.24399020499858248,0.2929495749708262,0.0704089516768031,0.015662528208956045,0.560565080007311,0.8184725412325888,-0.10073671035716845
0.440229841206504,0.44479325424743865,1.0,0.5753770803692564,0.6920075114229264,0.5933923895974175,0.35790049695893134,0.33308844091522655,0.2526614698948307,0.02754479056898854,0.4375525595867245,0.171028786622096,0.6291740099437979,0.26584500981996717,0.44342750532931857,-0.07457890202869845,0.6840529046269492,0.6015303317757694,0.4148681947947344
0.5023049541951539,0.8618325883111929,0.5753770803692564,1.0,0.6006408475688182,0.8800181255038733,0.07086947629391889,0.4832376003309313,-0.08748375445524924,0.14039884644823722,0.4570495150241952,0.6607855169091149,0.20958503289978417,0.6142544437249171,0.09658205099834358,0.2176778897169286,0.6704723094838828,0.8973010366793657,0.1255889546981127
0.5131793173369997,0.285035834342414,0.6920075114229264,0.6006408475688182,1.0,0.46645561268150537,0.4357262237268311,0.2860691229474102,0.15391932878979916,-0.015710914805297068,0.5150958106460233,0.4896629475425903,0.19383462946263882,0.725292149073374,0.23160258096643846,0.32847371821989174,0.6905487014757827,0.4483854277869113,0.5150831534539304
0.2865783963009013,0.767805749750017,0.5933923895974175,0.8800181255038733,0.46645561268150537,1.0,0.19886184409883037,0.6660158324520946,0.08412875249494094,0.21083816712551692,0.31000676283604767,0.5822242911278626,0.40395589312452496,0.4728376646045925,0.22764415710012134,0.15270254680724316,0.47476602971555903,0.9388481060837457,0.23054462585742638
-0.026278848041010893,-0.10891716127271768,0.35790049695893134,0.07086947629391889,0.4357262237268311,0.19886184409883037,1.0,0.5987938306533894,0.8927822916849878,0.476435868444698,0.03380925589647879,-0.05889724776352827,0.4703789473698002,0.26682494933558737,0.6729851976437153,0.33340614214717973,0.10333745909253297,0.13500311110802707,0.8545533144684512
0.046333298772538806,0.3572468377104613,0.33308844091522655,0.4832376003309313,0.2860691229474102,0.6660158324520946,0.5987938306533894,1.0,0.544917640365759,0.5947795569744021,0.13922149853841487,0.3454499869061119,0.37803155146845874,0.40542127024769814,0.3999992828467836,0.42563575022894207,0.10080972538844178,0.5711164956007674,0.6248372425902605
-0.1289082407112242,-0.16542836158451968,0.2526614698948307,-0.08748375445524924,0.15391932878979916,0.08412875249494094,0.8927822916849878,0.544917640365759,1.0,0.5522310407768788,-0.08907856185880622,-0.25359124682152534,0.5297987699909422,0.004194232387829457,0.7433612944941239,0.19006123179105364,-0.04627062083696615,0.03171938995569692,0.7398975830418505
-0.05734358331080305,0.19561146604858157,0.02754479056898854,0.14039884644823722,-0.015710914805297068,0.21083816712551692,0.476435868444698,0.5947795569744021,0.5522310407768788,1.0,-0.036150987470872586,0.09445631925832763,0.21201581562049407,0.06709168360864086,0.3565584953384386,0.44826383427008665,-0.02109539791556,0.1722351370878042,0.37866406172401956
0.8049924980991148,0.3221333967465397,0.4375525595867245,0.4570495150241952,0.5150958106460233,0.31000676283604767,0.03380925589647879,0.13922149853841487,-0.08907856185880622,-0.036150987470872586,1.0,0.13222390241650467,0.21018021155623504,0.33740567502749585,0.06382973605302779,0.10021977076427921,0.5363164282197658,0.341193660053189,0.08438384630406442
0.08129887125754495,0.524956607171488,0.171028786622096,0.6607855169091149,0.4896629475425903,0.5822242911278626,-0.05889724776352827,0.3454499869061119,-0.25359124682152534,0.09445631925832763,0.13222390241650467,1.0,-0.1149856186604476,0.642666660998833,-0.032510228854842727,0.28429911624865783,0.235258614089703,0.5425780305700475,0.013422188409101006
0.14445590576673675,0.24399020499858248,0.6291740099437979,0.20958503289978417,0.19383462946263882,0.40395589312452496,0.4703789473698002,0.37803155146845874,0.5297987699909422,0.21201581562049407,0.21018021155623504,-0.1149856186604476,1.0,-0.12574134876747772,0.7163440208849371,-0.1533052047518376,0.2910683287705831,0.3928726958462396,0.36330037747235466
0.35812712357342946,0.2929495749708262,0.26584500981996717,0.6142544437249171,0.725292149073374,0.4728376646045925,0.26682494933558737,0.40542127024769814,0.004194232387829457,0.06709168360864086,0.33740567502749585,0.642666660998833,-0.12574134876747772,1.0,-0.023559258449013284,0.5863539216070232,0.4023630838199206,0.4354824634252793,0.36072160218669314
0.0512845936748613,0.0704089516768031,0.44342750532931857,0.09658205099834358,0.23160258096643846,0.22764415710012134,0.6729851976437153,0.3999992828467836,0.7433612944941239,0.3565584953384386,0.06382973605302779,-0.032510228854842727,0.7163440208849371,-0.023559258449013284,1.0,0.07269216887166874,0.23423332084636625,0.2021735706705085,0.5451718531647267
0.08123880155285136,0.015662528208956045,-0.07457890202869845,0.2176778897169286,0.32847371821989174,0.15270254680724316,0.33340614214717973,0.42563575022894207,0.19006123179105364,0.44826383427008665,0.10021977076427921,0.28429911624865783,-0.1533052047518376,0.5863539216070232,0.07269216887166874,1.0,0.005480077800243807,0.09181198596434749,0.3353946433205952
0.638632546902431,0.560565080007311,0.6840529046269492,0.6704723094838828,0.6905487014757827,0.47476602971555903,0.10333745909253297,0.10080972538844178,-0.04627062083696615,-0.02109539791556,0.5363164282197658,0.235258614089703,0.2910683287705831,0.4023630838199206,0.23423332084636625,0.005480077800243807,1.0,0.5473813471998339,0.230619001612241
0.34161379293673644,0.8184725412325888,0.6015303317757694,0.8973010366793657,0.4483854277869113,0.9388481060837457,0.13500311110802707,0.5711164956007674,0.03171938995569692,0.1722351370878042,0.341193660053189,0.5425780305700475,0.3928726958462396,0.4354824634252793,0.2021735706705085,0.09181198596434749,0.5473813471998339,1.0,0.16393063463745697
0.033906571784462367,-0.10073671035716845,0.4148681947947344,0.1255889546981127,0.5150831534539304,0.23054462585742638,0.8545533144684512,0.6248372425902605,0.7398975830418505,0.37866406172401956,0.08438384630406442,0.013422188409101006,0.36330037747235466,0.36072160218669314,0.5451718531647267,0.3353946433205952,0.230619001612241,0.16393063463745697,1.0
