0,1,2,3,4,5,6,7,8,9,10,11,12,13,14,15,16,17,18
1.0,0.5695263937292567,0.5689458123753283,0.5790407182840531,0.483428592695479,0.4158344468167377,-0.06430837205503523,0.21109949582918325,-0.07900361595505305,0.09074667294060271,0.8318896639557651,0.147913448213151,0.3985833994432504,0.16989933666730783,0.1822002597605133,0.005201515496897612,0.7286998112358165,0.46636002588137454,0.12311879055058324
0.5695263937292567,1.0,0.5110973328584315,0.9056760717964348,0.4699197578746551,0.8082953862416569,0.01866850140540911,0.49981078422984687,0.03665497922492725,0.36612271781741607,0.5478908020036743,0.5393182876458995,0.38105920924002323,0.351010180820832,0.1263538907976154,0.14344471429800146,0.6822986686239622,0.8712327218676019,0.21229850708106257
0.5689458123753283,0.5110973328584315,1.0,0.6295776847282466,0.7342414945097161,0.6249498514804431,0.27873480866850275,0.3933369773723212,0.18700802255882587,0.11052205844236149,0.5811772093959804,0.21143716432297024,0.657022684972117,0.2989025351340501,0.4014440934798971,0.1370120260821871,0.7317813177424313,0.633160878804576,0.3772604764567233
0.5790407182840531,0.9056760717964348,0.6295776847282466,1.0,0.7027836759527756,0.9166059263102134,0.17091365927198626,0.6234223243587039,0.09448976402853904,0.3281207735391488,0.6165117073343246,0.6957651649015969,0.38472223731945077,0.6154502896724313,0.16694236177807173,0.26839547150723786,0.7135106036357775,0.9301428428877208,0.38516950287686225
0.483428592695479,0.4699197578746551,0.7342414945097161,0.7027836759527756,1.0,0.6513975786713214,0.44066031497355906,0.4859094958866051,0.20018027457601387,0.10855668854074389,0.5674712595174769,0.6091090855122141,0.32967788886681026,0.7329067763430274,0.1738242938265373,0.3013771903046523,0.6136140753231654,0.6164857217789179,0.5548106082374396
0.4158344468167377,0.8082953862416569,0.6249498514804431,0.9166059263102134,0.6513975786713214,1.0,0.3456377076281251,0.781083237366584,0.2656479401060279,0.4426780861814113,0.5286367385560529,0.6488480287221019,0.4875709449827132,0.6125719165874195,0.26354006695597265,0.3984622184678221,0.5542472837449404,0.9442184608094755,0.5247403350497597
-0.06430837205503523,0.01866850140540911,0.27873480866850275,0.17091365927198626,0.44066031497355906,0.3456377076281251,1.0,0.6606462300354444,0.8671392188161072,0.48997414342875806,0.08704484924958492,0.10853186312380052,0.40494637358783997,0.3161593208399554,0.48045382518295604,0.4201659759060014,-0.03416716775744381,0.25391835034331806,0.7932619576887534
0.21109949582918325,0.49981078422984687,0.3933369773723212,0.6234223243587039,0.4859094958866051,0.781083237366584,0.6606462300354444,1.0,0.6177338608784358,0.6651889975565654,0.3834246618785003,0.4917229651131976,0.4861191568739102,0.5355741335398209,0.3929059161157335,0.5940754928591009,0.23164814922380408,0.667555280820812,0.8030047466663159
-0.07900361595505305,0.03665497922492725,0.18700802255882587,0.09448976402853904,0.20018027457601387,0.2656479401060279,0.8671392188161072,0.6177338608784358,1.0,0.6057015702225041,0.029255724831849003,-0.06488894457631324,0.4671973433730465,0.09846774622769365,0.5936306412586562,0.36450386922201566,-0.054447671135698004,0.19417788639882183,0.7216893808228546
0.09074667294060271,0.36612271781741607,0.11052205844236149,0.3281207735391488,0.10855668854074389,0.4426780861814113,0.48997414342875806,0.6651889975565654,0.6057015702225041,1.0,0.1494869527961014,0.21827188173032214,0.2779317023534667,0.1752021181788245,0.2971951612671375,0.6016022896869538,0.0295058807298533,0.38669797072230544,0.4832863936090677
0.8318896639557651,0.5478908020036743,0.5811772093959804,0.6165117073343246,0.5674712595174769,0.5286367385560529,0.08704484924958492,0.3834246618785003,0.029255724831849003,0.1494869527961014,1.0,0.2938544857890026,0.48930848693535817,0.30469761106299736,0.28005924587590686,0.16287464336076207,0.6447259902325777,0.5390696477031927,0.2761714320175235
0.147913448213151,0.5393182876458995,0.21143716432297024,0.6957651649015969,0.6091090855122141,0.6488480287221019,0.10853186312380052,0.4917229651131976,-0.06488894457631324,0.21827188173032214,0.2938544857890026,1.0,0.016084481030893938,0.8220590201914524,0.014677799938832036,0.3064406594564309,0.26020283408767825,0.601022246024561,0.29481563967319513
0.3985833994432504,0.38105920924002323,0.657022684972117,0.38472223731945077,0.32967788886681026,0.4875709449827132,0.40494637358783997,0.4861191568739102,0.4671973433730465,0.2779317023534667,0.48930848693535817,0.016084481030893938,1.0,0.008491066909368121,0.7060304361885335,0.1456816905635555,0.4771571678000854,0.4907508603692638,0.4441661273018503
0.16989933666730783,0.351010180820832,0.2989025351340501,0.6154502896724313,0.7329067763430274,0.6125719165874195,0.3161593208399554,0.5355741335398209,0.09846774622769365,0.1752021181788245,0.30469761106299736,0.8220590201914524,0.008491066909368121,1.0,-0.030536953241616534,0.4257011142452213,0.2397864212746917,0.5236849846227635,0.4748067909023641
0.1822002597605133,0.1263538907976154,0.4014440934798971,0.16694236177807173,0.1738242938265373,0.26354006695597265,0.48045382518295604,0.3929059161157335,0.5936306412586562,0.2971951612671375,0.28005924587590686,0.014677799938832036,0.7060304361885335,-0.030536953241616534,1.0,0.2530156828433616,0.2936280649939021,0.22428009075672256,0.43097580626628285
0.005201515496897612,0.14344471429800146,0.1370120260821871,0.26839547150723786,0.3013771903046523,0.3984622184678221,0.4201659759060014,0.5940754928591009,0.36450386922201566,0.6016022896869538,0.16287464336076207,0.3064406594564309,0.1456816905635555,0.4257011142452213,0.2530156828433616,1.0,-0.03561351758509292,0.25976670011933717,0.4764440189456547
0.7286998112358165,0.6822986686239622,0.7317813177424313,0.7135106036357775,0.6136140753231654,0.5542472837449404,-0.03416716775744381,0.23164814922380408,-0.054447671135698004,0.0295058807298533,0.6447259902325777,0.26020283408767825,0.4771571678000854,0.2397864212746917,0.2936280649939021,-0.03561351758509292,1.0,0.6367181073484839,0.21460768338494543
0.46636002588137454,0.8712327218676019,0.633160878804576,0.9301428428877208,0.6164857217789179,0.9442184608094755,0.25391835034331806,0.667555280820812,0.19417788639882183,0.38669797072230544,0.5390696477031927,0.601022246024561,0.4907508603692638,0.5236849846227635,0.22428009075672256,0.25976670011933717,0.6367181073484839,1.0,0.42713621702458643
0.12311879055058324,0.21229850708106257,0.3772604764567233,0.38516950287686225,0.5548106082374396,0.5247403350497597,0.7932619576887534,0.8030047466663159,0.7216893808228546,0.4832863936090677,0.2761714320175235,0.29481563967319513,0.4441661273018503,0.4748067909023641,0.43097580626628285,0.4764440189456547,0.21460768338494543,0.42713621702458643,1.0
