0,1,2,3,4,5,6,7,8,9,10,11,12,13,14,15,16,17,18
1.0,0.6095689198803204,0.6661905383966971,0.651212630391917,0.6562978347020194,0.5156777873745484,-0.09757750831620927,0.24793123978800952,-0.23281866343489488,0.004106211090133891,0.8930529554266934,0.39747898201567194,0.2753149822309809,0.4385309078928657,0.09081825398423952,0.11427774616435234,0.7487271208735261,0.5579506461686679,0.13041108472312857
0.6095689198803204,1.0,0.4868180641413641,0.9595180064884672,0.5705173209769381,0.843821251320428,-0.1827732046040549,0.48421407214685935,-0.31452444327977086,0.14699588153121593,0.5155694145600475,0.7776269396151017,0.044425145491546685,0.6688349561749117,-0.08892681629101311,0.22838665503321226,0.7463665490380244,0.8858216141418077,0.11241556158576284
0.6661905383966971,0.4868180641413641,1.0,0.561805396067058,0.6632991066308496,0.621257392849328,0.1416383548618699,0.379420902468144,0.05676319745741615,0.07850982784052961,0.6439461527518123,0.23348036472010855,0.6066485206568033,0.27558005126729995,0.319567903874451,0.09648888438708389,0.6745887993045555,0.6169512186363255,0.3446499841609875
0.651212630391917,0.9595180064884672,0.561805396067058,1.0,0.67202530379157,0.9025028665229667,-0.06738491355696004,0.543093646234126,-0.2621532183994264,0.14551315808068674,0.5584470447226039,0.7956573234323037,0.07041528440612707,0.7483174254185222,-0.06196025155672688,0.28154391211575486,0.7689941112473594,0.9394049378683067,0.21471479279321906
0.6562978347020194,0.5705173209769381,0.6632991066308496,0.67202530379157,1.0,0.5765069205851796,0.2520949892909663,0.3588561091787555,-0.11667504598333088,-0.05669573378054957,0.635012012456973,0.6510933028434217,0.08958842714968429,0.756014814852506,-0.03443494014194793,0.33463062465576887,0.7452476432748775,0.6179584312484506,0.5064324265392355
0.5156777873745484,0.843821251320428,0.621257392849328,0.9025028665229667,0.5765069205851796,1.0,0.08045147460903153,0.7264833441008124,-0.05302584845149378,0.2863532103693908,0.4735012695957856,0.6789087090601486,0.2584277530427193,0.6610636088035807,0.08829417108835753,0.33905311951270584,0.6049815208713882,0.9531200907265832,0.3399679613261039
-0.09757750831620927,-0.1827732046040549,0.1416383548618699,-0.06738491355696004,0.2520949892909663,0.08045147460903153,1.0,0.47003517047701693,0.7484039270864027,0.28575585341039916,-0.07181520194478436,-0.12731620222572382,0.2742615839367698,0.1199149085935089,0.4302254030604148,0.19105706919339904,-0.18806178583261757,0.01495761845582798,0.6611007306383491
0.24793123978800952,0.48421407214685935,0.379420902468144,0.543093646234126,0.3588561091787555,0.7264833441008124,0.47003517047701693,1.0,0.4496768290964952,0.5973096612207482,0.2688152146039256,0.4123113395626952,0.31940107036100307,0.49984308931989097,0.28251269807295276,0.48268830540621155,0.21550027233208702,0.6258451160861004,0.6677271089079044
-0.23281866343489488,-0.31452444327977086,0.05676319745741615,-0.2621532183994264,-0.11667504598333088,-0.05302584845149378,0.7484039270864027,0.4496768290964952,1.0,0.4977828606860553,-0.17262730658818962,-0.3790381674473463,0.43213378274558484,-0.20453119436397857,0.621367298105323,0.10066200949230944,-0.35500064415633986,-0.14353179100903693,0.5866124702342554
0.004106211090133891,0.14699588153121593,0.07850982784052961,0.14551315808068674,-0.05669573378054957,0.2863532103693908,0.28575585341039916,0.5973096612207482,0.4977828606860553,1.0,0.023539364939188952,0.10545674622474711,0.13866570050122054,0.041547314686063555,0.2628136517708879,0.45153150992460683,-0.08856855896521466,0.21023863406441198,0.26553104047256904
0.8930529554266934,0.5155694145600475,0.6439461527518123,0.5584470447226039,0.635012012456973,0.4735012695957856,-0.07181520194478436,0.2688152146039256,-0.17262730658818962,0.023539364939188952,1.0,0.37128877217523765,0.3400276595417422,0.4031571776431671,0.11601791676503377,0.14200972784930674,0.6512895849916762,0.49893552880271347,0.17345761430530937
0.39747898201567194,0.7776269396151017,0.23348036472010855,0.7956573234323037,0.6510933028434217,0.6789087090601486,-0.12731620222572382,0.4123113395626952,-0.3790381674473463,0.10545674622474711,0.37128877217523765,1.0,-0.19727380450559215,0.8470865925517609,-0.18168389529588652,0.34713699581530005,0.5512709377229476,0.7072371303327178,0.17119478110104153
0.2753149822309809,0.044425145491546685,0.6066485206568033,0.07041528440612707,0.08958842714968429,0.2584277530427193,0.2742615839367698,0.31940107036100307,0.43213378274558484,0.13866570050122054,0.3400276595417422,-0.19727380450559215,1.0,-0.17198841384876104,0.7184047461263807,-0.07715225960955081,0.15976532576874006,0.18607674364483953,0.27818128762750133
0.4385309078928657,0.6688349561749117,0.27558005126729995,0.7483174254185222,0.756014814852506,0.6610636088035807,0.1199149085935089,0.49984308931989097,-0.20453119436397857,0.041547314686063555,0.4031571776431671,0.8470865925517609,-0.17198841384876104,1.0,-0.1798641495719842,0.47700898550587606,0.561117515010845,0.6743111661138358,0.41476975964303087
0.09081825398423952,-0.08892681629101311,0.319567903874451,-0.06196025155672688,-0.03443494014194793,0.08829417108835753,0.4302254030604148,0.28251269807295276,0.621367298105323,0.2628136517708879,0.11601791676503377,-0.18168389529588652,0.7184047461263807,-0.1798641495719842,1.0,0.06720071693458908,-0.009524750642043788,0.018320459910663695,0.2932671063600317
0.11427774616435234,0.22838665503321226,0.09648888438708389,0.28154391211575486,0.33463062465576887,0.33905311951270584,0.19105706919339904,0.48268830540621155,0.10066200949230944,0.45153150992460683,0.14200972784930674,0.34713699581530005,-0.07715225960955081,0.47700898550587606,0.06720071693458908,1.0,0.11308847001470629,0.30040352366505685,0.34514126918817134
0.7487271208735261,0.7463665490380244,0.6745887993045555,0.7689941112473594,0.7452476432748775,0.6049815208713882,-0.18806178583261757,0.21550027233208702,-0.35500064415633986,-0.08856855896521466,0.6512895849916762,0.5512709377229476,0.15976532576874006,0.561117515010845,-0.009524750642043788,0.11308847001470629,1.0,0.6877761483230053,0.19264075803566819
0.5579506461686679,0.8858216141418077,0.6169512186363255,0.9394049378683067,0.6179584312484506,0.9531200907265832,0.01495761845582798,0.6258451160861004,-0.14353179100903693,0.21023863406441198,0.49893552880271347,0.7072371303327178,0.18607674364483953,0.6743111661138358,0.018320459910663695,0.30040352366505685,0.6877761483230053,1.0,0.28451737686631673
0.13041108472312857,0.11241556158576284,0.3446499841609875,0.21471479279321906,0.5064324265392355,0.3399679613261039,0.6611007306383491,0.6677271089079044,0.5866124702342554,0.26553104047256904,0.17345761430530937,0.17119478110104153,0.27818128762750133,0.41476975964303087,0.2932671063600317,0.34514126918817134,0.19264075803566819,0.28451737686631673,1.0
