0,1,2,3,4,5,6,7,8,9,10,11,12,13,14,15,16,17,18
1.0,0.705228108404767,0.49520421877059506,0.6939975875338387,0.5880784645527533,0.47394130949156266,0.057085185687025725,0.2667379342176588,-0.13802270376660716,0.0626880412240782,0.8860440394589514,0.32949222505749026,0.3651003176052962,0.42306717266837124,0.21221972867531752,0.29129849226168164,0.7480051281830433,0.5365162339884921,0.19796304495772302
0.705228108404767,1.0,0.38040660996630504,0.8969331127245587,0.5524495929998362,0.7180913280743534,-0.033589774973688175,0.38709399725757737,-0.2567175403115037,0.1295612139024909,0.6197467788701867,0.6393087069592616,0.2064494489058388,0.5235622422753121,0.024409620854917963,0.2783804180536781,0.7481795274709643,0.7892494326409258,0.14122738618207087
0.49520421877059506,0.38040660996630504,1.0,0.4404394801013412,0.5195300185773335,0.5292141554418966,0.39926770227953673,0.41127735802609955,0.27397774713171047,0.08514282739897659,0.4593683573783789,-0.08049851865727121,0.695617080556961,0.18176950251949528,0.4333405744541168,0.08283786362938354,0.5426101529256024,0.5338218512116597,0.4107318060446461
0.6939975875338387,0.8969331127245587,0.4404394801013412,1.0,0.716433957607449,0.8618809180533339,0.14491036328280016,0.5281714162491036,-0.10457540108916635,0.2020838472073885,0.6385794346839283,0.6771437572398225,0.2789064769308919,0.6453564369318241,0.08906675088358537,0.4649022186201821,0.7790791725950581,0.9010459323277384,0.3480565784051511
0.5880784645527533,0.5524495929998362,0.5195300185773335,0.716433957607449,1.0,0.560196218974983,0.5273043046181244,0.4806115358873918,0.15789538709138967,0.16596512971401864,0.574217743184735,0.5582345224819724,0.3724795539771427,0.7814405451313804,0.16533704277766909,0.5926165621460461,0.6855349749452673,0.5730521430493666,0.6311202526599154
0.47394130949156266,0.7180913280743534,0.5292141554418966,0.8618809180533339,0.560196218974983,1.0,0.27771415160646007,0.7059281150129587,0.1308470525116271,0.3294248804466595,0.46761015663478206,0.4881456800210823,0.45462360305188887,0.4578447160131693,0.2445949992518108,0.3828867805428288,0.5853675169477419,0.9433338673178566,0.4539354555540246
0.057085185687025725,-0.033589774973688175,0.39926770227953673,0.14491036328280016,0.5273043046181244,0.27771415160646007,1.0,0.6628081248226166,0.8486200517453688,0.48861333976573057,0.1056096121724375,-0.06801852654855087,0.5988637932089245,0.4476764207810653,0.5245101957435601,0.496462087710248,0.0552815645449894,0.19492467646642833,0.8802315560521666
0.2667379342176588,0.38709399725757737,0.41127735802609955,0.5281714162491036,0.4806115358873918,0.7059281150129587,0.6628081248226166,1.0,0.5459862711879325,0.6440565553154324,0.3010121854508773,0.3192510712267997,0.5318450398924813,0.5338627456830666,0.38425782865051805,0.5554049936363338,0.22440705848207623,0.6185418711919181,0.7773681925167053
-0.13802270376660716,-0.2567175403115037,0.27397774713171047,-0.10457540108916635,0.15789538709138967,0.1308470525116271,0.8486200517453688,0.5459862711879325,1.0,0.5353946835965454,-0.06030521403345319,-0.361699875883461,0.5770955765008736,0.040476581568048606,0.6714155631223029,0.27106426589765875,-0.1370913154803026,0.020822162839349585,0.7207142365611767
0.0626880412240782,0.1295612139024909,0.08514282739897659,0.2020838472073885,0.16596512971401864,0.3294248804466595,0.48861333976573057,0.6440565553154324,0.5353946835965454,1.0,0.10013891343638065,0.1563926926584471,0.2757906191351903,0.2533274199244623,0.3139364616487892,0.5341170453253588,-0.027521068172453728,0.249919284915514,0.48614675185913736
0.8860440394589514,0.6197467788701867,0.4593683573783789,0.6385794346839283,0.574217743184735,0.46761015663478206,0.1056096121724375,0.3010121854508773,-0.06030521403345319,0.10013891343638065,1.0,0.32874556257732074,0.4163077737144182,0.39474774860258083,0.2615279936503532,0.2885479226916716,0.6576641676683648,0.5064114002037001,0.24834879605395388
0.32949222505749026,0.6393087069592616,-0.08049851865727121,0.6771437572398225,0.5582345224819724,0.4881456800210823,-0.06801852654855087,0.3192510712267997,-0.361699875883461,0.1563926926584471,0.32874556257732074,1.0,-0.13972667749483042,0.701269088162334,-0.18303846578939253,0.39362051467240533,0.36379994646379776,0.5154317360130733,0.1220629535965252
0.3651003176052962,0.2064494489058388,0.695617080556961,0.2789064769308919,0.3724795539771427,0.45462360305188887,0.5988637932089245,0.5318450398924813,0.5770955765008736,0.2757906191351903,0.4163077737144182,-0.13972667749483042,1.0,0.17328925339976317,0.7403438068298743,0.23354647173016255,0.34644578789034425,0.3771887034469282,0.5770551713250949
0.42306717266837124,0.5235622422753121,0.18176950251949528,0.6453564369318241,0.7814405451313804,0.4578447160131693,0.4476764207810653,0.5338627456830666,0.040476581568048606,0.2533274199244623,0.39474774860258083,0.701269088162334,0.17328925339976317,1.0,-0.04476842257902412,0.6809739651346871,0.40404353163142,0.4798634661706215,0.5492028307988941
0.21221972867531752,0.024409620854917963,0.4333405744541168,0.08906675088358537,0.16533704277766909,0.2445949992518108,0.5245101957435601,0.38425782865051805,0.6714155631223029,0.3139364616487892,0.2615279936503532,-0.18303846578939253,0.7403438068298743,-0.04476842257902412,1.0,0.1873697190666557,0.19654519430027828,0.15282355132810832,0.4809437465908945
0.29129849226168164,0.2783804180536781,0.08283786362938354,0.4649022186201821,0.5926165621460461,0.3828867805428288,0.496462087710248,0.5554049936363338,0.27106426589765875,0.5341170453253588,0.2885479226916716,0.39362051467240533,0.23354647173016255,0.6809739651346871,0.1873697190666557,1.0,0.26743945723993995,0.3297040536745477,0.592808719220524
0.7480051281830433,0.7481795274709643,0.5426101529256024,0.7790791725950581,0.6855349749452673,0.5853675169477419,0.0552815645449894,0.22440705848207623,-0.1370913154803026,-0.027521068172453728,0.6576641676683648,0.36379994646379776,0.34644578789034425,0.40404353163142,0.19654519430027828,0.26743945723993995,1.0,0.6581016158794691,0.25031396662167793
0.5365162339884921,0.7892494326409258,0.5338218512116597,0.9010459323277384,0.5730521430493666,0.9433338673178566,0.19492467646642833,0.6185418711919181,0.020822162839349585,0.249919284915514,0.5064114002037001,0.5154317360130733,0.3771887034469282,0.4798634661706215,0.15282355132810832,0.3297040536745477,0.6581016158794691,1.0,0.3699629331306027
0.19796304495772302,0.14122738618207087,0.4107318060446461,0.3480565784051511,0.6311202526599154,0.4539354555540246,0.8802315560521666,0.7773681925167053,0.7207142365611767,0.48614675185913736,0.24834879605395388,0.1220629535965252,0.5770551713250949,0.5492028307988941,0.4809437465908945,0.592808719220524,0.25031396662167793,0.3699629331306027,1.0
