0,1,2,3,4,5,6,7,8,9,10,11,12,13,14,15,16,17,18
1.0,0.575467158836046,0.25285364723924075,0.5912893046383646,0.5029496604757383,0.3465169964737367,0.008330554812049154,0.08883542840555637,-0.2610275864422562,-0.1372099093183471,0.8674920777748383,0.3624694314051717,-0.06987646709247705,0.4456771113238813,-0.07079509161809087,0.2564695983615862,0.6782519719756989,0.42190409419048136,0.1382496425337924
0.575467158836046,1.0,0.20549130543252322,0.9424804939948666,0.6786007293202991,0.7083367484036961,0.09696338154381064,0.3484299738251067,-0.2904854171623745,-0.0854772085872281,0.4817225880435363,0.8089908832141641,-0.25049084988095743,0.7266726110756208,-0.3030085528362137,0.3642378230696824,0.7294950463772212,0.7737177388251458,0.3321632522094113
0.25285364723924075,0.20549130543252322,1.0,0.2651375535186249,0.26503155171282616,0.4545478343565724,0.12419670283075691,0.25679243744567515,0.2684755098965912,0.11377812990325947,0.2603839798772891,-0.038981399268665146,0.5399090091041676,0.006696160347993774,0.34721496779122785,-0.030405319970590435,0.39025710085982734,0.44563740522488066,0.23143581292493376
0.5912893046383646,0.9424804939948666,0.2651375535186249,1.0,0.750741860390178,0.8179436037357232,0.2074968992737316,0.46721305010407443,-0.22937048125010345,-0.07154987198030768,0.5189750741359527,0.8512144373105075,-0.22222341420170574,0.81489514625728,-0.24722894971692375,0.45008898800517433,0.7513593940547779,0.8549472299477283,0.44065639039155746
0.5029496604757383,0.6786007293202991,0.26503155171282616,0.750741860390178,1.0,0.52251409900067,0.5388028706690962,0.3807458848144282,-0.03900200160881023,-0.17487317843703848,0.553709661030688,0.7828229821339461,-0.4011376854381871,0.8764595678986546,-0.22430669725076866,0.694677451205163,0.7771770954527607,0.508324108627625,0.6848915059740571
0.3465169964737367,0.7083367484036961,0.4545478343565724,0.8179436037357232,0.52251409900067,1.0,0.23913506587289543,0.6964827532630541,0.06445910036812923,0.18639494062198877,0.33231045463595643,0.6271692924274855,0.11276746890055889,0.5668741384246151,0.01597782680154537,0.36582178999101583,0.4610209922967866,0.9382156652459424,0.41630943404587434
0.008330554812049154,0.09696338154381064,0.12419670283075691,0.2074968992737316,0.5388028706690962,0.23913506587289543,1.0,0.5535741257039509,0.45740524614484157,0.27473378199873905,0.14298661918415168,0.2596353441049201,-0.07178910896210024,0.4318125096959596,0.23836405352465959,0.5733802868760637,0.1652049912916909,0.1552935075709629,0.7066562983081704
0.08883542840555637,0.3484299738251067,0.25679243744567515,0.46721305010407443,0.3807458848144282,0.6964827532630541,0.5535741257039509,1.0,0.5031583483148574,0.5095619752610063,0.14037068536686167,0.433308668590959,0.1852535363763284,0.44710835608439586,0.2881888929010252,0.5396127368431515,0.12794148863786795,0.5841603216935258,0.6648088157823334
-0.2610275864422562,-0.2904854171623745,0.2684755098965912,-0.22937048125010345,-0.03900200160881023,0.06445910036812923,0.45740524614484157,0.5031583483148574,1.0,0.56638468157072,-0.16168345407093182,-0.2526854305938851,0.4434792328901037,-0.15506863916958663,0.6592483623358824,0.14011660616366375,-0.25107175014545685,-0.03391580038760581,0.4640537408461147
-0.1372099093183471,-0.0854772085872281,0.11377812990325947,-0.07154987198030768,-0.17487317843703848,0.18639494062198877,0.27473378199873905,0.5095619752610063,0.56638468157072,1.0,-0.10395534758583326,-0.09081386965044594,0.29269673091534687,-0.13108631937530876,0.37331157658922726,0.20976307850090137,-0.3121904615911117,0.1106720512751408,0.15294163839349093
0.8674920777748383,0.4817225880435363,0.2603839798772891,0.5189750741359527,0.553709661030688,0.33231045463595643,0.14298661918415168,0.14037068536686167,-0.16168345407093182,-0.10395534758583326,1.0,0.3638824406441167,-0.045311897734295656,0.4620494839977629,-0.028561504419890017,0.3121253089497104,0.6144292552880759,0.38048419451785215,0.21288406471761764
0.3624694314051717,0.8089908832141641,-0.038981399268665146,0.8512144373105075,0.7828229821339461,0.6271692924274855,0.2596353441049201,0.433308668590959,-0.2526854305938851,-0.09081386965044594,0.3638824406441167,1.0,-0.4524812226006985,0.9004757763286444,-0.31240230453000356,0.5691683323586582,0.5591347555432636,0.6181818806485536,0.4782820202674099
-0.06987646709247705,-0.25049084988095743,0.5399090091041676,-0.22222341420170574,-0.4011376854381871,0.11276746890055889,-0.07178910896210024,0.1852535363763284,0.4434792328901037,0.29269673091534687,-0.045311897734295656,-0.4524812226006985,1.0,-0.43225214544059803,0.6516603321080544,-0.38953579527079263,-0.19885571453398063,0.09459409262963028,-0.0638929247832484
0.4456771113238813,0.7266726110756208,0.006696160347993774,0.81489514625728,0.8764595678986546,0.5668741384246151,0.4318125096959596,0.44710835608439586,-0.15506863916958663,-0.13108631937530876,0.4620494839977629,0.9004757763286444,-0.43225214544059803,1.0,-0.3010669805660888,0.6961918936585818,0.6653771087843536,0.5563822589316026,0.6295247669224333
-0.07079509161809087,-0.3030085528362137,0.34721496779122785,-0.24722894971692375,-0.22430669725076866,0.01597782680154537,0.23836405352465959,0.2881888929010252,0.6592483623358824,0.37331157658922726,-0.028561504419890017,-0.31240230453000356,0.6516603321080544,-0.3010669805660888,1.0,-0.03402543655745586,-0.1880337588837296,-0.07043719781184991,0.19221173893893143
0.2564695983615862,0.3642378230696824,-0.030405319970590435,0.45008898800517433,0.694677451205163,0.36582178999101583,0.5733802868760637,0.5396127368431515,0.14011660616366375,0.20976307850090137,0.3121253089497104,0.5691683323586582,-0.38953579527079263,0.6961918936585818,-0.03402543655745586,1.0,0.3419941003014509,0.26822639713597196,0.6347229841110229
0.6782519719756989,0.7294950463772212,0.39025710085982734,0.7513593940547779,0.7771770954527607,0.4610209922967866,0.1652049912916909,0.12794148863786795,-0.25107175014545685,-0.3121904615911117,0.6144292552880759,0.5591347555432636,-0.19885571453398063,0.6653771087843536,-0.1880337588837296,0.3419941003014509,1.0,0.535333237647508,0.42438686797434244
0.42190409419048136,0.7737177388251458,0.44563740522488066,0.8549472299477283,0.508324108627625,0.9382156652459424,0.1552935075709629,0.5841603216935258,-0.03391580038760581,0.1106720512751408,0.38048419451785215,0.6181818806485536,0.09459409262963028,0.5563822589316026,-0.07043719781184991,0.26822639713597196,0.535333237647508,1.0,0.36408263637354815
0.1382496425337924,0.3321632522094113,0.23143581292493376,0.44065639039155746,0.6848915059740571,0.41630943404587434,0.7066562983081704,0.6648088157823334,0.4640537408461147,0.15294163839349093,0.21288406471761764,0.4782820202674099,-0.0638929247832484,0.6295247669224333,0.19221173893893143,0.6347229841110229,0.42438686797434244,0.36408263637354815,1.0
