0,1,2,3,4,5,6,7,8,9,10,11,12,13,14,15,16,17,18
1.0,0.5569613014050905,0.434142367829741,0.28435728596138016,0.2805533566048011,0.05530088116767377,0.2340569846692482,0.014958239306825917,0.14650526917874496,0.1024863774587108,0.4202586815330341,0.28895229431431896,0.3886460674765993,0.13515688607613935,0.18695860912330578,0.11036917020091967,0.3372318648021895,0.09639319748612914,0.17656358258562252
0.5569613014050905,1.0,-0.02925451236441271,0.46292405201378894,-0.079395677839766,0.33627314019469046,-0.08167215336926377,0.2747990527984917,-0.12706027870408296,0.30619650689271893,0.03223297508390223,0.589241914209541,0.06046868069052611,0.4165723797748564,0.0004571122896812045,0.4331347545664146,-0.04458547131285735,0.3293380550952583,-0.15683120805294107
0.434142367829741,-0.02925451236441271,1.0,0.3940724678918637,0.8770568518565816,0.25393946034083015,0.7302810288416205,0.18170125635615264,0.35928382096191086,0.05619489373683423,0.8372794354854769,0.23440928999371982,0.762534702582735,0.11349651745549784,0.36033353528174644,-0.16341306759999494,0.866247595087582,0.2698286563892333,0.5988786270633061
0.28435728596138016,0.46292405201378894,0.3940724678918637,1.0,0.34458317101566766,0.7862180597180929,0.27166188206334924,0.6095335137685485,0.023429690431526033,0.46164614016688027,0.25970824076680715,0.825573708989655,0.2715940857201823,0.6760409408169822,0.1497257198536579,0.4907714747721894,0.5476418090421062,0.6968658728295283,0.2105336608833333
0.2805533566048011,-0.079395677839766,0.8770568518565816,0.34458317101566766,1.0,0.35903439739863574,0.8474694549921074,0.3276440883635643,0.41918012550928135,0.1425953054982544,0.7837711120041133,0.20848470453232562,0.8226531964269361,0.21738110957836296,0.44196208333967185,-0.06275696258677814,0.7534669488135277,0.39305476349979884,0.6919324903922025
0.05530088116767377,0.33627314019469046,0.25393946034083015,0.7862180597180929,0.35903439739863574,1.0,0.32682788847886857,0.8309837038749752,0.002367027071168265,0.5458611803616782,0.20560195982879875,0.6788446960966722,0.22202021058697005,0.7514452740973412,0.1395445872054467,0.4856875521632335,0.3491411669826182,0.9108972173026578,0.350857957532937
0.2340569846692482,-0.08167215336926377,0.7302810288416205,0.27166188206334924,0.8474694549921074,0.32682788847886857,1.0,0.41767043348718175,0.6880106005057802,0.3738574553424678,0.6478546065352535,0.17148476371323146,0.7516001148030221,0.2748390688536978,0.6147765487667982,0.09296044501805502,0.6235704402827407,0.3308834274087837,0.8432531044008515
0.014958239306825917,0.2747990527984917,0.18170125635615264,0.6095335137685485,0.3276440883635643,0.8309837038749752,0.41767043348718175,1.0,0.1096092505469015,0.721268538725141,0.15145365424103138,0.5691168605022354,0.2285028183635555,0.7918460045456011,0.18416018535448367,0.6078124366213459,0.20758351319101,0.7530946883648976,0.43839941548337025
0.14650526917874496,-0.12706027870408296,0.35928382096191086,0.023429690431526033,0.41918012550928135,0.002367027071168265,0.6880106005057802,0.1096092505469015,1.0,0.3404318682070256,0.29592224155673486,-0.07034471681214387,0.45639369785973516,-0.03577896971744118,0.7687385982753281,-0.1726662176507382,0.3098123767800612,-0.016415985794532986,0.6336708544184061
0.1024863774587108,0.30619650689271893,0.05619489373683423,0.46164614016688027,0.1425953054982544,0.5458611803616782,0.3738574553424678,0.721268538725141,0.3404318682070256,1.0,0.03980346799391714,0.4117055243156945,0.16266202353310283,0.652560672536203,0.4579705306606876,0.6025675469191927,0.022728726304226392,0.506137831515274,0.37593100094206094
0.4202586815330341,0.03223297508390223,0.8372794354854769,0.25970824076680715,0.7837711120041133,0.20560195982879875,0.6478546065352535,0.15145365424103138,0.29592224155673486,0.03980346799391714,1.0,0.18167065508574884,0.8521078545351362,0.12568550161296027,0.3670734855973293,-0.09195634209633936,0.6626155239453161,0.22340261008529802,0.4943277046750781
0.28895229431431896,0.589241914209541,0.23440928999371982,0.825573708989655,0.20848470453232562,0.6788446960966722,0.17148476371323146,0.5691168605022354,-0.07034471681214387,0.4117055243156945,0.18167065508574884,1.0,0.26337161736446335,0.7321293315406365,0.11294915625715371,0.5124678981059144,0.3516123644524196,0.5466532974624718,0.12766822549731327
0.3886460674765993,0.06046868069052611,0.762534702582735,0.2715940857201823,0.8226531964269361,0.22202021058697005,0.7516001148030221,0.2285028183635555,0.45639369785973516,0.16266202353310283,0.8521078545351362,0.26337161736446335,1.0,0.20933007883379937,0.5243074960440455,-0.0037939745436896665,0.5964662767458306,0.22759568985211584,0.5544308754911116
0.13515688607613935,0.4165723797748564,0.11349651745549784,0.6760409408169822,0.21738110957836296,0.7514452740973412,0.2748390688536978,0.7918460045456011,-0.03577896971744118,0.652560672536203,0.12568550161296027,0.7321293315406365,0.20933007883379937,1.0,0.2482032415918474,0.6916446959702521,0.15287928921889105,0.6476447519113189,0.21972446001912993
0.18695860912330578,0.0004571122896812045,0.36033353528174644,0.1497257198536579,0.44196208333967185,0.1395445872054467,0.6147765487667982,0.18416018535448367,0.7687385982753281,0.4579705306606876,0.3670734855973293,0.11294915625715371,0.5243074960440455,0.2482032415918474,1.0,0.20115008889371166,0.24194448330019133,0.1257481323526005,0.515461164365486
0.11036917020091967,0.4331347545664146,-0.16341306759999494,0.4907714747721894,-0.06275696258677814,0.4856875521632335,0.09296044501805502,0.6078124366213459,-0.1726662176507382,0.6025675469191927,-0.09195634209633936,0.5124678981059144,-0.0037939745436896665,0.6916446959702521,0.20115008889371166,1.0,-0.1434210548436162,0.37950843310290505,0.06826506015630279
0.3372318648021895,-0.04458547131285735,0.866247595087582,0.5476418090421062,0.7534669488135277,0.3491411669826182,0.6235704402827407,0.20758351319101,0.3098123767800612,0.022728726304226392,0.6626155239453161,0.3516123644524196,0.5964662767458306,0.15287928921889105,0.24194448330019133,-0.1434210548436162,1.0,0.31076484328771903,0.5669794956225532
0.09639319748612914,0.3293380550952583,0.2698286563892333,0.6968658728295283,0.39305476349979884,0.9108972173026578,0.3308834274087837,0.7530946883648976,-0.016415985794532986,0.506137831515274,0.22340261008529802,0.5466532974624718,0.22759568985211584,0.6476447519113189,0.1257481323526005,0.37950843310290505,0.31076484328771903,1.0,0.3616688822125822
0.17656358258562252,-0.15683120805294107,0.5988786270633061,0.2105336608833333,0.6919324903922025,0.350857957532937,0.8432531044008515,0.43839941548337025,0.6336708544184061,0.37593100094206094,0.4943277046750781,0.12766822549731327,0.5544308754911116,0.21972446001912993,0.515461164365486,0.06826506015630279,0.5669794956225532,0.3616688822125822,1.0
