0,1,2,3,4,5,6,7,8,9,10,11,12,13,14,15,16,17,18
1.0,0.5076707555739212,0.6168675066908769,0.3534733957822483,0.45617640566460005,0.2658595108624863,0.36642823217828957,0.20685017468436206,0.1566871615551523,0.017366492187851454,0.5243201734708245,0.30327041709616676,0.44143525912890924,0.28832433007048536,0.2714795654265591,0.19407952341809256,0.5635757219729833,0.10066692903614774,0.3048506675975165
0.5076707555739212,1.0,0.18792715815903796,0.602315980575229,0.1150121985733888,0.5318876171332232,0.0177045702124074,0.4279919997431713,-0.1379416373705929,0.2456802191648208,0.0810969161665713,0.6190316807749577,0.05510373775830558,0.5077714799432173,-0.007193009354431942,0.46056331994405403,0.19538245365962473,0.41342209474570824,0.012701889278232341
0.6168675066908769,0.18792715815903796,1.0,0.467422340217279,0.8783136308131109,0.42572123748201307,0.7135971438613128,0.29223466443451507,0.30816957843672715,0.06374946437326562,0.8427443051942736,0.34911967028730506,0.7198195594993965,0.2619721000941391,0.4299763059876433,-0.016011651558648463,0.8628372727902366,0.3214312451815482,0.6217705131421807
0.3534733957822483,0.602315980575229,0.467422340217279,1.0,0.36185379873936563,0.8280741099980187,0.2821667672905506,0.6298115409234462,0.03403133123897648,0.4114124151523505,0.23501293266783166,0.8703909875913135,0.2414193918988477,0.6696975852380382,0.11957971525400067,0.4827926263191576,0.6265058964893294,0.6681160810976049,0.27995771652416307
0.45617640566460005,0.1150121985733888,0.8783136308131109,0.36185379873936563,1.0,0.46100566090481543,0.8361299744625729,0.40614763421883165,0.40328480342088635,0.14396078783491362,0.8268417903127332,0.277665492388163,0.775564193875131,0.3179289717945818,0.5535181292848238,0.056721252283804376,0.7400171439734361,0.4094194894159056,0.7194473698744522
0.2658595108624863,0.5318876171332232,0.42572123748201307,0.8280741099980187,0.46100566090481543,1.0,0.3983195119489822,0.8217650964013512,0.09968542562960662,0.5058951955957816,0.26522786157670625,0.7619825017939809,0.2857857783306023,0.7160873050682767,0.20848947960632538,0.4305383237814959,0.5189904280957103,0.8630014935897405,0.4349035282477602
0.36642823217828957,0.0177045702124074,0.7135971438613128,0.2821667672905506,0.8361299744625729,0.3983195119489822,1.0,0.4804943326831627,0.6540043324609035,0.31387577822402185,0.6597836605681279,0.2522707777773628,0.6765428505891757,0.3685511496359797,0.6650823098841232,0.22869909964201438,0.6447786859645084,0.3260596421652094,0.8374177016412726
0.20685017468436206,0.4279919997431713,0.29223466443451507,0.6298115409234462,0.40614763421883165,0.8217650964013512,0.4804943326831627,1.0,0.27410939873308426,0.747272886406859,0.19850498541355463,0.6250929156868034,0.2584461108548097,0.789989048925744,0.28936369856965344,0.5549583518439124,0.3431294769362926,0.6921533210919139,0.555013003056999
0.1566871615551523,-0.1379416373705929,0.30816957843672715,0.03403133123897648,0.40328480342088635,0.09968542562960662,0.6540043324609035,0.27410939873308426,1.0,0.4120324403588991,0.3295586788474987,-0.05176379831475258,0.441997141644083,0.033496090736523335,0.7657014920027331,-0.07492731492731709,0.34424118167305295,-0.02654822413613414,0.5735146630389769
0.017366492187851454,0.2456802191648208,0.06374946437326562,0.4114124151523505,0.14396078783491362,0.5058951955957816,0.31387577822402185,0.747272886406859,0.4120324403588991,1.0,0.023942388152102412,0.34966255727204665,0.14914864793553115,0.47324659110586315,0.3131295912065873,0.41166181032034305,0.1201072122986149,0.4141213742399837,0.3534859797425161
0.5243201734708245,0.0810969161665713,0.8427443051942736,0.23501293266783166,0.8268417903127332,0.26522786157670625,0.6597836605681279,0.19850498541355463,0.3295586788474987,0.023942388152102412,1.0,0.1321087071906924,0.8301690745290226,0.1506981452034306,0.4949223430179955,-0.006595666190055035,0.6385993232296279,0.19744119925124046,0.5847785493229242
0.30327041709616676,0.6190316807749577,0.34911967028730506,0.8703909875913135,0.277665492388163,0.7619825017939809,0.2522707777773628,0.6250929156868034,-0.05176379831475258,0.34966255727204665,0.1321087071906924,1.0,0.16435136239523568,0.7820932631652139,0.038351010344766644,0.4847289339265602,0.4717956405605691,0.5824890430038001,0.26405726172365546
0.44143525912890924,0.05510373775830558,0.7198195594993965,0.2414193918988477,0.775564193875131,0.2857857783306023,0.6765428505891757,0.2584461108548097,0.441997141644083,0.14914864793553115,0.8301690745290226,0.16435136239523568,1.0,0.18485213907651973,0.6635015706126357,0.09545771295799571,0.5864184700789847,0.2130579219811559,0.5326964647622118
0.28832433007048536,0.5077714799432173,0.2619721000941391,0.6696975852380382,0.3179289717945818,0.7160873050682767,0.3685511496359797,0.789989048925744,0.033496090736523335,0.47324659110586315,0.1506981452034306,0.7820932631652139,0.18485213907651973,1.0,0.2038309699172275,0.6318261761545494,0.33927356953187865,0.5300095941526441,0.36993875289023115
0.2714795654265591,-0.007193009354431942,0.4299763059876433,0.11957971525400067,0.5535181292848238,0.20848947960632538,0.6650823098841232,0.28936369856965344,0.7657014920027331,0.3131295912065873,0.4949223430179955,0.038351010344766644,0.6635015706126357,0.2038309699172275,1.0,0.2090779049286466,0.40237559588201977,0.08998337329657287,0.4687644401805576
0.19407952341809256,0.46056331994405403,-0.016011651558648463,0.4827926263191576,0.056721252283804376,0.4305383237814959,0.22869909964201438,0.5549583518439124,-0.07492731492731709,0.41166181032034305,-0.006595666190055035,0.4847289339265602,0.09545771295799571,0.6318261761545494,0.2090779049286466,1.0,0.05482922409180321,0.2640117634419096,0.17449126045313637
0.5635757219729833,0.19538245365962473,0.8628372727902366,0.6265058964893294,0.7400171439734361,0.5189904280957103,0.6447786859645084,0.3431294769362926,0.34424118167305295,0.1201072122986149,0.6385993232296279,0.4717956405605691,0.5864184700789847,0.33927356953187865,0.40237559588201977,0.05482922409180321,1.0,0.36742992152801257,0.6201230512780918
0.10066692903614774,0.41342209474570824,0.3214312451815482,0.6681160810976049,0.4094194894159056,0.8630014935897405,0.3260596421652094,0.6921533210919139,-0.02654822413613414,0.4141213742399837,0.19744119925124046,0.5824890430038001,0.2130579219811559,0.5300095941526441,0.08998337329657287,0.2640117634419096,0.36742992152801257,1.0,0.360587833435048
0.3048506675975165,0.012701889278232341,0.6217705131421807,0.27995771652416307,0.7194473698744522,0.4349035282477602,0.8374177016412726,0.555013003056999,0.5735146630389769,0.3534859797425161,0.5847785493229242,0.26405726172365546,0.5326964647622118,0.36993875289023115,0.4687644401805576,0.17449126045313637,0.6201230512780918,0.360587833435048,1.0
