0,1,2,3,4,5,6,7,8,9,10,11,12,13,14,15,16,17,18
1.0,0.36301250635768806,0.6481411603500777,0.051171774297351064,0.5258494127883183,-0.07290140640042843,0.44949429417253106,-0.17672621584632575,0.41406155947646484,-0.3452213625768138,0.6438798475101039,-0.1914842851155588,0.17525063645539263,-0.219549808541004,0.18963715629012906,-0.3633961734869837,0.6330398029995797,-0.12219331949049769,0.4325999283674626
0.36301250635768806,1.0,-0.09650507625616699,0.5211594791635151,-0.17344441122289841,0.32088754446320056,-0.21107843827957054,0.1369854192805582,-0.28392765286194954,0.20139579840344013,-0.12744809025665343,0.5260913283908261,-0.05957739294650701,0.3944230544717822,-0.08841440393244118,0.4138525386126024,-0.02913088342733734,0.267223227837606,-0.28466277320002403
0.6481411603500777,-0.09650507625616699,1.0,0.13923664125048182,0.925731224383966,0.17824882246554918,0.7778199366683637,0.07518993438795128,0.5409465134691824,-0.30036543821943457,0.829628786660904,-0.24538560274627824,0.47845082721078275,-0.17071048339763847,0.43880050144880123,-0.5058014308627935,0.9060345944615297,0.15466741837053152,0.7009596271476121
0.051171774297351064,0.5211594791635151,0.13923664125048182,1.0,0.048408138390173584,0.7480479090148318,-0.032278854223105044,0.46347271224562986,-0.21193755444617374,0.38797850815524143,-0.08478444781689916,0.6753163176894182,0.20480939481438998,0.6153240462756314,0.09425688239628925,0.48797803888234226,0.3071496500717517,0.6030543989366006,-0.11738712534678947
0.5258494127883183,-0.17344441122289841,0.925731224383966,0.048408138390173584,1.0,0.24163727396565612,0.8888972426784375,0.1996089986737149,0.5913942779086132,-0.21332857433211713,0.7584410686138094,-0.254354248588749,0.5517660060672569,-0.11425687554907034,0.5136625098027691,-0.4647038762574116,0.8193017766441889,0.2581834458732509,0.792094494914528
-0.07290140640042843,0.32088754446320056,0.17824882246554918,0.7480479090148318,0.24163727396565612,1.0,0.20141068888184663,0.7744918680747834,-0.08938927369889459,0.45251021932216096,-0.03018504837607839,0.5129960085736106,0.16817711339149097,0.6808383590778673,0.17719542640885905,0.351405042740341,0.28939915929738413,0.8827226115931757,0.15462111094759
0.44949429417253106,-0.21107843827957054,0.7778199366683637,-0.032278854223105044,0.8888972426784375,0.20141068888184663,1.0,0.2870194933371237,0.7665219876936518,-0.06604025379236546,0.6204168634240468,-0.18437800048492825,0.5476411018319097,-0.05643168023910994,0.6525445130871369,-0.37483537198717626,0.7053994831647192,0.2099136248312011,0.8898961046494306
-0.17672621584632575,0.1369854192805582,0.07518993438795128,0.46347271224562986,0.1996089986737149,0.7744918680747834,0.2870194933371237,1.0,0.06718536814386693,0.59437831900812,-0.07638665184019419,0.3824193330652933,0.12050024970473369,0.712617928281327,0.23410275102545258,0.37238150111690854,0.10301844893046459,0.7159862938704914,0.2833267944266413
0.41406155947646484,-0.28392765286194954,0.5409465134691824,-0.21193755444617374,0.5913942779086132,-0.08938927369889459,0.7665219876936518,0.06718536814386693,1.0,-0.08961468109809619,0.5260781731605638,-0.3763494010385064,0.2948389336711129,-0.3632217601115686,0.6036130807818612,-0.6086349336488812,0.5182954107234694,-0.10029042626634464,0.8029795681838606
-0.3452213625768138,0.20139579840344013,-0.30036543821943457,0.38797850815524143,-0.21332857433211713,0.45251021932216096,-0.06604025379236546,0.59437831900812,-0.08961468109809619,1.0,-0.4033763840965438,0.4533839557701093,0.07218295352426964,0.5959676938598307,0.2081270406605547,0.5302881462118313,-0.2595261078150384,0.3880950723718518,-0.10705671296938914
0.6438798475101039,-0.12744809025665343,0.829628786660904,-0.08478444781689916,0.7584410686138094,-0.03018504837607839,0.6204168634240468,-0.07638665184019419,0.5260781731605638,-0.4033763840965438,1.0,-0.4229020794468705,0.24379239419720192,-0.320080721026553,0.2962259164992242,-0.5688219180951133,0.7080180698929353,-0.033113367414367385,0.6036737863144317
-0.1914842851155588,0.5260913283908261,-0.24538560274627824,0.6753163176894182,-0.254354248588749,0.5129960085736106,-0.18437800048492825,0.3824193330652933,-0.3763494010385064,0.4533839557701093,-0.4229020794468705,1.0,0.1967595776288686,0.7540030538352919,0.05834559637678971,0.6211378291870276,-0.14589155285085287,0.3815964843978464,-0.2998270018102059
0.17525063645539263,-0.05957739294650701,0.47845082721078275,0.20480939481438998,0.5517660060672569,0.16817711339149097,0.5476411018319097,0.12050024970473369,0.2948389336711129,0.07218295352426964,0.24379239419720192,0.1967595776288686,1.0,0.12677929841793584,0.4917566217293623,-0.03256279404421247,0.3946295695167,0.145926715284147,0.38473914023312983
-0.219549808541004,0.3944230544717822,-0.17071048339763847,0.6153240462756314,-0.11425687554907034,0.6808383590778673,-0.05643168023910994,0.712617928281327,-0.3632217601115686,0.5959676938598307,-0.320080721026553,0.7540030538352919,0.12677929841793584,1.0,0.09665561729670422,0.659534489981074,-0.08625695772662563,0.5589678440320948,-0.15105845778960927
0.18963715629012906,-0.08841440393244118,0.43880050144880123,0.09425688239628925,0.5136625098027691,0.17719542640885905,0.6525445130871369,0.23410275102545258,0.6036130807818612,0.2081270406605547,0.2962259164992242,0.05834559637678971,0.4917566217293623,0.09665561729670422,1.0,-0.000336157170624398,0.4054437808560538,0.1360904841520542,0.49718802544989615
-0.3633961734869837,0.4138525386126024,-0.5058014308627935,0.48797803888234226,-0.4647038762574116,0.351405042740341,-0.37483537198717626,0.37238150111690854,-0.6086349336488812,0.5302881462118313,-0.5688219180951133,0.6211378291870276,-0.03256279404421247,0.659534489981074,-0.000336157170624398,1.0,-0.41802246925245823,0.24172872876938284,-0.4882737203418631
0.6330398029995797,-0.02913088342733734,0.9060345944615297,0.3071496500717517,0.8193017766441889,0.28939915929738413,0.7053994831647192,0.10301844893046459,0.5182954107234694,-0.2595261078150384,0.7080180698929353,-0.14589155285085287,0.3946295695167,-0.08625695772662563,0.4054437808560538,-0.41802246925245823,1.0,0.20447400307168312,0.6922033045304615
-0.12219331949049769,0.267223227837606,0.15466741837053152,0.6030543989366006,0.2581834458732509,0.8827226115931757,0.2099136248312011,0.7159862938704914,-0.10029042626634464,0.3880950723718518,-0.033113367414367385,0.3815964843978464,0.145926715284147,0.5589678440320948,0.1360904841520542,0.24172872876938284,0.20447400307168312,1.0,0.1651876112538408
0.4325999283674626,-0.28466277320002403,0.7009596271476121,-0.11738712534678947,0.792094494914528,0.15462111094759,0.8898961046494306,0.2833267944266413,0.8029795681838606,-0.10705671296938914,0.6036737863144317,-0.2998270018102059,0.38473914023312983,-0.15105845778960927,0.49718802544989615,-0.4882737203418631,0.6922033045304615,0.1651876112538408,1.0
