0,1,2,3,4,5,6,7,8,9,10,11,12,13,14,15,16,17,18
1.0,0.4189788427647573,0.6611886493258259,0.046569536859666694,0.5374508135766426,0.03430834716852235,0.4893052679813376,-0.026780745551724106,0.46457552947095876,-0.032762736270386915,0.6108174756975455,-0.14266426195229684,0.3620224020856349,-0.09450085065963612,0.42389523026560216,-0.19834552355607266,0.6303379592483903,0.02010260577857209,0.47272276543348996
0.4189788427647573,1.0,0.13340210089546767,0.6018015557389343,0.03677638447597234,0.4722955161186033,0.057639664618989485,0.38525982929055813,-0.08872840212195413,0.32079349370357846,0.07216362187023947,0.49859729436230743,0.09314856817454542,0.4778884774873899,0.027171775461485317,0.42751924389523216,0.16268057987494092,0.3947273158082306,-0.033762267233120105
0.6611886493258259,0.13340210089546767,1.0,0.2541910834215543,0.9283526584074264,0.30856831446270405,0.8035684067912182,0.24162888816746397,0.5892786157241533,0.10596865399840856,0.8154394234521298,-0.14163893227038477,0.5885722226421048,0.04331216279552212,0.6154829261985534,-0.2622168462214787,0.9192679871351516,0.3448717776363587,0.7351340775047034
0.046569536859666694,0.6018015557389343,0.2541910834215543,1.0,0.20197944700035192,0.8267414981738476,0.0984712134236978,0.6707600423966186,-0.17760595616091823,0.45060670389978813,0.08526918599911225,0.5105787347655147,0.19935790363586303,0.6798850973173147,0.0087025454568294,0.5541972869739531,0.3398735838740404,0.74468351657882,0.009296803835162857
0.5374508135766426,0.03677638447597234,0.9283526584074264,0.20197944700035192,1.0,0.34466112317703135,0.8880090813198059,0.33428238341182515,0.6375181368949779,0.16768097908915422,0.7759840838546838,-0.20277448107747448,0.62812556443548,0.09168783141068282,0.6581534367016482,-0.18412175505119463,0.8417491069852184,0.3941247711900679,0.810922508535993
0.03430834716852235,0.4722955161186033,0.30856831446270405,0.8267414981738476,0.34466112317703135,1.0,0.2846514629583731,0.8497635134835694,0.0009522814169091637,0.5509554560904352,0.21505887703021861,0.3501571857558673,0.19440423619646263,0.7043375823931345,0.17348882543482214,0.4755907226318198,0.3613123821432273,0.9095155245866917,0.2690797356022563
0.4893052679813376,0.057639664618989485,0.8035684067912182,0.0984712134236978,0.8880090813198059,0.2846514629583731,1.0,0.3390094607289465,0.7556112374610375,0.2679814659997166,0.683646748249392,-0.09156235623871918,0.6087744556494268,0.14720708266373958,0.7575249779597534,-0.08550665450793271,0.7536606673866445,0.3352660594542704,0.8751834052900916
-0.026780745551724106,0.38525982929055813,0.24162888816746397,0.6707600423966186,0.33428238341182515,0.8497635134835694,0.3390094607289465,1.0,0.08205962641195215,0.7121315333703536,0.212404084124175,0.20435838936267053,0.15869926054660177,0.7647960616991778,0.1992738612888067,0.5904687554497992,0.24128777096930995,0.7859844934716355,0.369715378091128
0.46457552947095876,-0.08872840212195413,0.5892786157241533,-0.17760595616091823,0.6375181368949779,0.0009522814169091637,0.7556112374610375,0.08205962641195215,1.0,0.22782107909073732,0.6249805171160485,-0.37215443139096355,0.2961972361402977,-0.2094625736263041,0.7943434287115787,-0.3873057379566777,0.5751825421822596,-0.015012828965595058,0.7550899170492673
-0.032762736270386915,0.32079349370357846,0.10596865399840856,0.45060670389978813,0.16768097908915422,0.5509554560904352,0.2679814659997166,0.7121315333703536,0.22782107909073732,1.0,0.13923164939372992,0.24343907157030387,0.04712095646635839,0.5537893370586785,0.37571772003071807,0.4710997583416015,0.1053201949494905,0.48255157844160834,0.2474246505578899
0.6108174756975455,0.07216362187023947,0.8154394234521298,0.08526918599911225,0.7759840838546838,0.21505887703021861,0.683646748249392,0.212404084124175,0.6249805171160485,0.13923164939372992,1.0,-0.2775990938068336,0.409524158487393,-0.0136440947671157,0.5886111157691644,-0.2636132329593809,0.725281533612559,0.23549759073612905,0.6956125703205686
-0.14266426195229684,0.49859729436230743,-0.14163893227038477,0.5105787347655147,-0.20277448107747448,0.3501571857558673,-0.09156235623871918,0.20435838936267053,-0.37215443139096355,0.24343907157030387,-0.2775990938068336,1.0,0.14684634000107732,0.5998107694524415,-0.10734282636895241,0.3316908455148042,-0.08450591676283928,0.31166338551514045,-0.3174573903452498
0.3620224020856349,0.09314856817454542,0.5885722226421048,0.19935790363586303,0.62812556443548,0.19440423619646263,0.6087744556494268,0.15869926054660177,0.2961972361402977,0.04712095646635839,0.409524158487393,0.14684634000107732,1.0,0.2228320005351543,0.4932800435860876,-0.027635187253041725,0.5020095844838405,0.27456612300914834,0.33236482493894826
-0.09450085065963612,0.4778884774873899,0.04331216279552212,0.6798850973173147,0.09168783141068282,0.7043375823931345,0.14720708266373958,0.7647960616991778,-0.2094625736263041,0.5537893370586785,-0.0136440947671157,0.5998107694524415,0.2228320005351543,1.0,0.059500252584730975,0.6251849992247751,0.06397976106408478,0.6264361113702223,0.034644447860978964
0.42389523026560216,0.027171775461485317,0.6154829261985534,0.0087025454568294,0.6581534367016482,0.17348882543482214,0.7575249779597534,0.1992738612888067,0.7943434287115787,0.37571772003071807,0.5886111157691644,-0.10734282636895241,0.4932800435860876,0.059500252584730975,1.0,-0.07371033220889342,0.5701505134184305,0.19041171552620287,0.6455190942290491
-0.19834552355607266,0.42751924389523216,-0.2622168462214787,0.5541972869739531,-0.18412175505119463,0.4755907226318198,-0.08550665450793271,0.5904687554497992,-0.3873057379566777,0.4710997583416015,-0.2636132329593809,0.3316908455148042,-0.027635187253041725,0.6251849992247751,-0.07371033220889342,1.0,-0.21750740345669886,0.3862558770924455,-0.11804787040817477
0.6303379592483903,0.16268057987494092,0.9192679871351516,0.3398735838740404,0.8417491069852184,0.3613123821432273,0.7536606673866445,0.24128777096930995,0.5751825421822596,0.1053201949494905,0.725281533612559,-0.08450591676283928,0.5020095844838405,0.06397976106408478,0.5701505134184305,-0.21750740345669886,1.0,0.35246024960538863,0.7217130889714455
0.02010260577857209,0.3947273158082306,0.3448717776363587,0.74468351657882,0.3941247711900679,0.9095155245866917,0.3352660594542704,0.7859844934716355,-0.015012828965595058,0.48255157844160834,0.23549759073612905,0.31166338551514045,0.27456612300914834,0.6264361113702223,0.19041171552620287,0.3862558770924455,0.35246024960538863,1.0,0.3058380600982284
0.47272276543348996,-0.033762267233120105,0.7351340775047034,0.009296803835162857,0.810922508535993,0.2690797356022563,0.8751834052900916,0.369715378091128,0.7550899170492673,0.2474246505578899,0.6956125703205686,-0.3174573903452498,0.33236482493894826,0.034644447860978964,0.6455190942290491,-0.11804787040817477,0.7217130889714455,0.3058380600982284,1.0
