0,1,2,3,4,5,6,7,8,9,10,11,12,13,14,15,16,17,18
1.0,0.7194799933241466,0.5460336266406622,0.43656316526397343,0.17882638750199634,0.24510224562312052,-0.16780736841740793,-0.07025524916512939,-0.06646178909238536,-0.25713704320660496,0.4897162131861615,0.4852060496712912,0.032881911572735706,0.3320785934611857,0.10786142817832307,0.21348625434590965,0.4569561952110347,0.1358545884559224,0.04665624308199732
0.7194799933241466,1.0,0.500053763187714,0.8148009519611681,0.24505507628080966,0.7180001171204469,-0.06195285659689028,-0.060409719791497174,0.057150865823280175,-0.16350218912924788,0.45172471422846583,0.8169204912653112,0.27207071829653023,0.7140402270300256,0.28464458894146816,0.6591891945446722,0.47778281974845754,0.5535235979200712,0.11277101196032195
0.5460336266406622,0.500053763187714,1.0,0.5791171686237652,0.6369819643338236,0.37107981958333086,-0.38657623868109287,-0.22390691128068185,-0.26088928021089175,-0.28020089602912834,0.5905935213337066,0.4442019221141079,-0.055131479176637944,0.31638099580983836,-0.07642732952979799,0.13558606520947025,0.7598194723217006,0.3053635237073806,-0.07094358310938485
0.43656316526397343,0.8148009519611681,0.5791171686237652,1.0,0.3507231633883257,0.8804076184493983,-0.10514409929486954,-0.06428531858682017,-0.025488983872879657,-0.07030591207239861,0.42037550442504856,0.8633093934255197,0.23007294297505884,0.7565312801510216,0.17938433710581192,0.6569993456426988,0.6716773025447901,0.7295886782256976,0.12034230724532931
0.17882638750199634,0.24505507628080966,0.6369819643338236,0.3507231633883257,1.0,0.335032604456884,-0.1300741805509332,-0.18300536887100344,-0.13453531746122155,-0.19846913328324794,0.30879049766075195,0.2172696056029174,-0.009176077971581167,0.11907086920818943,-0.2063560815219993,-0.01577370332102292,0.5470350053981489,0.3407644063619613,-0.0455154622592012
0.24510224562312052,0.7180001171204469,0.37107981958333086,0.8804076184493983,0.335032604456884,1.0,0.008669466040641742,-0.06401491727300496,0.058954441067381076,-0.0441490036576375,0.2747157010111851,0.7803497805003935,0.2749041371010364,0.757524364865495,0.18561255643431404,0.7203398361778929,0.44799013713370656,0.805261755895664,0.1873922792173142
-0.16780736841740793,-0.06195285659689028,-0.38657623868109287,-0.10514409929486954,-0.1300741805509332,0.008669466040641742,1.0,0.6712138879523005,0.10991223375723413,0.5473100927525575,-0.46289204146391705,-0.07604074245658045,-0.0990552624418625,-0.06520628181161858,-0.16135455524727793,-0.2746416059573294,-0.2375276039282134,-0.1664027866797876,0.6878497648745735
-0.07025524916512939,-0.060409719791497174,-0.22390691128068185,-0.06428531858682017,-0.18300536887100344,-0.06401491727300496,0.6712138879523005,1.0,-0.11880553333980949,0.7841006180070027,-0.23560994844986113,-0.04709545883612092,-0.03109428872409308,-0.04568970255885586,-0.1527005508269701,-0.25871921034781714,-0.1294134166818262,-0.13756605611074949,0.3446727904938545
-0.06646178909238536,0.057150865823280175,-0.26088928021089175,-0.025488983872879657,-0.13453531746122155,0.058954441067381076,0.10991223375723413,-0.11880553333980949,1.0,-0.19627426017338057,-0.46232563529940507,0.003819514143314476,0.12138846664972631,0.08369780625601575,0.37650054043493564,0.16369600970738674,-0.18739764739028195,0.06634252993085425,0.10908419613012325
-0.25713704320660496,-0.16350218912924788,-0.28020089602912834,-0.07030591207239861,-0.19846913328324794,-0.0441490036576375,0.5473100927525575,0.7841006180070027,-0.19627426017338057,1.0,-0.28127148586611145,-0.13952863442217936,-0.06226336308868865,-0.1268609058696372,-0.2601337912780635,-0.25224012827462616,-0.15954792359973802,-0.04129640340228343,0.2760475499997829
0.4897162131861615,0.45172471422846583,0.5905935213337066,0.42037550442504856,0.30879049766075195,0.2747157010111851,-0.46289204146391705,-0.23560994844986113,-0.46232563529940507,-0.28127148586611145,1.0,0.514450696674935,0.08125434011296673,0.387388821324818,-0.19326826340966946,0.15496131780701572,0.37490942746909417,0.22261849286184818,-0.1922323361740082
0.4852060496712912,0.8169204912653112,0.4442019221141079,0.8633093934255197,0.2172696056029174,0.7803497805003935,-0.07604074245658045,-0.04709545883612092,0.003819514143314476,-0.13952863442217936,0.514450696674935,1.0,0.31463437799025423,0.8851810932897809,0.27155931072692757,0.6899701184735747,0.4630843687510402,0.6404041444753544,0.0896990882404299
0.032881911572735706,0.27207071829653023,-0.055131479176637944,0.23007294297505884,-0.009176077971581167,0.2749041371010364,-0.0990552624418625,-0.03109428872409308,0.12138846664972631,-0.06226336308868865,0.08125434011296673,0.31463437799025423,1.0,0.3554772813407754,0.6209355463264723,0.21333779991004972,-0.14268092376677932,0.2273873859084273,-0.19460133800528523
0.3320785934611857,0.7140402270300256,0.31638099580983836,0.7565312801510216,0.11907086920818943,0.757524364865495,-0.06520628181161858,-0.04568970255885586,0.08369780625601575,-0.1268609058696372,0.387388821324818,0.8851810932897809,0.3554772813407754,1.0,0.36080622498647,0.791568480244921,0.3182135297944403,0.5976661061406977,0.11721549063708259
0.10786142817832307,0.28464458894146816,-0.07642732952979799,0.17938433710581192,-0.2063560815219993,0.18561255643431404,-0.16135455524727793,-0.1527005508269701,0.37650054043493564,-0.2601337912780635,-0.19326826340966946,0.27155931072692757,0.6209355463264723,0.36080622498647,1.0,0.4018044980419218,-0.09222857175969666,0.1314263695965428,-0.18607878045613446
0.21348625434590965,0.6591891945446722,0.13558606520947025,0.6569993456426988,-0.01577370332102292,0.7203398361778929,-0.2746416059573294,-0.25871921034781714,0.16369600970738674,-0.25224012827462616,0.15496131780701572,0.6899701184735747,0.21333779991004972,0.791568480244921,0.4018044980419218,1.0,0.19310265567252374,0.6098354281893325,-0.03549399771770743
0.4569561952110347,0.47778281974845754,0.7598194723217006,0.6716773025447901,0.5470350053981489,0.44799013713370656,-0.2375276039282134,-0.1294134166818262,-0.18739764739028195,-0.15954792359973802,0.37490942746909417,0.4630843687510402,-0.14268092376677932,0.3182135297944403,-0.09222857175969666,0.19310265567252374,1.0,0.3784540415193417,0.08938206438417154
0.1358545884559224,0.5535235979200712,0.3053635237073806,0.7295886782256976,0.3407644063619613,0.805261755895664,-0.1664027866797876,-0.13756605611074949,0.06634252993085425,-0.04129640340228343,0.22261849286184818,0.6404041444753544,0.2273873859084273,0.5976661061406977,0.1314263695965428,0.6098354281893325,0.3784540415193417,1.0,-0.09355856541774761
0.04665624308199732,0.11277101196032195,-0.07094358310938485,0.12034230724532931,-0.0455154622592012,0.1873922792173142,0.6878497648745735,0.3446727904938545,0.10908419613012325,0.2760475499997829,-0.1922323361740082,0.0896990882404299,-0.19460133800528523,0.11721549063708259,-0.18607878045613446,-0.03549399771770743,0.08938206438417154,-0.09355856541774761,1.0
