0,1,2,3,4,5,6,7,8,9,10,11,12,13,14,15,16,17,18
1.0,0.6990939404031179,0.6073969612392652,0.48469814163278985,0.3417864660978968,0.20466738437142692,-0.18145031491775115,0.018970134920260198,-0.2546031495578627,-0.10404871119751374,0.459787627392206,0.44900148650610955,-0.07857856479002663,0.287840808972071,-0.21940815897497595,0.02528102591059996,0.553736625176805,0.17843664422301603,-0.10559165838325743
0.6990939404031179,1.0,0.5648766343231526,0.7650927380585243,0.38888546509077515,0.5711100937255846,0.02636141951760428,0.2550934613718103,-0.1348145671445757,0.0917587855305278,0.5369516128294666,0.6932955488812641,0.1340512767369635,0.43731168057736464,-0.025331742035214176,0.30875275527511487,0.5251496277495921,0.38159370346041477,-0.07821148457933486
0.6073969612392652,0.5648766343231526,1.0,0.6191831706753894,0.663480126440062,0.3772672980533462,-0.4022855245962363,-0.01058351193100094,-0.5221971460262256,-0.15232190297242476,0.6584593034600931,0.4991020683258922,-0.18694746745195157,0.38648935690539,-0.29623182740497994,0.09773500933686957,0.7195098452002519,0.2893328945651995,-0.20517717253031925
0.48469814163278985,0.7650927380585243,0.6191831706753894,1.0,0.5077618619254466,0.7644239762396163,-0.01246682110459804,0.2602985465377051,-0.1726995223704993,0.07140324514110163,0.545120568348135,0.8010985799182887,0.16265753430496965,0.6142979728934334,0.024068038944145016,0.39674157490481254,0.7561446031961824,0.5294343643977601,-0.15011832024289143
0.3417864660978968,0.38888546509077515,0.663480126440062,0.5077618619254466,1.0,0.5067788403651451,0.037419331053109836,0.050960521507790686,-0.22963821214397723,-0.10227882281180163,0.30953837579267884,0.36969017043242297,-0.08436477335089901,0.2943627638443681,-0.28549118566587517,-0.010611875356055903,0.6315589195388804,0.39985958305924385,0.044060200060457404
0.20466738437142692,0.5711100937255846,0.3772672980533462,0.7644239762396163,0.5067788403651451,1.0,0.20335578602659635,0.3585691262152378,-0.06928445550745567,0.11551849252249059,0.38408776529084465,0.6593654588206173,0.1278240789284261,0.5346048184022916,0.04903862123044335,0.4831930515825186,0.45959361587667974,0.5669489299476866,0.09089458317931942
-0.18145031491775115,0.02636141951760428,-0.4022855245962363,-0.01246682110459804,0.037419331053109836,0.20335578602659635,1.0,0.28194620983628144,0.6763667365825089,0.20841737350796558,-0.4350326693021246,0.08229535620240065,0.06546871456699624,0.03767598290282223,-0.03159320059465085,-0.1685062728142605,-0.20130821529614293,-0.005454903459602194,0.5818632249775727
0.018970134920260198,0.2550934613718103,-0.01058351193100094,0.2602985465377051,0.050960521507790686,0.3585691262152378,0.28194620983628144,1.0,0.06951891183348881,0.7782638010135993,0.1309208734415054,0.28393154253320985,0.015349617477105528,0.2838787688707781,-0.12637032950822324,0.32512983152302954,-0.012175336318317825,0.2658914020698004,0.2062709425106376
-0.2546031495578627,-0.1348145671445757,-0.5221971460262256,-0.1726995223704993,-0.22963821214397723,-0.06928445550745567,0.6763667365825089,0.06951891183348881,1.0,0.17790597809507327,-0.539196193099873,-0.08203061329810932,0.0919943253707146,-0.12148569346664376,0.12337829168499174,-0.23450493136708073,-0.3202033627471617,-0.1320269256658328,0.4029684542440536
-0.10404871119751374,0.0917587855305278,-0.15232190297242476,0.07140324514110163,-0.10227882281180163,0.11551849252249059,0.20841737350796558,0.7782638010135993,0.17790597809507327,1.0,-0.053117613524398935,0.08530092099503417,-0.05728672595664112,0.07617986161304956,-0.10470687893252156,0.18627914105219118,-0.18518578195303748,0.12291097804356137,0.046706291925744235
0.459787627392206,0.5369516128294666,0.6584593034600931,0.545120568348135,0.30953837579267884,0.38408776529084465,-0.4350326693021246,0.1309208734415054,-0.539196193099873,-0.053117613524398935,1.0,0.6563957457415045,0.1229481990381194,0.6676142108645385,-0.026447284553717417,0.3642220353693396,0.4107132551419102,0.24493676772328757,-0.23063753963217698
0.44900148650610955,0.6932955488812641,0.4991020683258922,0.8010985799182887,0.36969017043242297,0.6593654588206173,0.08229535620240065,0.28393154253320985,-0.08203061329810932,0.08530092099503417,0.6563957457415045,1.0,0.3345182224935152,0.8686857832683812,0.13275163984308205,0.5621585862614995,0.5371288555631873,0.44766609632688026,-0.030277593476936253
-0.07857856479002663,0.1340512767369635,-0.18694746745195157,0.16265753430496965,-0.08436477335089901,0.1278240789284261,0.06546871456699624,0.015349617477105528,0.0919943253707146,-0.05728672595664112,0.1229481990381194,0.3345182224935152,1.0,0.4109985340131665,0.6970208494479218,0.24919543729154325,-0.10105505448766428,0.09013764015750217,-0.08987972322303377
0.287840808972071,0.43731168057736464,0.38648935690539,0.6142979728934334,0.2943627638443681,0.5346048184022916,0.03767598290282223,0.2838787688707781,-0.12148569346664376,0.07617986161304956,0.6676142108645385,0.8686857832683812,0.4109985340131665,1.0,0.24713059122907996,0.6581430640094929,0.4003016548060939,0.39363396127662503,0.02510674836993835
-0.21940815897497595,-0.025331742035214176,-0.29623182740497994,0.024068038944145016,-0.28549118566587517,0.04903862123044335,-0.03159320059465085,-0.12637032950822324,0.12337829168499174,-0.10470687893252156,-0.026447284553717417,0.13275163984308205,0.6970208494479218,0.24713059122907996,1.0,0.2875099636422768,-0.22667295484236968,0.040932245004908,-0.11087148475307368
0.02528102591059996,0.30875275527511487,0.09773500933686957,0.39674157490481254,-0.010611875356055903,0.4831930515825186,-0.1685062728142605,0.32512983152302954,-0.23450493136708073,0.18627914105219118,0.3642220353693396,0.5621585862614995,0.24919543729154325,0.6581430640094929,0.2875099636422768,1.0,0.11758598904844988,0.28513629677953045,-0.04163030767287537
0.553736625176805,0.5251496277495921,0.7195098452002519,0.7561446031961824,0.6315589195388804,0.45959361587667974,-0.20130821529614293,-0.012175336318317825,-0.3202033627471617,-0.18518578195303748,0.4107132551419102,0.5371288555631873,-0.10105505448766428,0.4003016548060939,-0.22667295484236968,0.11758598904844988,1.0,0.3878435030075558,-0.13093313345117336
0.17843664422301603,0.38159370346041477,0.2893328945651995,0.5294343643977601,0.39985958305924385,0.5669489299476866,-0.005454903459602194,0.2658914020698004,-0.1320269256658328,0.12291097804356137,0.24493676772328757,0.44766609632688026,0.09013764015750217,0.39363396127662503,0.040932245004908,0.28513629677953045,0.3878435030075558,1.0,-0.06541869548086965
-0.10559165838325743,-0.07821148457933486,-0.20517717253031925,-0.15011832024289143,0.044060200060457404,0.09089458317931942,0.5818632249775727,0.2062709425106376,0.4029684542440536,0.046706291925744235,-0.23063753963217698,-0.030277593476936253,-0.08987972322303377,0.02510674836993835,-0.11087148475307368,-0.04163030767287537,-0.13093313345117336,-0.06541869548086965,1.0
