0,1,2,3,4,5,6,7,8,9,10,11,12,13,14,15,16,17,18
1.0,0.6500302068302812,0.551419934508179,0.44434404032325026,0.20880470911704607,0.1520881591309757,-0.4135308256277578,-0.27676877952008444,-0.25435990682843745,-0.22150579902687584,0.48123456121488795,0.4282923197858471,-0.12629499974334207,0.24178766701559273,-0.1605215388404251,0.05881391408754713,0.5302548875508996,0.06368405859582045,-0.3469890867365533
0.6500302068302812,1.0,0.4733456370965653,0.7058777404916062,0.2188983890800823,0.4779997021547588,-0.13909252634737654,0.14199189275870738,-0.15066039026959743,-0.1958083197744228,0.5119413578410703,0.6770970330918203,0.18144739686350853,0.3960109602542538,0.1283428161803076,0.34637046100165736,0.4499402733450309,0.402883151547543,-0.13623595356540594
0.551419934508179,0.4733456370965653,1.0,0.5831726738941472,0.5002738028430879,0.1918092750279882,-0.5879673717237097,-0.35897229454770313,-0.5160627839899892,-0.3372779372311133,0.6755607251644179,0.425253787043935,-0.2419247033917291,0.15575036412807014,-0.36285961037421244,-0.08412365816800445,0.6755125153666166,0.2476583814599643,-0.3799902954494072
0.44434404032325026,0.7058777404916062,0.5831726738941472,1.0,0.4124309080395872,0.7214981145940692,-0.2136446530667771,0.18139021002852365,-0.26243898910410723,-0.23088894664249587,0.4171065168594395,0.74245043337145,0.0574110858837,0.40993894205710363,0.01015333028459167,0.3334174001972161,0.7511859175510341,0.6861643774663118,-0.11824613330159911
0.20880470911704607,0.2188983890800823,0.5002738028430879,0.4124309080395872,1.0,0.43459484635304957,-0.06489510089008466,-0.07234047345330695,-0.19245382091650917,-0.07799380939142912,0.13800716740456573,0.14439339378909713,-0.08229340591596089,-0.06627775614523934,-0.19910142610040274,-0.18102034087223343,0.49362481571755673,0.5807971075143632,-0.12465409647863214
0.1520881591309757,0.4779997021547588,0.1918092750279882,0.7214981145940692,0.43459484635304957,1.0,0.16290853510074071,0.4996814474647144,-0.0928647489631964,-0.12739684654557035,0.11962208330514346,0.5310029701931259,0.16152763608943108,0.40420494124314266,0.1285376648280789,0.4398357471633219,0.41874821195265366,0.8570139655989014,0.16513807767572472
-0.4135308256277578,-0.13909252634737654,-0.5879673717237097,-0.2136446530667771,-0.06489510089008466,0.16290853510074071,1.0,0.5397538136338358,0.4836569235088992,0.2796592319408543,-0.6000325205888956,-0.12846498314090196,0.08369651027966388,-0.08312430477424876,0.12123699045453694,-0.10814284876194798,-0.3991396455860841,0.11435562246094041,0.5641954607460193
-0.27676877952008444,0.14199189275870738,-0.35897229454770313,0.18139021002852365,-0.07234047345330695,0.4996814474647144,0.5397538136338358,1.0,0.33500415895935703,0.36249537891627714,-0.2923623504207961,0.15834038139789103,0.09654577562091507,0.23701791525989674,0.13055783750581373,0.4362339195451429,-0.16797270391425984,0.38658454606050546,0.6242955078808108
-0.25435990682843745,-0.15066039026959743,-0.5160627839899892,-0.26243898910410723,-0.19245382091650917,-0.0928647489631964,0.4836569235088992,0.33500415895935703,1.0,0.5136917520830243,-0.49440208054610796,-0.1647890633967772,-0.11204037450687715,-0.17524957570580202,0.15429056341004055,-0.20993035449608222,-0.30403636403878953,-0.10746214964599154,0.4059046784893059
-0.22150579902687584,-0.1958083197744228,-0.3372779372311133,-0.23088894664249587,-0.07799380939142912,-0.12739684654557035,0.2796592319408543,0.36249537891627714,0.5136917520830243,1.0,-0.2310177908530986,-0.09738210943931402,-0.16167848509437882,0.011753378797914582,-0.20735266484349013,-0.13034160558197172,-0.3072146433419801,-0.07809990658981826,0.2879789408622972
0.48123456121488795,0.5119413578410703,0.6755607251644179,0.4171065168594395,0.13800716740456573,0.11962208330514346,-0.6000325205888956,-0.2923623504207961,-0.49440208054610796,-0.2310177908530986,1.0,0.5475922100639556,-0.021248030078710154,0.3333926652967295,-0.23646141787713024,0.02530905695690368,0.2832163203211674,0.10551676013843886,-0.3579195295951443
0.4282923197858471,0.6770970330918203,0.425253787043935,0.74245043337145,0.14439339378909713,0.5310029701931259,-0.12846498314090196,0.15834038139789103,-0.1647890633967772,-0.09738210943931402,0.5475922100639556,1.0,0.16690871182258463,0.659387332956181,0.05696642419284057,0.38783027635523004,0.4209018835895164,0.4342602424212154,-0.06486632937236833
-0.12629499974334207,0.18144739686350853,-0.2419247033917291,0.0574110858837,-0.08229340591596089,0.16152763608943108,0.08369651027966388,0.09654577562091507,-0.11204037450687715,-0.16167848509437882,-0.021248030078710154,0.16690871182258463,1.0,0.29289088268460856,0.7207068417581364,0.21517832351212896,-0.21499550854759053,0.08654346635394411,-0.009049314198549178
0.24178766701559273,0.3960109602542538,0.15575036412807014,0.40993894205710363,-0.06627775614523934,0.40420494124314266,-0.08312430477424876,0.23701791525989674,-0.17524957570580202,0.011753378797914582,0.3333926652967295,0.659387332956181,0.29289088268460856,1.0,0.16330106463704133,0.6628066493091037,0.15451806950743194,0.24730324276692206,0.026378201587998144
-0.1605215388404251,0.1283428161803076,-0.36285961037421244,0.01015333028459167,-0.19910142610040274,0.1285376648280789,0.12123699045453694,0.13055783750581373,0.15429056341004055,-0.20735266484349013,-0.23646141787713024,0.05696642419284057,0.7207068417581364,0.16330106463704133,1.0,0.25504758447685644,-0.18900198707259866,0.056664990554965794,0.04954219385114454
0.05881391408754713,0.34637046100165736,-0.08412365816800445,0.3334174001972161,-0.18102034087223343,0.4398357471633219,-0.10814284876194798,0.4362339195451429,-0.20993035449608222,-0.13034160558197172,0.02530905695690368,0.38783027635523004,0.21517832351212896,0.6628066493091037,0.25504758447685644,1.0,0.03797937508304148,0.27033928884200953,0.11923557476069048
0.5302548875508996,0.4499402733450309,0.6755125153666166,0.7511859175510341,0.49362481571755673,0.41874821195265366,-0.3991396455860841,-0.16797270391425984,-0.30403636403878953,-0.3072146433419801,0.2832163203211674,0.4209018835895164,-0.21499550854759053,0.15451806950743194,-0.18900198707259866,0.03797937508304148,1.0,0.46386614662933456,-0.21031309088590247
0.06368405859582045,0.402883151547543,0.2476583814599643,0.6861643774663118,0.5807971075143632,0.8570139655989014,0.11435562246094041,0.38658454606050546,-0.10746214964599154,-0.07809990658981826,0.10551676013843886,0.4342602424212154,0.08654346635394411,0.24730324276692206,0.056664990554965794,0.27033928884200953,0.46386614662933456,1.0,0.14158213807404205
-0.3469890867365533,-0.13623595356540594,-0.3799902954494072,-0.11824613330159911,-0.12465409647863214,0.16513807767572472,0.5641954607460193,0.6242955078808108,0.4059046784893059,0.2879789408622972,-0.3579195295951443,-0.06486632937236833,-0.009049314198549178,0.026378201587998144,0.04954219385114454,0.11923557476069048,-0.21031309088590247,0.14158213807404205,1.0
