0,1,2,3,4,5,6,7,8,9,10,11,12,13,14,15,16,17,18
1.0,0.7208360830078107,0.8325599438933782,0.6522604611998009,0.4414034245634311,0.46372004814219153,-0.0624127819652629,-0.03287535680000379,-0.37776249433496806,0.035115212551341465,0.5848310373674996,0.5637193363696863,0.4198324418706452,0.25221227972461135,-0.2092222700254745,-0.020946714193768028,0.7629240536016026,0.6381246300460585,-0.14991427977374835
0.7208360830078107,1.0,0.6720561327475133,0.8996352850211091,0.3194153396807312,0.5633693340867738,0.060416538916569985,-0.007087656136236127,-0.17967970345311401,0.027418394390904526,0.464384549245895,0.8146313564259202,0.3706196682381465,0.2977291185403646,-0.06824295873109532,-0.055334339981152704,0.7972755690161472,0.7173940355209829,-0.07666863951716973
0.8325599438933782,0.6720561327475133,1.0,0.7201507906015355,0.7866239184058513,0.7031239656564656,0.3706483479529104,0.2987871843816136,-0.15215469078934157,0.10534847367893864,0.48388052745723364,0.5903400288249282,0.7164028812152546,0.5841578088923642,-0.06805731671472988,0.15918071326451783,0.6026567569752269,0.8054264330941805,0.09448929972910534
0.6522604611998009,0.8996352850211091,0.7201507906015355,1.0,0.4272032025239533,0.6468188773582446,0.2770057245297655,0.17341397839295786,-0.07019517800936234,0.05978414609032827,0.44262527010238806,0.7901880642209762,0.4524513196671816,0.43053141701823705,0.021064153892654394,0.05527807058265547,0.7200810366185619,0.696638956530537,0.0033860764605771992
0.4414034245634311,0.3194153396807312,0.7866239184058513,0.4272032025239533,1.0,0.67187325676431,0.7334241811094617,0.48088337848271084,0.06811446389582686,0.128106319551064,0.24311082987552327,0.3041764142308283,0.8085208698840701,0.8448695348873053,0.09872587957534568,0.3561613253316665,0.13995855406168692,0.6966133658800197,0.23567436972903907
0.46372004814219153,0.5633693340867738,0.7031239656564656,0.6468188773582446,0.67187325676431,1.0,0.5886038757346215,0.4871761091128945,0.19164414556560083,0.15327782665502734,0.4260095115009799,0.6820144562454664,0.7196055397263356,0.7785945040773682,0.27959847235226704,0.2827143487422756,0.34080297116942015,0.7425945663275194,0.4700021872051958
-0.0624127819652629,0.060416538916569985,0.3706483479529104,0.2770057245297655,0.7334241811094617,0.5886038757346215,1.0,0.7479206660503859,0.5361464380258646,0.20972958658488672,0.018795322427586754,0.15460695243231484,0.6469882185564533,0.8323657220511338,0.496919335887267,0.5399992860188768,-0.19169586542728057,0.3905120703982712,0.3841520342113787
-0.03287535680000379,-0.007087656136236127,0.2987871843816136,0.17341397839295786,0.48088337848271084,0.4871761091128945,0.7479206660503859,1.0,0.5973323202048457,0.47349102978344026,0.11984849983825425,0.07658407485618506,0.5097709819928525,0.5407899580890418,0.4303749040744989,0.48365069166162916,-0.11892179946758387,0.2731609766986197,0.7100582138314516
-0.37776249433496806,-0.17967970345311401,-0.15215469078934157,-0.07019517800936234,0.06811446389582686,0.19164414556560083,0.5361464380258646,0.5973323202048457,1.0,0.21652167373378475,-0.12186504192430396,-0.04478817971339125,0.09331070223824171,0.2853183121221931,0.6666372258200975,0.5233905839212373,-0.37715824444486357,-0.043309431994373475,0.4102838243065121
0.035115212551341465,0.027418394390904526,0.10534847367893864,0.05978414609032827,0.128106319551064,0.15327782665502734,0.20972958658488672,0.47349102978344026,0.21652167373378475,1.0,0.12477459304491066,0.06039336375053278,0.1682146962856742,0.13121787292128814,0.17285605981633584,0.16579366212282165,-0.011054635786995202,0.09942983882460521,0.2287634132309376
0.5848310373674996,0.464384549245895,0.48388052745723364,0.44262527010238806,0.24311082987552327,0.4260095115009799,0.018795322427586754,0.11984849983825425,-0.12186504192430396,0.12477459304491066,1.0,0.551688791035716,0.45687821580282084,0.22079853818056763,0.05821978924676622,0.09110609092026205,0.24646998254251815,0.3700501425673137,0.004736478044230285
0.5637193363696863,0.8146313564259202,0.5903400288249282,0.7901880642209762,0.3041764142308283,0.6820144562454664,0.15460695243231484,0.07658407485618506,-0.04478817971339125,0.06039336375053278,0.551688791035716,1.0,0.43539355518217177,0.4055380738587021,0.09466194087656499,0.010232924435031798,0.5764429707653383,0.5882748515053041,0.08109099920820313
0.4198324418706452,0.3706196682381465,0.7164028812152546,0.4524513196671816,0.8085208698840701,0.7196055397263356,0.6469882185564533,0.5097709819928525,0.09331070223824171,0.1682146962856742,0.45687821580282084,0.43539355518217177,1.0,0.7398102607755529,0.17263012087189972,0.34608845212027756,0.10901034493417883,0.6936035250025661,0.27918447627771814
0.25221227972461135,0.2977291185403646,0.5841578088923642,0.43053141701823705,0.8448695348873053,0.7785945040773682,0.8323657220511338,0.5407899580890418,0.2853183121221931,0.13121787292128814,0.22079853818056763,0.4055380738587021,0.7398102607755529,1.0,0.3942940056184017,0.5371560098892839,0.08196885188978821,0.5861227749054914,0.31503234117304557
-0.2092222700254745,-0.06824295873109532,-0.06805731671472988,0.021064153892654394,0.09872587957534568,0.27959847235226704,0.496919335887267,0.4303749040744989,0.6666372258200975,0.17285605981633584,0.05821978924676622,0.09466194087656499,0.17263012087189972,0.3942940056184017,1.0,0.6157032703223492,-0.25132138291432865,0.0032559051902774933,0.16085950778751362
-0.020946714193768028,-0.055334339981152704,0.15918071326451783,0.05527807058265547,0.3561613253316665,0.2827143487422756,0.5399992860188768,0.48365069166162916,0.5233905839212373,0.16579366212282165,0.09110609092026205,0.010232924435031798,0.34608845212027756,0.5371560098892839,0.6157032703223492,1.0,-0.14749370294104336,0.0786258098403214,0.15627503584390934
0.7629240536016026,0.7972755690161472,0.6026567569752269,0.7200810366185619,0.13995855406168692,0.34080297116942015,-0.19169586542728057,-0.11892179946758387,-0.37715824444486357,-0.011054635786995202,0.24646998254251815,0.5764429707653383,0.10901034493417883,0.08196885188978821,-0.25132138291432865,-0.14749370294104336,1.0,0.5276126209525789,-0.22793628391254234
0.6381246300460585,0.7173940355209829,0.8054264330941805,0.696638956530537,0.6966133658800197,0.7425945663275194,0.3905120703982712,0.2731609766986197,-0.043309431994373475,0.09942983882460521,0.3700501425673137,0.5882748515053041,0.6936035250025661,0.5861227749054914,0.0032559051902774933,0.0786258098403214,0.5276126209525789,1.0,0.2589200564592558
-0.14991427977374835,-0.07666863951716973,0.09448929972910534,0.0033860764605771992,0.23567436972903907,0.4700021872051958,0.3841520342113787,0.7100582138314516,0.4102838243065121,0.2287634132309376,0.004736478044230285,0.08109099920820313,0.27918447627771814,0.31503234117304557,0.16085950778751362,0.15627503584390934,-0.22793628391254234,0.2589200564592558,1.0
