0,1,2,3,4,5,6,7,8,9,10,11,12,13,14,15,16,17,18
1.0,0.834346350718357,0.8890814841125586,0.7889692956201728,0.6716769954298637,0.6161159381854063,0.21421379947612687,0.4067967382134499,0.07881719699597553,0.35527066405647245,0.7797284832640409,0.648195303633541,0.6267781303189048,0.5680047582689093,0.18442493418060474,0.2877708596432352,0.8118061361618082,0.7441398932967098,0.16260927368169134
0.834346350718357,1.0,0.7871802885508855,0.924243548554479,0.6114696540848829,0.6601068526503461,0.33731909684744127,0.39311463990346307,0.18405210093068214,0.38654503724773803,0.6663735444088009,0.8024526049833003,0.6141190373920541,0.6170713115661939,0.3160670032731896,0.318597586736706,0.8157023705074847,0.7843381293546848,0.16871300881768483
0.8890814841125586,0.7871802885508855,1.0,0.7269694018725165,0.8614949917568017,0.7461631599027818,0.41800287665641345,0.5608508785342403,0.21477367007745363,0.500239840739082,0.7501402112700558,0.6853604932297916,0.8076684198814649,0.6566367136423314,0.2651097232865484,0.3691571456836463,0.6414870630142487,0.8582585957875368,0.3643067868360438
0.7889692956201728,0.924243548554479,0.7269694018725165,1.0,0.5285079471548718,0.5984562353343297,0.23915617903286907,0.3187971605723528,0.10764292401084812,0.30991210311777256,0.6416607117200793,0.741536007336822,0.5216680937297389,0.5557615427081917,0.2779696814135906,0.2809561797613379,0.7932266839556871,0.7284553657091147,0.1416746675570069
0.6716769954298637,0.6114696540848829,0.8614949917568017,0.5285079471548718,1.0,0.7677807334744258,0.6264229306689147,0.6081263562165877,0.2833781981721375,0.5258433533284603,0.6257895018967052,0.5945999369684447,0.8254629388601394,0.7306879475871798,0.3218737936690078,0.34958345447396766,0.3766035594965235,0.8094390489945684,0.4479310974551154
0.6161159381854063,0.6601068526503461,0.7461631599027818,0.5984562353343297,0.7677807334744258,1.0,0.7507674867419182,0.7441883433778254,0.49983906001610084,0.6403768080857255,0.6074351082318322,0.7908215769960157,0.8330454109425945,0.9230532420054086,0.5840746566875096,0.5848833571234026,0.4189508925160314,0.7694914209028342,0.6722089088447126
0.21421379947612687,0.33731909684744127,0.41800287665641345,0.23915617903286907,0.6264229306689147,0.7507674867419182,1.0,0.8066428250586717,0.735611959430154,0.7418495431805465,0.29170291986842795,0.5026953867482749,0.6692618608012181,0.7232656076242784,0.7121166957820971,0.6374054775722002,-0.033362670073842846,0.5204969246029935,0.6818022084616457
0.4067967382134499,0.39311463990346307,0.5608508785342403,0.3187971605723528,0.6081263562165877,0.7441883433778254,0.8066428250586717,1.0,0.7652527219567453,0.9584560336004487,0.42261695535176014,0.47345395286643577,0.6837652011558664,0.6568923601739305,0.591772160452335,0.7584579989954265,0.16633790111675548,0.5606118849977186,0.8606884172300275
0.07881719699597553,0.18405210093068214,0.21477367007745363,0.10764292401084812,0.2833781981721375,0.49983906001610084,0.735611959430154,0.7652527219567453,1.0,0.7896419969829336,0.14815838387906186,0.3354854888459488,0.3882785326136025,0.46512814618374815,0.6997723292302493,0.7229514442771605,-0.06986302072280527,0.27416031724747236,0.6167643226125876
0.35527066405647245,0.38654503724773803,0.500239840739082,0.30991210311777256,0.5258433533284603,0.6403768080857255,0.7418495431805465,0.9584560336004487,0.7896419969829336,1.0,0.35319057315114244,0.431434592691111,0.597149790803907,0.5658283923227297,0.5567278762204667,0.7588514836999323,0.16090169555090714,0.4949562582020863,0.8018118430119031
0.7797284832640409,0.6663735444088009,0.7501402112700558,0.6416607117200793,0.6257895018967052,0.6074351082318322,0.29170291986842795,0.42261695535176014,0.14815838387906186,0.35319057315114244,1.0,0.6326710034007632,0.6751538991421412,0.5667321259260961,0.2800865812348177,0.341336076258237,0.47622905891158085,0.6557176322455613,0.17706777630699946
0.648195303633541,0.8024526049833003,0.6853604932297916,0.741536007336822,0.5945999369684447,0.7908215769960157,0.5026953867482749,0.47345395286643577,0.3354854888459488,0.431434592691111,0.6326710034007632,1.0,0.6808206635330143,0.783312741156333,0.47204148614175984,0.4187621243841688,0.5548271332111178,0.669449953325748,0.3665949626682921
0.6267781303189048,0.6141190373920541,0.8076684198814649,0.5216680937297389,0.8254629388601394,0.8330454109425945,0.6692618608012181,0.6837652011558664,0.3882785326136025,0.597149790803907,0.6751538991421412,0.6808206635330143,1.0,0.752518221104978,0.45897848673087727,0.4962471685695407,0.3185795559424696,0.7939471739387973,0.5171634534447433
0.5680047582689093,0.6170713115661939,0.6566367136423314,0.5557615427081917,0.7306879475871798,0.9230532420054086,0.7232656076242784,0.6568923601739305,0.46512814618374815,0.5658283923227297,0.5667321259260961,0.783312741156333,0.752518221104978,1.0,0.6342490037111412,0.590611158452036,0.4200093049579956,0.6634310804764334,0.551187266018236
0.18442493418060474,0.3160670032731896,0.2651097232865484,0.2779696814135906,0.3218737936690078,0.5840746566875096,0.7121166957820971,0.591772160452335,0.6997723292302493,0.5567278762204667,0.2800865812348177,0.47204148614175984,0.45897848673087727,0.6342490037111412,1.0,0.6970123544026984,0.06927346792586087,0.3312157539741572,0.39677244818481266
0.2877708596432352,0.318597586736706,0.3691571456836463,0.2809561797613379,0.34958345447396766,0.5848833571234026,0.6374054775722002,0.7584579989954265,0.7229514442771605,0.7588514836999323,0.341336076258237,0.4187621243841688,0.4962471685695407,0.590611158452036,0.6970123544026984,1.0,0.15837987953528437,0.3477622328269257,0.584146126648864
0.8118061361618082,0.8157023705074847,0.6414870630142487,0.7932266839556871,0.3766035594965235,0.4189508925160314,-0.033362670073842846,0.16633790111675548,-0.06986302072280527,0.16090169555090714,0.47622905891158085,0.5548271332111178,0.3185795559424696,0.4200093049579956,0.06927346792586087,0.15837987953528437,1.0,0.5739424502160414,-0.060441917968896954
0.7441398932967098,0.7843381293546848,0.8582585957875368,0.7284553657091147,0.8094390489945684,0.7694914209028342,0.5204969246029935,0.5606118849977186,0.27416031724747236,0.4949562582020863,0.6557176322455613,0.669449953325748,0.7939471739387973,0.6634310804764334,0.3312157539741572,0.3477622328269257,0.5739424502160414,1.0,0.4478261497847554
0.16260927368169134,0.16871300881768483,0.3643067868360438,0.1416746675570069,0.4479310974551154,0.6722089088447126,0.6818022084616457,0.8606884172300275,0.6167643226125876,0.8018118430119031,0.17706777630699946,0.3665949626682921,0.5171634534447433,0.551187266018236,0.39677244818481266,0.584146126648864,-0.060441917968896954,0.4478261497847554,1.0
