0,1,2,3,4,5,6,7,8,9,10,11,12,13,14,15,16,17,18
1.0,0.4989638601153317,0.6708814067251665,0.20337222087813014,0.5424009121379704,-0.05856095027162596,0.2624614910585134,-0.33869051758027124,0.1823115091787373,-0.3791202848250278,0.811376007219219,0.3760754506763247,0.2579278965521822,0.1461008707720226,0.10018019905744252,-0.2099258222670613,0.8872702393512127,0.03358507807747892,0.3050248927542569
0.4989638601153317,1.0,-0.051096379533224885,0.41153181887337725,-0.19052935943788177,0.16733676753879104,-0.4688637481434536,-0.7528553406181185,-0.5491100007850195,-0.712188066666194,0.07756973051345578,0.6952538062631732,-0.38906915473363746,-0.18844687826398598,-0.5716301134064313,-0.5837683409986871,0.3995564360150085,-0.003914572419523055,-0.48098786238248376
0.6708814067251665,-0.051096379533224885,1.0,0.2697496225236886,0.8728919845183084,0.216912828683536,0.5998928363177446,0.18735947043928367,0.5490970455101005,0.009082576982274939,0.8084818088092784,0.03732623337492113,0.5730394464669332,0.4528141537959455,0.48852583649669595,0.08152688969079679,0.8319745176544874,0.41665351287900715,0.7607842547694494
0.20337222087813014,0.41153181887337725,0.2697496225236886,1.0,0.3336300618864026,0.4665895279334541,0.04174853106120239,-0.18867410963281844,-0.266863222263048,-0.41905852910832364,0.15963820030597156,0.3991973414668544,0.29013865513314796,0.0035142939666503933,-0.06803126036891446,-0.44194723945483566,0.3425569040923637,0.2410012014454876,-0.12104346430702757
0.5424009121379704,-0.19052935943788177,0.8728919845183084,0.3336300618864026,1.0,0.10348110451205164,0.8013701767274911,0.3081310428022288,0.5757444927813952,0.08428071789079947,0.7912818507592645,-0.026408870947809845,0.7950817849807039,0.37388926548442686,0.680254593695183,0.06692656700020543,0.6787646152245956,0.23164793294225342,0.733476771405775
-0.05856095027162596,0.16733676753879104,0.216912828683536,0.4665895279334541,0.10348110451205164,1.0,-0.1065927352840228,0.008686842311049776,-0.1256684542201944,-0.23155485362222336,-0.01940652437788597,0.2229113162277837,-0.023274230155945354,0.42070825466882805,-0.09946197356362307,-0.2146235685583907,0.14607924744640008,0.5218001644973068,0.06094120681089266
0.2624614910585134,-0.4688637481434536,0.5998928363177446,0.04174853106120239,0.8013701767274911,-0.1065927352840228,1.0,0.5300106774032098,0.8102062830633909,0.32181192937056463,0.606226239885875,-0.23666699975946975,0.8273337460759227,0.36589392562811845,0.9061743322773333,0.28378987132182343,0.37297053928646906,-0.01035180280048755,0.7504047377024884
-0.33869051758027124,-0.7528553406181185,0.18735947043928367,-0.18867410963281844,0.3081310428022288,0.008686842311049776,0.5300106774032098,1.0,0.6066583995699311,0.6700095993543089,-0.013770054416935521,-0.6603513757352594,0.3856174260877608,0.07051365786411982,0.5605118475573938,0.3671129610383403,-0.16999402986572784,-0.042639154731028896,0.6678589108754708
0.1823115091787373,-0.5491100007850195,0.5490970455101005,-0.266863222263048,0.5757444927813952,-0.1256684542201944,0.8102062830633909,0.6066583995699311,1.0,0.5421628025865091,0.4759557185600836,-0.4065483343334897,0.5717958095807052,0.3324480519985156,0.8433027418712249,0.5334016941648938,0.3179918208684124,0.0007950024887349811,0.8182377273303653
-0.3791202848250278,-0.712188066666194,0.009082576982274939,-0.41905852910832364,0.08428071789079947,-0.23155485362222336,0.32181192937056463,0.6700095993543089,0.5421628025865091,1.0,-0.12285484776376591,-0.695913201207096,0.19615776331615078,-0.07966012245174073,0.4340749527056167,0.4435974749878328,-0.24929053581503952,-0.18301198665780025,0.4459191119143847
0.811376007219219,0.07756973051345578,0.8084818088092784,0.15963820030597156,0.7912818507592645,-0.01940652437788597,0.606226239885875,-0.013770054416935521,0.4759557185600836,-0.12285484776376591,1.0,0.16420473128203772,0.6282590924403083,0.3385001379445316,0.4887330484287033,-0.0017625932745493555,0.8100476327739592,0.118933528712622,0.5795718012194137
0.3760754506763247,0.6952538062631732,0.03732623337492113,0.3991973414668544,-0.026408870947809845,0.2229113162277837,-0.23666699975946975,-0.6603513757352594,-0.4065483343334897,-0.695913201207096,0.16420473128203772,1.0,-0.10818850333367151,0.08138206264622799,-0.30991758661675967,-0.5451074336992944,0.36847134807028387,-0.06734579755074226,-0.3242480421441654
0.2579278965521822,-0.38906915473363746,0.5730394464669332,0.29013865513314796,0.7950817849807039,-0.023274230155945354,0.8273337460759227,0.3856174260877608,0.5717958095807052,0.19615776331615078,0.6282590924403083,-0.10818850333367151,1.0,0.2526092957364865,0.7565516597289962,0.17694691934290482,0.37457799842791933,-0.05484105725216113,0.5931591697017873
0.1461008707720226,-0.18844687826398598,0.4528141537959455,0.0035142939666503933,0.37388926548442686,0.42070825466882805,0.36589392562811845,0.07051365786411982,0.3324480519985156,-0.07966012245174073,0.3385001379445316,0.08138206264622799,0.2526092957364865,1.0,0.34241472665057676,-0.028146760207100514,0.2954739996603004,0.3748919735971001,0.3882372675735922
0.10018019905744252,-0.5716301134064313,0.48852583649669595,-0.06803126036891446,0.680254593695183,-0.09946197356362307,0.9061743322773333,0.5605118475573938,0.8433027418712249,0.4340749527056167,0.4887330484287033,-0.30991758661675967,0.7565516597289962,0.34241472665057676,1.0,0.4091934385307269,0.2354724771013586,-0.019091243686070954,0.6991375584191517
-0.2099258222670613,-0.5837683409986871,0.08152688969079679,-0.44194723945483566,0.06692656700020543,-0.2146235685583907,0.28378987132182343,0.3671129610383403,0.5334016941648938,0.4435974749878328,-0.0017625932745493555,-0.5451074336992944,0.17694691934290482,-0.028146760207100514,0.4091934385307269,1.0,-0.13440483751053803,-0.12383799577532532,0.3573947897825621
0.8872702393512127,0.3995564360150085,0.8319745176544874,0.3425569040923637,0.6787646152245956,0.14607924744640008,0.37297053928646906,-0.16999402986572784,0.3179918208684124,-0.24929053581503952,0.8100476327739592,0.36847134807028387,0.37457799842791933,0.2954739996603004,0.2354724771013586,-0.13440483751053803,1.0,0.19785166522910647,0.4866733659940121
0.03358507807747892,-0.003914572419523055,0.41665351287900715,0.2410012014454876,0.23164793294225342,0.5218001644973068,-0.01035180280048755,-0.042639154731028896,0.0007950024887349811,-0.18301198665780025,0.118933528712622,-0.06734579755074226,-0.05484105725216113,0.3748919735971001,-0.019091243686070954,-0.12383799577532532,0.19785166522910647,1.0,0.20103156813419087
0.3050248927542569,-0.48098786238248376,0.7607842547694494,-0.12104346430702757,0.733476771405775,0.06094120681089266,0.7504047377024884,0.6678589108754708,0.8182377273303653,0.4459191119143847,0.5795718012194137,-0.3242480421441654,0.5931591697017873,0.3882372675735922,0.6991375584191517,0.3573947897825621,0.4866733659940121,0.20103156813419087,1.0
