0,1,2,3,4,5,6,7,8,9,10,11,12,13,14,15,16,17,18
1.0,0.7488842912717139,0.36046111775436074,0.3567686456836809,0.15339978797182902,0.0927741396513482,-0.39307436281450364,-0.5751327436693915,-0.4162098201885105,-0.4083515801417683,0.6167354096905584,0.4117038041082877,-0.06826027329160483,-0.41025612518423327,-0.3509116300894146,-0.533995828597171,0.7554183005430571,-0.05763126398165105,-0.294723742859623
0.7488842912717139,1.0,0.22642828315785563,0.606335235868549,0.035740865743968085,0.24668903183146892,-0.4903989853579198,-0.6618420841671444,-0.5944217198666408,-0.6765269858672144,0.2975347874235703,0.6278589440726287,-0.2684896355832742,-0.32669076837387684,-0.5115411538646432,-0.7239881744913904,0.7225725383179237,0.10425953022679438,-0.4851155831588477
0.36046111775436074,0.22642828315785563,1.0,0.4973172899811342,0.7807159273134795,0.5126265011176288,0.08081426777044734,-0.030548041846529386,-0.0031871504646117646,-0.12124475028985189,0.3935758920304894,0.1703063563546321,0.3533972369106152,0.10171617509542011,0.03665407439335655,-0.18536540517534453,0.6523414266997193,0.6128927598237236,0.3457464117976108
0.3567686456836809,0.606335235868549,0.4973172899811342,1.0,0.38137229554910773,0.5676818929843054,-0.283455986934077,-0.3567024374036488,-0.5378265227965267,-0.6128774920901336,0.22603624370904457,0.42142481632851286,0.0245333504296356,0.0560205812128779,-0.4292040979616629,-0.5788996538210178,0.5516162997438707,0.5595388716093056,-0.2481779127003105
0.15339978797182902,0.035740865743968085,0.7807159273134795,0.38137229554910773,1.0,0.4153855109560416,0.2914102988108959,0.04493760061116312,0.008881227956121755,-0.09356428017073251,0.37710551794181046,-0.008197863501962804,0.5653749771279342,0.1342411355769754,0.1401455331836679,-0.10868756506261966,0.35148643862213,0.609864774477781,0.3392491326185641
0.0927741396513482,0.24668903183146892,0.5126265011176288,0.5676818929843054,0.4153855109560416,1.0,0.03454610832796765,0.05034420731455683,-0.0969536009292991,-0.3744929219909165,0.11645352377973554,0.34128256155298003,0.09588289803023657,0.5438983023596413,0.011236678556267829,-0.25846762072346624,0.37493565707590354,0.56100595093069,0.2317628966437101
-0.39307436281450364,-0.4903989853579198,0.08081426777044734,-0.283455986934077,0.2914102988108959,0.03454610832796765,1.0,0.46926107288082103,0.7425193813347225,0.3678416894821521,-0.06269170786410037,-0.34247855465188554,0.5204394226640696,0.31906225784599757,0.8037278303248633,0.500095772565068,-0.23396286525408524,0.0916290167221659,0.509743717963801
-0.5751327436693915,-0.6618420841671444,-0.030548041846529386,-0.3567024374036488,0.04493760061116312,0.05034420731455683,0.46926107288082103,1.0,0.5173625670297598,0.5068723728947666,-0.37645107086217244,-0.6698354682493195,0.00822453695120234,0.2620749666284119,0.35504851980263746,0.4253244106814276,-0.4460955861398447,0.06297607204572324,0.7783699659448767
-0.4162098201885105,-0.5944217198666408,-0.0031871504646117646,-0.5378265227965267,0.008881227956121755,-0.0969536009292991,0.7425193813347225,0.5173625670297598,1.0,0.6177076617083236,-0.10568419060511584,-0.3702657994554148,0.2862828158277577,0.22730932692784014,0.8222959571166037,0.7042859851550756,-0.26986237120240614,-0.1349872266635515,0.5453549915519631
-0.4083515801417683,-0.6765269858672144,-0.12124475028985189,-0.6128774920901336,-0.09356428017073251,-0.3744929219909165,0.3678416894821521,0.5068723728947666,0.6177076617083236,1.0,-0.13843148156504012,-0.6714665434405334,0.11198336840202286,-0.0672355153106008,0.45699314940881985,0.5997717816937825,-0.35352428270924535,-0.3196231116012832,0.42916986023740156
0.6167354096905584,0.2975347874235703,0.3935758920304894,0.22603624370904457,0.37710551794181046,0.11645352377973554,-0.06269170786410037,-0.37645107086217244,-0.10568419060511584,-0.13843148156504012,1.0,0.20455974497766338,0.43686624805949514,-0.14477372645040004,0.043287707069101615,-0.1913361249172052,0.49598264129258357,0.02265052755111554,-0.10399877026578074
0.4117038041082877,0.6278589440726287,0.1703063563546321,0.42142481632851286,-0.008197863501962804,0.34128256155298003,-0.34247855465188554,-0.6698354682493195,-0.3702657994554148,-0.6714665434405334,0.20455974497766338,1.0,-0.15137145676724312,0.10747486729578173,-0.279830778369814,-0.5200908086245939,0.5052493862373522,0.055717009913555236,-0.367346157895919
-0.06826027329160483,-0.2684896355832742,0.3533972369106152,0.0245333504296356,0.5653749771279342,0.09588289803023657,0.5204394226640696,0.00822453695120234,0.2862828158277577,0.11198336840202286,0.43686624805949514,-0.15137145676724312,1.0,0.1775434140400435,0.5088090061486791,0.24940713332374245,0.07093092807316173,0.23214378242265435,0.19998838936243213
-0.41025612518423327,-0.32669076837387684,0.10171617509542011,0.0560205812128779,0.1342411355769754,0.5438983023596413,0.31906225784599757,0.2620749666284119,0.22730932692784014,-0.0672355153106008,-0.14477372645040004,0.10747486729578173,0.1775434140400435,1.0,0.30118154646457596,0.18367664046210463,-0.12779469680418962,0.14768609424878804,0.27452080082054914
-0.3509116300894146,-0.5115411538646432,0.03665407439335655,-0.4292040979616629,0.1401455331836679,0.011236678556267829,0.8037278303248633,0.35504851980263746,0.8222959571166037,0.45699314940881985,0.043287707069101615,-0.279830778369814,0.5088090061486791,0.30118154646457596,1.0,0.6334749362146014,-0.2015055957834313,-0.06717906527502021,0.40721847364482067
-0.533995828597171,-0.7239881744913904,-0.18536540517534453,-0.5788996538210178,-0.10868756506261966,-0.25846762072346624,0.500095772565068,0.4253244106814276,0.7042859851550756,0.5997717816937825,-0.1913361249172052,-0.5200908086245939,0.24940713332374245,0.18367664046210463,0.6334749362146014,1.0,-0.4298396114309949,-0.2812811306244928,0.34375729033221114
0.7554183005430571,0.7225725383179237,0.6523414266997193,0.5516162997438707,0.35148643862213,0.37493565707590354,-0.23396286525408524,-0.4460955861398447,-0.26986237120240614,-0.35352428270924535,0.49598264129258357,0.5052493862373522,0.07093092807316173,-0.12779469680418962,-0.2015055957834313,-0.4298396114309949,1.0,0.2141442871184645,-0.0887843518858668
-0.05763126398165105,0.10425953022679438,0.6128927598237236,0.5595388716093056,0.609864774477781,0.56100595093069,0.0916290167221659,0.06297607204572324,-0.1349872266635515,-0.3196231116012832,0.02265052755111554,0.055717009913555236,0.23214378242265435,0.14768609424878804,-0.06717906527502021,-0.2812811306244928,0.2141442871184645,1.0,0.28670413866749095
-0.294723742859623,-0.4851155831588477,0.3457464117976108,-0.2481779127003105,0.3392491326185641,0.2317628966437101,0.509743717963801,0.7783699659448767,0.5453549915519631,0.42916986023740156,-0.10399877026578074,-0.367346157895919,0.19998838936243213,0.27452080082054914,0.40721847364482067,0.34375729033221114,-0.0887843518858668,0.28670413866749095,1.0
