0,1,2,3,4,5,6,7,8,9,10,11,12,13,14,15,16,17,18
1.0,0.5703747463800494,0.6709691762158143,0.42963089552740696,0.5456158200707978,0.2689139510014412,-0.060428039109552,-0.3909470629666037,-0.08781701734635548,-0.3990958910552152,0.7963813659958398,0.44364340806184394,0.4168231834801493,-0.037887391981080695,-0.1287289330087021,-0.47671728884501613,0.834185500972683,0.24278067918467103,0.20171449791551344
0.5703747463800494,1.0,0.3570501742460849,0.6416018379926167,0.22531179569866666,0.4852028565632405,-0.2757425856417395,-0.5434160608780463,-0.39869241538586503,-0.6434758389280534,0.35526948065082353,0.6668607256635463,0.07181737828411336,0.04939431944776641,-0.3334854353971329,-0.5808734744545132,0.6222462376111176,0.34148452535754775,-0.14409401528668417
0.6709691762158143,0.3570501742460849,1.0,0.48254060184854264,0.5923574843855811,0.4294120944623815,0.015944593419315523,-0.009332024204817217,0.08718986353723276,-0.15731216052997693,0.6128428632642064,0.30476004393417033,0.28534297869594577,0.0829647227299024,0.013117291732980655,-0.29836598562981276,0.7853462285007524,0.5182004024240727,0.478659035509893
0.42963089552740696,0.6416018379926167,0.48254060184854264,1.0,0.5304805989336672,0.3167480779085663,0.001716621341440226,-0.33293870914649387,-0.47233050679050487,-0.6038749787232679,0.3071286325858698,0.4322864260710481,0.42695182881957644,0.03703549578473143,-0.31086816609507617,-0.6014242498399623,0.5457538089365203,0.43757044397681594,-0.11030757324395965
0.5456158200707978,0.22531179569866666,0.5923574843855811,0.5304805989336672,1.0,0.20096140160715342,0.4554215666730519,-0.05936055930465912,-0.03542769877082964,-0.23298412782045855,0.5748656816308556,0.1856220129841143,0.6775287587346582,-0.092960239568248,0.13602066090451248,-0.34867778375789865,0.5738459228092552,0.2905524698265258,0.28774996293764366
0.2689139510014412,0.4852028565632405,0.4294120944623815,0.3167480779085663,0.20096140160715342,1.0,-0.027110868202188238,-0.07223435750189869,0.012912904390661558,-0.26952473598272275,0.2805892283690753,0.4034903928722659,-0.15801808843905887,0.4500844124059255,0.14781059773074198,-0.13219571296468344,0.4162037344854632,0.534926116645217,0.24714924601729438
-0.060428039109552,-0.2757425856417395,0.015944593419315523,0.001716621341440226,0.4554215666730519,-0.027110868202188238,1.0,0.21389866368196075,0.4311660078395742,0.10949984958833928,0.1134781953191588,-0.16714766579762885,0.5146149664482741,0.10901867238014513,0.7012845307170105,0.2086053206795462,-0.0036546903492577928,-0.09763005326126582,0.23278631863147523
-0.3909470629666037,-0.5434160608780463,-0.009332024204817217,-0.33293870914649387,-0.05936055930465912,-0.07223435750189869,0.21389866368196075,1.0,0.4152406177847395,0.5578818313983184,-0.24246745039254403,-0.6740092630560665,-0.2339440386070396,-0.18238743553010395,0.26926346399355094,0.36246934584444956,-0.2535827410959809,0.038922057671694,0.5879489982743692
-0.08781701734635548,-0.39869241538586503,0.08718986353723276,-0.47233050679050487,-0.03542769877082964,0.012912904390661558,0.4311660078395742,0.4152406177847395,1.0,0.5365242314833607,0.07611914001990397,-0.27070052577027887,-0.02516769776424835,0.05620306981057952,0.6906236224149921,0.5505898923690897,0.018865253688753466,-0.07961887267907984,0.5052999284213828
-0.3990958910552152,-0.6434758389280534,-0.15731216052997693,-0.6038749787232679,-0.23298412782045855,-0.26952473598272275,0.10949984958833928,0.5578818313983184,0.5365242314833607,1.0,-0.260276874914595,-0.635058788887894,-0.2660287143286275,-0.22218042383595116,0.3227449962373933,0.47555155876169664,-0.308045247785456,-0.2792667068402919,0.3449517535579969
0.7963813659958398,0.35526948065082353,0.6128428632642064,0.3071286325858698,0.5748656816308556,0.2805892283690753,0.1134781953191588,-0.24246745039254403,0.07611914001990397,-0.260276874914595,1.0,0.3346840603401443,0.4887237340901377,0.02421577577304376,0.10613523242457602,-0.3203509941151861,0.68808029375491,0.22051084207897834,0.26647831916562553
0.44364340806184394,0.6668607256635463,0.30476004393417033,0.4322864260710481,0.1856220129841143,0.4034903928722659,-0.16714766579762885,-0.6740092630560665,-0.27070052577027887,-0.635058788887894,0.3346840603401443,1.0,0.16067681765308295,0.3131411983413349,-0.19648733063725238,-0.5195566648044203,0.5019340382808501,0.058265611861657546,-0.11017167364654236
0.4168231834801493,0.07181737828411336,0.28534297869594577,0.42695182881957644,0.6775287587346582,-0.15801808843905887,0.5146149664482741,-0.2339440386070396,-0.02516769776424835,-0.2660287143286275,0.4887237340901377,0.16067681765308295,1.0,-0.11234284948377185,0.14395836709730267,-0.35127732703356335,0.41109139757104285,0.024614302997343223,0.07639071749186313
-0.037887391981080695,0.04939431944776641,0.0829647227299024,0.03703549578473143,-0.092960239568248,0.4500844124059255,0.10901867238014513,-0.18238743553010395,0.05620306981057952,-0.22218042383595116,0.02421577577304376,0.3131411983413349,-0.11234284948377185,1.0,0.17855182408184883,-0.028024136433691248,0.06356903981045865,0.03705164634412368,0.026494861756767685
-0.1287289330087021,-0.3334854353971329,0.013117291732980655,-0.31086816609507617,0.13602066090451248,0.14781059773074198,0.7012845307170105,0.26926346399355094,0.6906236224149921,0.3227449962373933,0.10613523242457602,-0.19648733063725238,0.14395836709730267,0.17855182408184883,1.0,0.5440986590277108,-0.029928583188146264,-0.13768574909054282,0.2633822569417112
-0.47671728884501613,-0.5808734744545132,-0.29836598562981276,-0.6014242498399623,-0.34867778375789865,-0.13219571296468344,0.2086053206795462,0.36246934584444956,0.5505898923690897,0.47555155876169664,-0.3203509941151861,-0.5195566648044203,-0.35127732703356335,-0.028024136433691248,0.5440986590277108,1.0,-0.42819783384142673,-0.26866490590035974,0.07315336170212608
0.834185500972683,0.6222462376111176,0.7853462285007524,0.5457538089365203,0.5738459228092552,0.4162037344854632,-0.0036546903492577928,-0.2535827410959809,0.018865253688753466,-0.308045247785456,0.68808029375491,0.5019340382808501,0.41109139757104285,0.06356903981045865,-0.029928583188146264,-0.42819783384142673,1.0,0.3691298291851706,0.3651225570538996
0.24278067918467103,0.34148452535754775,0.5182004024240727,0.43757044397681594,0.2905524698265258,0.534926116645217,-0.09763005326126582,0.038922057671694,-0.07961887267907984,-0.2792667068402919,0.22051084207897834,0.058265611861657546,0.024614302997343223,0.03705164634412368,-0.13768574909054282,-0.26866490590035974,0.3691298291851706,1.0,0.31923415921532494
0.20171449791551344,-0.14409401528668417,0.478659035509893,-0.11030757324395965,0.28774996293764366,0.24714924601729438,0.23278631863147523,0.5879489982743692,0.5052999284213828,0.3449517535579969,0.26647831916562553,-0.11017167364654236,0.07639071749186313,0.026494861756767685,0.2633822569417112,0.07315336170212608,0.3651225570538996,0.31923415921532494,1.0
