0,1,2,3,4,5,6,7,8,9,10,11,12,13,14,15,16,17,18
1.0,0.6135664182978433,0.6265159556194573,0.3786412988033701,0.4258461986363461,0.35106012007642473,-0.14116112065286393,-0.4813097256063022,-0.16646997096009686,-0.3596222006106811,0.7984619888956559,0.31410461455215544,-0.08900219110615731,0.20436113949535928,-0.20315742386915486,-0.23368000232285605,0.7266176620572696,0.2876953164219326,0.0013249874439865347
0.6135664182978433,1.0,0.5090492863818596,0.6192857221228115,0.2868062212104436,0.4605127649628416,-0.3212926088877984,-0.6223950702165096,-0.3636930372007344,-0.6205663155231056,0.40412041444029045,0.6405712621343724,-0.20126526620748897,0.1792568294617744,-0.3917682471927957,-0.42158802813941976,0.6945619017622228,0.46278535638687945,-0.1884540063558458
0.6265159556194573,0.5090492863818596,1.0,0.3458782543929915,0.6077856463845172,0.7300359532792713,0.04277739559395482,-0.1606127849751509,0.14811646489621447,-0.1421372846312279,0.6012825062266525,0.3647184673888803,-0.1216014629370289,0.44809419688782537,0.04044532203043139,-0.03111190915062692,0.808336511467167,0.6339840648519791,0.44901412081929054
0.3786412988033701,0.6192857221228115,0.3458782543929915,1.0,0.5859203983378773,0.1737788402229463,0.06909931614808738,-0.3989321189962167,-0.5501897192941996,-0.6003298402774955,0.23889917408043448,0.3420363701702432,0.2774402098565405,-0.18112500494177888,-0.2676513439009564,-0.6744804764977126,0.3615877932107666,0.5547013430234752,-0.35609658901585123
0.4258461986363461,0.2868062212104436,0.6077856463845172,0.5859203983378773,1.0,0.2852985578439151,0.3582097167956505,-0.1536477146332041,-0.1709312508743338,-0.2801227887459199,0.43612945866377856,0.18297703197179624,0.38256762551420936,0.039053843904170354,0.05706817429216889,-0.38137336503322256,0.393641719835978,0.5459353376907202,0.11510530683474765
0.35106012007642473,0.4605127649628416,0.7300359532792713,0.1737788402229463,0.2852985578439151,1.0,-0.06202492215729595,-0.10112649392573407,0.2533782205700393,-0.18906461603138094,0.3825341794324996,0.3892178560437694,-0.19732643540506428,0.7033286055185157,0.10020262689450278,0.17080435893171317,0.6383571000648546,0.5688417506442579,0.4661537007301406
-0.14116112065286393,-0.3212926088877984,0.04277739559395482,0.06909931614808738,0.3582097167956505,-0.06202492215729595,1.0,0.3853234959869972,0.46174599705361036,0.2462032588802585,0.0787174691989888,-0.2702564730082651,0.432071327997927,-0.00456326877687767,0.7567712933258762,0.11131577447980269,-0.12070299668265151,-0.01860441581456863,0.2562290991640829
-0.4813097256063022,-0.6223950702165096,-0.1606127849751509,-0.3989321189962167,-0.1536477146332041,-0.10112649392573407,0.3853234959869972,1.0,0.5334686635550177,0.5817424620151633,-0.34658774452019236,-0.646209437835339,0.048256324233399525,-0.11724037274504542,0.40815518307617604,0.3485821497191721,-0.2808245316982231,-0.17949612829885353,0.6322860845279927
-0.16646997096009686,-0.3636930372007344,0.14811646489621447,-0.5501897192941996,-0.1709312508743338,0.2533782205700393,0.46174599705361036,0.5334686635550177,1.0,0.6392338139337205,0.02768747499048048,-0.28932844192682977,-0.15848588094724536,0.3656470454905068,0.7042242653754954,0.7069071361359645,0.0491741649489064,-0.19029837421521006,0.6643318720861254
-0.3596222006106811,-0.6205663155231056,-0.1421372846312279,-0.6003298402774955,-0.2801227887459199,-0.18906461603138094,0.2462032588802585,0.5817424620151633,0.6392338139337205,1.0,-0.2011966775535688,-0.5933484050767033,-0.11714999806987274,-0.0710041167164473,0.37083336763767405,0.5171970225187,-0.22388004043900334,-0.4148106358282826,0.47107605399772295
0.7984619888956559,0.40412041444029045,0.6012825062266525,0.23889917408043448,0.43612945866377856,0.3825341794324996,0.0787174691989888,-0.34658774452019236,0.02768747499048048,-0.2011966775535688,1.0,0.23873890177009507,0.060402418616742996,0.2902571011907492,0.09247564858661654,-0.0494127296338781,0.6136043487392215,0.24169323395604286,0.11189793076130161
0.31410461455215544,0.6405712621343724,0.3647184673888803,0.3420363701702432,0.18297703197179624,0.3892178560437694,-0.2702564730082651,-0.646209437835339,-0.28932844192682977,-0.5933484050767033,0.23873890177009507,1.0,-0.13999504431854182,0.24724072042042583,-0.24777581288166775,-0.3556547981694757,0.4272435383892179,0.24652186353590982,-0.1491128212935945
-0.08900219110615731,-0.20126526620748897,-0.1216014629370289,0.2774402098565405,0.38256762551420936,-0.19732643540506428,0.432071327997927,0.048256324233399525,-0.15848588094724536,-0.11714999806987274,0.060402418616742996,-0.13999504431854182,1.0,-0.3065487642045866,0.33268736167414237,-0.25870676554064714,-0.12012832274546176,0.06017945857008595,-0.08301413107387261
0.20436113949535928,0.1792568294617744,0.44809419688782537,-0.18112500494177888,0.039053843904170354,0.7033286055185157,-0.00456326877687767,-0.11724037274504542,0.3656470454905068,-0.0710041167164473,0.2902571011907492,0.24724072042042583,-0.3065487642045866,1.0,0.2223993858006593,0.362411274667967,0.41441729914754033,0.1869948316069285,0.3741464527665795
-0.20315742386915486,-0.3917682471927957,0.04044532203043139,-0.2676513439009564,0.05706817429216889,0.10020262689450278,0.7567712933258762,0.40815518307617604,0.7042242653754954,0.37083336763767405,0.09247564858661654,-0.24777581288166775,0.33268736167414237,0.2223993858006593,1.0,0.48038950321596646,-0.0661915370820853,-0.15179579101191726,0.4056837895673316
-0.23368000232285605,-0.42158802813941976,-0.03111190915062692,-0.6744804764977126,-0.38137336503322256,0.17080435893171317,0.11131577447980269,0.3485821497191721,0.7069071361359645,0.5171970225187,-0.0494127296338781,-0.3556547981694757,-0.25870676554064714,0.362411274667967,0.48038950321596646,1.0,-0.06368192501680663,-0.3601948415606855,0.41298060081894294
0.7266176620572696,0.6945619017622228,0.808336511467167,0.3615877932107666,0.393641719835978,0.6383571000648546,-0.12070299668265151,-0.2808245316982231,0.0491741649489064,-0.22388004043900334,0.6136043487392215,0.4272435383892179,-0.12012832274546176,0.41441729914754033,-0.0661915370820853,-0.06368192501680663,1.0,0.4746568030811706,0.32671586332855085
0.2876953164219326,0.46278535638687945,0.6339840648519791,0.5547013430234752,0.5459353376907202,0.5688417506442579,-0.01860441581456863,-0.17949612829885353,-0.19029837421521006,-0.4148106358282826,0.24169323395604286,0.24652186353590982,0.06017945857008595,0.1869948316069285,-0.15179579101191726,-0.3601948415606855,0.4746568030811706,1.0,0.16846282132880894
0.0013249874439865347,-0.1884540063558458,0.44901412081929054,-0.35609658901585123,0.11510530683474765,0.4661537007301406,0.2562290991640829,0.6322860845279927,0.6643318720861254,0.47107605399772295,0.11189793076130161,-0.1491128212935945,-0.08301413107387261,0.3741464527665795,0.4056837895673316,0.41298060081894294,0.32671586332855085,0.16846282132880894,1.0
