0,1,2,3,4,5,6,7,8,9,10,11,12,13,14,15,16,17,18
1.0,0.7878057856580232,0.7858456817172407,0.6319026792795297,0.48971219477353983,0.29484672361640685,0.39581669776271744,0.17237700859821636,0.2541369815374463,-0.023692230773112662,-0.3462653883052275,0.4756247315428464,0.43168288264806687,0.2778041951490415,0.26964563060739893,-0.019803907228751236,0.7328654006766365,0.2867192317716354,0.2556343588952861
0.7878057856580232,1.0,0.4973344520472378,0.5700162723649347,0.2553076727059933,0.08213137614100924,0.25029231087686055,0.00462321957817628,0.13272272205469984,-0.14519786569622176,-0.18308506695290624,0.6554386679919993,0.348161252362963,0.2393174827253779,0.2315162975445098,-0.06011724997468427,0.5158680558913185,0.055453212532441475,0.08062954981421312
0.7858456817172407,0.4973344520472378,1.0,0.7095702687347046,0.6959981101203975,0.5236656068374329,0.537845235048655,0.35977588143719663,0.3667833860797968,0.11296450016075638,-0.5731773573624731,0.3213504314958667,0.5710869498021518,0.363330117803551,0.3765083837633017,0.10767575415719606,0.8382811527741674,0.5247216896080087,0.4095782851131179
0.6319026792795297,0.5700162723649347,0.7095702687347046,1.0,0.5442416034724382,0.628975558751734,0.45149722885923516,0.39713309553459925,0.3173732684369494,0.08267100627311516,-0.2506484511500045,0.4583988328608557,0.4808746080326674,0.5311700837943886,0.28420381492463626,0.13844849135971704,0.7944774924075445,0.45692533748498665,0.36246430894370696
0.48971219477353983,0.2553076727059933,0.6959981101203975,0.5442416034724382,1.0,0.6238727455910916,0.8196371337531687,0.5050263416638957,0.6491112541891361,0.24182388321577325,-0.4630714497848967,0.18467100989196406,0.6337667805027865,0.3176617720898812,0.5191069369626122,0.07699430466747631,0.650553263681644,0.7043876535657049,0.6612547528885278
0.29484672361640685,0.08213137614100924,0.5236656068374329,0.628975558751734,0.6238727455910916,1.0,0.6226736144629459,0.8235906322159836,0.546598492741112,0.41275109898597917,-0.1396785999672408,-0.013591524545040597,0.378299156851913,0.4850562545100143,0.3625187037580568,0.29894535529095334,0.5592154802656232,0.8028084639172951,0.6943806573117188
0.39581669776271744,0.25029231087686055,0.537845235048655,0.45149722885923516,0.8196371337531687,0.6226736144629459,1.0,0.60856465507095,0.8750859878899784,0.37955840713546457,-0.505231995713415,0.1603011210558036,0.5865521020484198,0.316598659064849,0.667869684247118,0.1889092780233703,0.533481073173342,0.6771430499213921,0.7555592785906301
0.17237700859821636,0.00462321957817628,0.35977588143719663,0.39713309553459925,0.5050263416638957,0.8235906322159836,0.60856465507095,1.0,0.6276240229693903,0.6573980307896528,-0.07327697154216015,-0.11277396495077101,0.327544346630205,0.4585735417808005,0.4139577658435879,0.4779141059887233,0.33637576567610544,0.6644245337461094,0.7345726664313416
0.2541369815374463,0.13272272205469984,0.3667833860797968,0.3173732684369494,0.6491112541891361,0.546598492741112,0.8750859878899784,0.6276240229693903,1.0,0.5366323167581287,-0.5049983898890145,0.055782516737094986,0.41917089824822323,0.2527361722242071,0.6790540525498133,0.2688606532914879,0.3921247623833879,0.5701200518612406,0.7144289370004736
-0.023692230773112662,-0.14519786569622176,0.11296450016075638,0.08267100627311516,0.24182388321577325,0.41275109898597917,0.37955840713546457,0.6573980307896528,0.5366323167581287,1.0,-0.0887328546956498,-0.22228155636456107,0.12333632276432538,0.15915565921966188,0.3074657829052765,0.5372545309320254,0.07374368348465692,0.31783481074592335,0.4445497232853204
-0.3462653883052275,-0.18308506695290624,-0.5731773573624731,-0.2506484511500045,-0.4630714497848967,-0.1396785999672408,-0.505231995713415,-0.07327697154216015,-0.5049983898890145,-0.0887328546956498,1.0,-0.2566115081659006,-0.2722182815381169,0.04390802927168982,-0.39352429296475383,0.1152922521945803,-0.6476304580811336,-0.27787369392459116,-0.42158432610075736
0.4756247315428464,0.6554386679919993,0.3213504314958667,0.4583988328608557,0.18467100989196406,-0.013591524545040597,0.1603011210558036,-0.11277396495077101,0.055782516737094986,-0.22228155636456107,-0.2566115081659006,1.0,0.2151994659663206,0.41380817295928796,0.06886198121287035,-0.09649385655254071,0.42662777554218306,-0.0813798012770872,0.05792439932875589
0.43168288264806687,0.348161252362963,0.5710869498021518,0.4808746080326674,0.6337667805027865,0.378299156851913,0.5865521020484198,0.327544346630205,0.41917089824822323,0.12333632276432538,-0.2722182815381169,0.2151994659663206,1.0,0.35757116857765486,0.6490426657613036,0.095814274654755,0.3998232124765979,0.3792080084982422,0.2978670590887423
0.2778041951490415,0.2393174827253779,0.363330117803551,0.5311700837943886,0.3176617720898812,0.4850562545100143,0.316598659064849,0.4585735417808005,0.2527361722242071,0.15915565921966188,0.04390802927168982,0.41380817295928796,0.35757116857765486,1.0,0.2635819225123931,0.4450343350900081,0.4033535096948453,0.20480811174400462,0.3284689242944191
0.26964563060739893,0.2315162975445098,0.3765083837633017,0.28420381492463626,0.5191069369626122,0.3625187037580568,0.667869684247118,0.4139577658435879,0.6790540525498133,0.3074657829052765,-0.39352429296475383,0.06886198121287035,0.6490426657613036,0.2635819225123931,1.0,0.23044529955357615,0.2704927494971393,0.34957051779629006,0.34426801317104166
-0.019803907228751236,-0.06011724997468427,0.10767575415719606,0.13844849135971704,0.07699430466747631,0.29894535529095334,0.1889092780233703,0.4779141059887233,0.2688606532914879,0.5372545309320254,0.1152922521945803,-0.09649385655254071,0.095814274654755,0.4450343350900081,0.23044529955357615,1.0,0.07629549477960516,0.11825407917414808,0.25914491920669463
0.7328654006766365,0.5158680558913185,0.8382811527741674,0.7944774924075445,0.650553263681644,0.5592154802656232,0.533481073173342,0.33637576567610544,0.3921247623833879,0.07374368348465692,-0.6476304580811336,0.42662777554218306,0.3998232124765979,0.4033535096948453,0.2704927494971393,0.07629549477960516,1.0,0.547147885128088,0.48557274090637226
0.2867192317716354,0.055453212532441475,0.5247216896080087,0.45692533748498665,0.7043876535657049,0.8028084639172951,0.6771430499213921,0.6644245337461094,0.5701200518612406,0.31783481074592335,-0.27787369392459116,-0.0813798012770872,0.3792080084982422,0.20480811174400462,0.34957051779629006,0.11825407917414808,0.547147885128088,1.0,0.713622943719391
0.2556343588952861,0.08062954981421312,0.4095782851131179,0.36246430894370696,0.6612547528885278,0.6943806573117188,0.7555592785906301,0.7345726664313416,0.7144289370004736,0.4445497232853204,-0.42158432610075736,0.05792439932875589,0.2978670590887423,0.3284689242944191,0.34426801317104166,0.25914491920669463,0.48557274090637226,0.713622943719391,1.0
