0,1,2,3,4,5,6,7,8,9,10,11,12,13,14,15,16,17,18
1.0,0.6562385407058189,0.7321064474963108,0.4946539747743306,0.39430986743554053,0.14680006395762185,0.16602966633242222,0.10638306745927326,-0.011931390794610848,-0.09192720572186307,-0.1354160082604231,0.15173008721472897,0.4266167099936643,0.08365869183430673,0.11794126420587277,-0.03233795883099233,0.6288656788272198,0.2100413242921441,0.08334798211375859
0.6562385407058189,1.0,0.43374208377647383,0.5385962678004947,0.17848370363802568,0.08226470415797041,0.023766663262104266,0.0479662960682293,-0.06770653499723929,-0.10371953860377806,0.06558767550561342,0.31768390228951193,0.24128249477592192,0.10268416033433649,0.06370874124277921,-0.10714338646084225,0.41074741167927636,0.07437371982543238,-0.07157087785709446
0.7321064474963108,0.43374208377647383,1.0,0.6234829427120252,0.628084602301107,0.40193100415525856,0.3497840544734195,0.2553735514612337,0.12513540039552334,-0.0817473399531776,-0.5150718261457529,0.12397036863794637,0.4925210795194164,0.11622937590028566,0.15883235440670967,-0.09906017419496489,0.7762751230046976,0.4660243828857042,0.24258069643345456
0.4946539747743306,0.5385962678004947,0.6234829427120252,1.0,0.366904399327743,0.5202999717068564,0.16307504204400736,0.2037882129765015,0.011958738492149361,-0.13614361502982125,-0.15780767523765452,0.3702008846064825,0.22753742466636365,0.2837045933964588,0.009222937169477191,-0.14780235344645426,0.7456399722578527,0.40484109203827634,0.07877713030282195
0.39430986743554053,0.17848370363802568,0.628084602301107,0.366904399327743,1.0,0.5651976321666862,0.7924965063784691,0.4244831996942668,0.5423430781015739,0.11097548799999052,-0.36945711638588413,0.031013505490662303,0.6206938814495958,0.17495572624747707,0.4135544128197119,0.004444883242912036,0.5023419626615914,0.6952957478429627,0.5163592702468338
0.14680006395762185,0.08226470415797041,0.40193100415525856,0.5202999717068564,0.5651976321666862,1.0,0.5435449225007537,0.7239842927136233,0.41341401626934243,0.15652186657791456,-0.09573549822174578,-0.031413016116720184,0.23563414095641924,0.33607787668192424,0.21266108204124914,0.04791051767381774,0.43886984677891794,0.7496785004423461,0.5119046526330086
0.16602966633242222,0.023766663262104266,0.3497840544734195,0.16307504204400736,0.7924965063784691,0.5435449225007537,1.0,0.5528864110179663,0.8354806340933704,0.22559303280807283,-0.37416350108627083,-0.06190266870670643,0.5125676936834791,0.20615388794150452,0.590348954721334,0.07508284784743113,0.23726900882096455,0.6041612091361324,0.6282736899934186
0.10638306745927326,0.0479662960682293,0.2553735514612337,0.2037882129765015,0.4244831996942668,0.7239842927136233,0.5528864110179663,1.0,0.5458650930776658,0.5036355440348493,-0.1288875152609271,-0.15560112262400255,0.18235071456560714,0.2882251751217565,0.25219345942377586,0.25283807759252974,0.22567715665097846,0.5041460008862784,0.6956553364867663
-0.011931390794610848,-0.06770653499723929,0.12513540039552334,0.011958738492149361,0.5423430781015739,0.41341401626934243,0.8354806340933704,0.5458650930776658,1.0,0.3788560612877497,-0.3968509055704331,-0.1297902940880793,0.3327374875104849,0.15206359484161483,0.5823893248302203,0.13963632404990337,0.05471922495492012,0.3957653310814558,0.588540272652524
-0.09192720572186307,-0.10371953860377806,-0.0817473399531776,-0.13614361502982125,0.11097548799999052,0.15652186657791456,0.22559303280807283,0.5036355440348493,0.3788560612877497,1.0,-0.015265032937627328,-0.24655554675701166,-0.004449260883666736,-0.03340117249219007,0.1982361903154167,0.4698731295014699,-0.12489791891998271,0.0392396589285476,0.3124689017194878
-0.1354160082604231,0.06558767550561342,-0.5150718261457529,-0.15780767523765452,-0.36945711638588413,-0.09573549822174578,-0.37416350108627083,-0.1288875152609271,-0.3968509055704331,-0.015265032937627328,1.0,-0.10237292058568775,-0.2686317738861659,0.12683061216045205,-0.23496205206519732,0.23081819597173056,-0.5510809196526161,-0.23227749628166233,-0.4430296947436723
0.15173008721472897,0.31768390228951193,0.12397036863794637,0.3702008846064825,0.031013505490662303,-0.031413016116720184,-0.06190266870670643,-0.15560112262400255,-0.1297902940880793,-0.24655554675701166,-0.10237292058568775,1.0,0.05999993568580272,0.373776018478543,-0.05249636498677266,-0.18953503086458676,0.2371625414631618,-0.13838342163617237,-0.054390399535821074
0.4266167099936643,0.24128249477592192,0.4925210795194164,0.22753742466636365,0.6206938814495958,0.23563414095641924,0.5125676936834791,0.18235071456560714,0.3327374875104849,-0.004449260883666736,-0.2686317738861659,0.05999993568580272,1.0,0.10506239192861128,0.622469920821117,-0.03469569590735418,0.2768833989862589,0.38006416234281626,0.14881067820492405
0.08365869183430673,0.10268416033433649,0.11622937590028566,0.2837045933964588,0.17495572624747707,0.33607787668192424,0.20615388794150452,0.2882251751217565,0.15206359484161483,-0.03340117249219007,0.12683061216045205,0.373776018478543,0.10506239192861128,1.0,0.13888888615004255,0.12655423494696558,0.1996484820006331,0.05966226921444849,0.20476845140799815
0.11794126420587277,0.06370874124277921,0.15883235440670967,0.009222937169477191,0.4135544128197119,0.21266108204124914,0.590348954721334,0.25219345942377586,0.5823893248302203,0.1982361903154167,-0.23496205206519732,-0.05249636498677266,0.622469920821117,0.13888888615004255,1.0,0.09921893906240224,-0.05088170761913982,0.2559568339809023,0.15743382922250074
-0.03233795883099233,-0.10714338646084225,-0.09906017419496489,-0.14780235344645426,0.004444883242912036,0.04791051767381774,0.07508284784743113,0.25283807759252974,0.13963632404990337,0.4698731295014699,0.23081819597173056,-0.18953503086458676,-0.03469569590735418,0.12655423494696558,0.09921893906240224,1.0,-0.11553024723222838,-0.09376577464560443,0.09095269563203608
0.6288656788272198,0.41074741167927636,0.7762751230046976,0.7456399722578527,0.5023419626615914,0.43886984677891794,0.23726900882096455,0.22567715665097846,0.05471922495492012,-0.12489791891998271,-0.5510809196526161,0.2371625414631618,0.2768833989862589,0.1996484820006331,-0.05088170761913982,-0.11553024723222838,1.0,0.4729008437882786,0.3014185812550641
0.2100413242921441,0.07437371982543238,0.4660243828857042,0.40484109203827634,0.6952957478429627,0.7496785004423461,0.6041612091361324,0.5041460008862784,0.3957653310814558,0.0392396589285476,-0.23227749628166233,-0.13838342163617237,0.38006416234281626,0.05966226921444849,0.2559568339809023,-0.09376577464560443,0.4729008437882786,1.0,0.5310330484722267
0.08334798211375859,-0.07157087785709446,0.24258069643345456,0.07877713030282195,0.5163592702468338,0.5119046526330086,0.6282736899934186,0.6956553364867663,0.588540272652524,0.3124689017194878,-0.4430296947436723,-0.054390399535821074,0.14881067820492405,0.20476845140799815,0.15743382922250074,0.09095269563203608,0.3014185812550641,0.5310330484722267,1.0
