0,1,2,3,4,5,6,7,8,9,10,11,12,13,14,15,16,17,18
1.0,0.741125992161839,0.8181278024180566,0.6411002762825468,0.5108057853984224,0.22400725030449636,0.3136343101028739,-0.01547471277343725,0.14914047680640977,-0.10011482834352589,-0.3593639753636047,0.33081978353233776,0.4294414637158534,0.10341167246292904,0.2515134345430506,0.009248308885425466,0.7769877114082986,0.2449323847745479,0.18598878618649506
0.741125992161839,1.0,0.564760839266709,0.6542357527121075,0.3142511743418831,0.15539309710938282,0.1721471860760279,-0.035305311339065976,0.06779382706431782,-0.1053849334740637,-0.2421479931785189,0.4572071266304382,0.28269342870581626,0.05614760456806174,0.14669389778762382,-0.15362174621462096,0.6262414967790779,0.10931759242910787,0.04797012136971048
0.8181278024180566,0.564760839266709,1.0,0.7084993055617081,0.7236235416799573,0.39742660220496595,0.483094282844221,0.01176668514125225,0.27601859488121416,-0.08850151479960808,-0.5946863901753912,0.28497189907295684,0.6144866658774322,0.24379616726929626,0.40383860494012863,0.008703050756523594,0.8645563069715204,0.4521033655475645,0.2715112400368248
0.6411002762825468,0.6542357527121075,0.7084993055617081,1.0,0.5740793138560565,0.4724249818136384,0.39524828368100434,0.06981952599072366,0.24649073049003195,-0.1157354977324014,-0.28227825633729325,0.4030927077086579,0.4693522681312934,0.3243075560393453,0.3095864408312622,-0.05636806473084954,0.7760113866103516,0.45158892698284436,0.23403487580445576
0.5108057853984224,0.3142511743418831,0.7236235416799573,0.5740793138560565,1.0,0.5387905191636089,0.8107338732877398,0.17707752904768864,0.5650611216073804,0.07032578014888427,-0.4258800083768069,0.16086397561485516,0.7030987752865464,0.3209654102409918,0.544015794241712,0.08794106160905368,0.6445136617617494,0.6869083446190875,0.584816872942296
0.22400725030449636,0.15539309710938282,0.39742660220496595,0.4724249818136384,0.5387905191636089,1.0,0.4996567625950898,-0.1727470316419264,0.3798939566069856,0.131539508544209,-0.13577334040607147,0.031062827268911086,0.36298419583355546,0.4005451581033244,0.34213876977047514,0.15274704382066467,0.40642597418200976,0.6001576080724876,0.4777776407805186
0.3136343101028739,0.1721471860760279,0.483094282844221,0.39524828368100434,0.8107338732877398,0.4996567625950898,1.0,0.3257324059453316,0.8346844034880896,0.23720149488341366,-0.4697896862526351,0.06401385973249232,0.5688224039648421,0.30141429254437385,0.6592251834212457,0.16617784700116997,0.47674663500143116,0.6623747553820136,0.7424697545996545
-0.01547471277343725,-0.035305311339065976,0.01176668514125225,0.06981952599072366,0.17707752904768864,-0.1727470316419264,0.3257324059453316,1.0,0.3723318301655231,0.405193469004981,0.03390976073631175,-0.10915853216763508,0.08859220649242425,0.20722932616837558,0.1825279603540548,0.1082045824942198,0.0648267768358968,0.30709980246537305,0.3948141519999459
0.14914047680640977,0.06779382706431782,0.27601859488121416,0.24649073049003195,0.5650611216073804,0.3798939566069856,0.8346844034880896,0.3723318301655231,1.0,0.4402643312000508,-0.49664550269067087,0.030639764643868073,0.31576928463079723,0.22993858412456908,0.6334038416622743,0.2608547880342907,0.3146717290892062,0.49015571342953607,0.7224839473605664
-0.10011482834352589,-0.1053849334740637,-0.08850151479960808,-0.1157354977324014,0.07032578014888427,0.131539508544209,0.23720149488341366,0.405193469004981,0.4402643312000508,1.0,0.02797762898407086,-0.20157606184240937,0.010365477946361265,0.1528510987663258,0.21139194882296844,0.44142727959246286,-0.09457520439725159,0.10709296113769909,0.3342583167894029
-0.3593639753636047,-0.2421479931785189,-0.5946863901753912,-0.28227825633729325,-0.4258800083768069,-0.13577334040607147,-0.4697896862526351,0.03390976073631175,-0.49664550269067087,0.02797762898407086,1.0,-0.26552959940327514,-0.2743857229984141,0.06703250389908409,-0.42446496347683665,0.10617348916051995,-0.6567799078927921,-0.17843460832555866,-0.3927791668571955
0.33081978353233776,0.4572071266304382,0.28497189907295684,0.4030927077086579,0.16086397561485516,0.031062827268911086,0.06401385973249232,-0.10915853216763508,0.030639764643868073,-0.20157606184240937,-0.26552959940327514,1.0,0.06354581089499386,0.2720154303080909,0.05206455493632323,-0.14599038198936828,0.3135803359009782,-0.11809621132742766,0.022220487950389396
0.4294414637158534,0.28269342870581626,0.6144866658774322,0.4693522681312934,0.7030987752865464,0.36298419583355546,0.5688224039648421,0.08859220649242425,0.31576928463079723,0.010365477946361265,-0.2743857229984141,0.06354581089499386,1.0,0.3234392508210355,0.6204335269058684,0.05710576841947191,0.4605644186378273,0.4565574154746345,0.22832066656117225
0.10341167246292904,0.05614760456806174,0.24379616726929626,0.3243075560393453,0.3209654102409918,0.4005451581033244,0.30141429254437385,0.20722932616837558,0.22993858412456908,0.1528510987663258,0.06703250389908409,0.2720154303080909,0.3234392508210355,1.0,0.29143185822996315,0.20045982773896143,0.24026738041935036,0.2565704582119774,0.2779310087392091
0.2515134345430506,0.14669389778762382,0.40383860494012863,0.3095864408312622,0.544015794241712,0.34213876977047514,0.6592251834212457,0.1825279603540548,0.6334038416622743,0.21139194882296844,-0.42446496347683665,0.05206455493632323,0.6204335269058684,0.29143185822996315,1.0,0.19443375779874694,0.3302637987700641,0.40415211210403607,0.3447081046017227
0.009248308885425466,-0.15362174621462096,0.008703050756523594,-0.05636806473084954,0.08794106160905368,0.15274704382066467,0.16617784700116997,0.1082045824942198,0.2608547880342907,0.44142727959246286,0.10617348916051995,-0.14599038198936828,0.05710576841947191,0.20045982773896143,0.19443375779874694,1.0,0.007368123524008629,0.059923778513928425,0.1858198321514846
0.7769877114082986,0.6262414967790779,0.8645563069715204,0.7760113866103516,0.6445136617617494,0.40642597418200976,0.47674663500143116,0.0648267768358968,0.3146717290892062,-0.09457520439725159,-0.6567799078927921,0.3135803359009782,0.4605644186378273,0.24026738041935036,0.3302637987700641,0.007368123524008629,1.0,0.46795575661388356,0.35735678956072864
0.2449323847745479,0.10931759242910787,0.4521033655475645,0.45158892698284436,0.6869083446190875,0.6001576080724876,0.6623747553820136,0.30709980246537305,0.49015571342953607,0.10709296113769909,-0.17843460832555866,-0.11809621132742766,0.4565574154746345,0.2565704582119774,0.40415211210403607,0.059923778513928425,0.46795575661388356,1.0,0.6002362177409925
0.18598878618649506,0.04797012136971048,0.2715112400368248,0.23403487580445576,0.584816872942296,0.4777776407805186,0.7424697545996545,0.3948141519999459,0.7224839473605664,0.3342583167894029,-0.3927791668571955,0.022220487950389396,0.22832066656117225,0.2779310087392091,0.3447081046017227,0.1858198321514846,0.35735678956072864,0.6002362177409925,1.0
