0,1,2,3,4,5,6,7,8,9,10,11,12,13,14,15,16,17,18
1.0,0.6403186477048434,0.7866232951629899,0.5187512558819247,0.33196970644250967,0.17134910914825516,0.054532170888212675,-0.06122053101005172,-0.16636227592825492,-0.24402253269055849,-0.17238587587524765,0.2151923608825566,0.3243071984223649,0.08888251805221893,-0.026826861087022983,-0.25877629108195893,0.6526600824606549,0.11668353670914135,-0.034139319984295736
0.6403186477048434,1.0,0.4323749672196566,0.5147233290634953,0.13590681560478085,0.015490373581013692,-0.040363906502391314,-0.1832227631287723,-0.18482772082919105,-0.3250356349266789,-0.01863170529028006,0.4492809108443071,0.11538241173541382,0.04176970786653805,-0.05652360680789132,-0.2942236953774232,0.42711868482112225,0.0077545219375929255,-0.14276480720219956
0.7866232951629899,0.4323749672196566,1.0,0.6035240770434473,0.615877498144717,0.3603211558108754,0.22666304540821913,0.08132942063287814,-0.048165842317106466,-0.1345587959798936,-0.43344956356400927,0.15356051257744438,0.4848264042612199,0.16086242613582438,0.07803032702074109,-0.1540699511176046,0.7758166109080415,0.35941613931918026,0.08278082040191811
0.5187512558819247,0.5147233290634953,0.6035240770434473,1.0,0.40371086544563417,0.46037482771385474,0.12859616913961275,0.06931678558393009,-0.06103060612279947,-0.22806184667741036,-0.14920158700385733,0.36716159736859766,0.2432151722963457,0.2503115926535681,0.01938292145112947,-0.19757508922597647,0.7437224498914659,0.36896484826114734,0.08499000954579751
0.33196970644250967,0.13590681560478085,0.615877498144717,0.40371086544563417,1.0,0.57464132593267,0.7192960286324255,0.38763829837342234,0.40402987305337795,0.08655822864281615,-0.3113945216266973,0.02573343380661091,0.64907860943539,0.25661481692810856,0.4477494846951343,-0.002613647253007153,0.521167392393237,0.6790253805538127,0.45882131723960456
0.17134910914825516,0.015490373581013692,0.3603211558108754,0.46037482771385474,0.57464132593267,1.0,0.5319088774708903,0.7506277421353051,0.3659077797062631,0.16720028878119722,-0.04923767747717022,-0.09141210691718038,0.3373556100583892,0.3633981734577991,0.31386609503685103,0.109858036388991,0.4438973478512517,0.708350191926661,0.6024522065990185
0.054532170888212675,-0.040363906502391314,0.22666304540821913,0.12859616913961275,0.7192960286324255,0.5319088774708903,1.0,0.5263146524657174,0.819464555909077,0.18225577117397193,-0.3557569591376749,-0.11742582718495431,0.4761157154171995,0.25492091626899677,0.6250381236483887,0.13140204048967258,0.22216323022054932,0.5587578486271536,0.6655452716399649
-0.06122053101005172,-0.1832227631287723,0.08132942063287814,0.06931678558393009,0.38763829837342234,0.7506277421353051,0.5263146524657174,1.0,0.4926066479532189,0.544924902509365,0.061215918250559186,-0.25702424996883466,0.2530681730902468,0.32595748559754056,0.34571236416963136,0.3480207957687519,0.07514271613271979,0.5023420757575341,0.6861169097606828
-0.16636227592825492,-0.18482772082919105,-0.048165842317106466,-0.06103060612279947,0.40402987305337795,0.3659077797062631,0.819464555909077,0.4926066479532189,1.0,0.3055119730402654,-0.3835508439949487,-0.18853228846777503,0.21791260282627115,0.16844844063508452,0.6294003982917983,0.21804655120837552,-0.02275531669454072,0.3552399203815774,0.6420613293714316
-0.24402253269055849,-0.3250356349266789,-0.1345587959798936,-0.22806184667741036,0.08655822864281615,0.16720028878119722,0.18225577117397193,0.544924902509365,0.3055119730402654,1.0,0.06213026131600791,-0.3099996902686237,0.06766229147833762,0.08733887363920076,0.18651699013536605,0.49853369673793146,-0.1844813351188508,0.07591416612558839,0.30447524485701605
-0.17238587587524765,-0.01863170529028006,-0.43344956356400927,-0.14920158700385733,-0.3113945216266973,-0.04923767747717022,-0.3557569591376749,0.061215918250559186,-0.3835508439949487,0.06213026131600791,1.0,-0.038090462948441595,-0.16680342773146364,0.1728264466689877,-0.2502399194049806,0.19567431399870702,-0.5352409968654546,-0.1646304101478119,-0.2900976212795206
0.2151923608825566,0.4492809108443071,0.15356051257744438,0.36716159736859766,0.02573343380661091,-0.09141210691718038,-0.11742582718495431,-0.25702424996883466,-0.18853228846777503,-0.3099996902686237,-0.038090462948441595,1.0,-0.05204994126247887,0.22018160018979704,-0.14065875865866645,-0.12981114674426017,0.20792224960166564,-0.14069123158079092,-0.2547444365717843
0.3243071984223649,0.11538241173541382,0.4848264042612199,0.2432151722963457,0.64907860943539,0.3373556100583892,0.4761157154171995,0.2530681730902468,0.21791260282627115,0.06766229147833762,-0.16680342773146364,-0.05204994126247887,1.0,0.2768470851169644,0.5505914742016198,0.01005031349286264,0.29089132137250134,0.336464902487884,0.16375815774284877
0.08888251805221893,0.04176970786653805,0.16086242613582438,0.2503115926535681,0.25661481692810856,0.3633981734577991,0.25492091626899677,0.32595748559754056,0.16844844063508452,0.08733887363920076,0.1728264466689877,0.22018160018979704,0.2768470851169644,1.0,0.2769242401089007,0.31349055206141846,0.22340549365996953,0.07395519344986914,0.18229430569174335
-0.026826861087022983,-0.05652360680789132,0.07803032702074109,0.01938292145112947,0.4477494846951343,0.31386609503685103,0.6250381236483887,0.34571236416963136,0.6294003982917983,0.18651699013536605,-0.2502399194049806,-0.14065875865866645,0.5505914742016198,0.2769242401089007,1.0,0.17439982944512394,0.01149130313895281,0.27029880972389225,0.29226257379021187
-0.25877629108195893,-0.2942236953774232,-0.1540699511176046,-0.19757508922597647,-0.002613647253007153,0.109858036388991,0.13140204048967258,0.3480207957687519,0.21804655120837552,0.49853369673793146,0.19567431399870702,-0.12981114674426017,0.01005031349286264,0.31349055206141846,0.17439982944512394,1.0,-0.1565813153800133,-0.021779961127467187,0.20021799476054775
0.6526600824606549,0.42711868482112225,0.7758166109080415,0.7437224498914659,0.521167392393237,0.4438973478512517,0.22216323022054932,0.07514271613271979,-0.02275531669454072,-0.1844813351188508,-0.5352409968654546,0.20792224960166564,0.29089132137250134,0.22340549365996953,0.01149130313895281,-0.1565813153800133,1.0,0.4430276061327549,0.20183689876668856
0.11668353670914135,0.0077545219375929255,0.35941613931918026,0.36896484826114734,0.6790253805538127,0.708350191926661,0.5587578486271536,0.5023420757575341,0.3552399203815774,0.07591416612558839,-0.1646304101478119,-0.14069123158079092,0.336464902487884,0.07395519344986914,0.27029880972389225,-0.021779961127467187,0.4430276061327549,1.0,0.5820663687302714
-0.034139319984295736,-0.14276480720219956,0.08278082040191811,0.08499000954579751,0.45882131723960456,0.6024522065990185,0.6655452716399649,0.6861169097606828,0.6420613293714316,0.30447524485701605,-0.2900976212795206,-0.2547444365717843,0.16375815774284877,0.18229430569174335,0.29226257379021187,0.20021799476054775,0.20183689876668856,0.5820663687302714,1.0
