0,1,2,3,4,5,6,7,8,9,10,11,12,13,14,15,16,17,18
1.0,0.6337521090928154,0.7485070085675317,0.5651201523126685,0.41136536220419356,0.24184119083205813,0.20575792987488095,0.061701102230683244,-0.031595133051288554,-0.22830987300186897,-0.19649984860902653,0.41926731344990653,0.25220544186907556,0.2187352764195201,-0.042256306711073756,0.0025266451403811482,0.6791175480492535,0.21541784320079777,0.10590916696415541
0.6337521090928154,1.0,0.4217332622983428,0.5772109009384833,0.23842095694111776,0.16832481129715107,0.157150374012533,0.032450424547813134,0.0359162100889692,-0.1903682470403149,-0.11493709158086915,0.5363854764667534,0.131780534629132,0.14601925576979471,0.08096480975792598,0.11014508753565559,0.5160731500059615,0.12748391629011052,0.060939073436527956
0.7485070085675317,0.4217332622983428,1.0,0.6460001184785951,0.6550490578932688,0.4430952748885569,0.43881611854652736,0.23582194435730283,0.17791027934939366,-0.10038849530170939,-0.4895840641277815,0.23669665579155677,0.4549579549067852,0.21910299638958436,0.15745999295010255,0.03976106098647299,0.7718236755185834,0.46314017728133366,0.21735285874681498
0.5651201523126685,0.5772109009384833,0.6460001184785951,1.0,0.46351971765401095,0.5386802077100857,0.31145659222408784,0.24462372377619224,0.15010618477719395,-0.12696006011471936,-0.23990495245988236,0.4118221840894703,0.27672727838996736,0.28115189845360217,0.07142504899834697,-0.06323855103955338,0.777230833169655,0.43994133174632427,0.21357768088324958
0.41136536220419356,0.23842095694111776,0.6550490578932688,0.46351971765401095,1.0,0.6202676337617054,0.7922491331789362,0.4781855468433198,0.5008381332403614,0.10610336484636651,-0.2741477075002861,0.164544455110598,0.6341590970024639,0.29628388288629337,0.4076365815694586,0.11607453131633229,0.5318259225103434,0.6711203769317782,0.4981267583491244
0.24184119083205813,0.16832481129715107,0.4430952748885569,0.5386802077100857,0.6202676337617054,1.0,0.5874996917598415,0.7608473634568304,0.4400541914095194,0.2131734665557852,-0.07031306595400472,0.03250326030192152,0.35035019069813567,0.37177192901635003,0.23831416240912748,0.08194156613651168,0.49157525126012064,0.7488154643179068,0.6076168887664454
0.20575792987488095,0.157150374012533,0.43881611854652736,0.31145659222408784,0.7922491331789362,0.5874996917598415,1.0,0.6422359369859265,0.817542455125214,0.2910267923838742,-0.399570898354379,0.09692726313637724,0.5403154723283039,0.27737736946971153,0.5881735884028564,0.22472878605678104,0.361958378354536,0.6134001343366873,0.6929857169802804
0.061701102230683244,0.032450424547813134,0.23582194435730283,0.24462372377619224,0.4781855468433198,0.7608473634568304,0.6422359369859265,1.0,0.6046666211505248,0.5483815386024891,-0.07257911792288271,-0.10193771014227802,0.29429565116125495,0.36691153297191753,0.3606106758343808,0.2687635467384373,0.23589594972643416,0.6223897131422242,0.7556420408527899
-0.031595133051288554,0.0359162100889692,0.17791027934939366,0.15010618477719395,0.5008381332403614,0.4400541914095194,0.817542455125214,0.6046666211505248,1.0,0.461456410680645,-0.45986335350803914,0.03606873568338662,0.2906786850438354,0.19224775106204822,0.6217405426710723,0.24926612118639377,0.1604229830187909,0.4573397224170253,0.6748768198788638
-0.22830987300186897,-0.1903682470403149,-0.10038849530170939,-0.12696006011471936,0.10610336484636651,0.2131734665557852,0.2910267923838742,0.5483815386024891,0.461456410680645,1.0,-0.025971793300427468,-0.2454828994537251,0.04584926130156873,0.058702489419137964,0.24158651259459255,0.29845629339832275,-0.14851796945158635,0.19439120277744615,0.39964450201364826
-0.19649984860902653,-0.11493709158086915,-0.4895840641277815,-0.23990495245988236,-0.2741477075002861,-0.07031306595400472,-0.399570898354379,-0.07257911792288271,-0.45986335350803914,-0.025971793300427468,1.0,-0.15620370329467562,-0.0993177214031454,0.16163673183523306,-0.25721380124343574,0.13510731044863195,-0.5720387092894882,-0.22059678475114175,-0.35285399163363973
0.41926731344990653,0.5363854764667534,0.23669665579155677,0.4118221840894703,0.164544455110598,0.03250326030192152,0.09692726313637724,-0.10193771014227802,0.03606873568338662,-0.2454828994537251,-0.15620370329467562,1.0,0.08657417633765879,0.4380805727708627,0.0771362336957312,0.028744234962310603,0.34210667003419454,-0.11181714886016673,0.01121984493821955
0.25220544186907556,0.131780534629132,0.4549579549067852,0.27672727838996736,0.6341590970024639,0.35035019069813567,0.5403154723283039,0.29429565116125495,0.2906786850438354,0.04584926130156873,-0.0993177214031454,0.08657417633765879,1.0,0.3159661030053143,0.584177154556868,0.19188380942365774,0.2280504028188532,0.3727375577086862,0.13303573093732612
0.2187352764195201,0.14601925576979471,0.21910299638958436,0.28115189845360217,0.29628388288629337,0.37177192901635003,0.27737736946971153,0.36691153297191753,0.19224775106204822,0.058702489419137964,0.16163673183523306,0.4380805727708627,0.3159661030053143,1.0,0.32689572768568187,0.3240101875687722,0.22850849628772033,0.10762779625119212,0.20488636760760126
-0.042256306711073756,0.08096480975792598,0.15745999295010255,0.07142504899834697,0.4076365815694586,0.23831416240912748,0.5881735884028564,0.3606106758343808,0.6217405426710723,0.24158651259459255,-0.25721380124343574,0.0771362336957312,0.584177154556868,0.32689572768568187,1.0,0.31841129479212776,0.01330092204936354,0.2412814474303273,0.20335766512707248
0.0025266451403811482,0.11014508753565559,0.03976106098647299,-0.06323855103955338,0.11607453131633229,0.08194156613651168,0.22472878605678104,0.2687635467384373,0.24926612118639377,0.29845629339832275,0.13510731044863195,0.028744234962310603,0.19188380942365774,0.3240101875687722,0.31841129479212776,1.0,-0.029565351630711112,-0.06079021227672487,0.14517705219364846
0.6791175480492535,0.5160731500059615,0.7718236755185834,0.777230833169655,0.5318259225103434,0.49157525126012064,0.361958378354536,0.23589594972643416,0.1604229830187909,-0.14851796945158635,-0.5720387092894882,0.34210667003419454,0.2280504028188532,0.22850849628772033,0.01330092204936354,-0.029565351630711112,1.0,0.5038116304998584,0.33059830893171205
0.21541784320079777,0.12748391629011052,0.46314017728133366,0.43994133174632427,0.6711203769317782,0.7488154643179068,0.6134001343366873,0.6223897131422242,0.4573397224170253,0.19439120277744615,-0.22059678475114175,-0.11181714886016673,0.3727375577086862,0.10762779625119212,0.2412814474303273,-0.06079021227672487,0.5038116304998584,1.0,0.6291949720582057
0.10590916696415541,0.060939073436527956,0.21735285874681498,0.21357768088324958,0.4981267583491244,0.6076168887664454,0.6929857169802804,0.7556420408527899,0.6748768198788638,0.39964450201364826,-0.35285399163363973,0.01121984493821955,0.13303573093732612,0.20488636760760126,0.20335766512707248,0.14517705219364846,0.33059830893171205,0.6291949720582057,1.0
