0,1,2,3,4,5,6,7,8,9,10,11,12,13,14,15,16,17,18
1.0,0.7122234345157057,0.8499713775400581,0.6426796791622865,0.5280051766307424,-0.07933950402665697,0.32939054677515306,0.23700040549597087,0.13291273417567456,-0.20595450744614496,-0.4289810505084294,0.29055887204681513,0.5393950658737815,0.14879213574880293,0.31310553946523095,-0.1100991610279286,0.7797118300381651,0.20186045382894635,0.15920254162353673
0.7122234345157057,1.0,0.5003458781087512,0.5697693930710394,0.21878385329979713,-0.027904288579400128,0.08081904391795126,-0.039108264387807935,-0.04527843504162756,-0.284989588295208,-0.21539201446091646,0.3914236536382281,0.24355188989357096,-0.030632210714367083,0.1341459183211164,-0.26848926917916194,0.518961796717822,-0.007357125739306756,-0.06203586986649158
0.8499713775400581,0.5003458781087512,1.0,0.7022502606824632,0.6819765938298442,0.01994264079670512,0.39558575143426705,0.27204752101012436,0.19517871158664932,-0.13371654525022486,-0.5961538391483655,0.2608729161956328,0.5882634907438479,0.25477232449966297,0.3511478329867198,0.01759521956942865,0.8515193283795309,0.33424621621295053,0.22041670316831843
0.6426796791622865,0.5697693930710394,0.7022502606824632,1.0,0.45716845208982837,0.1386640433769096,0.25458515098996803,0.279496465263271,0.09356446745005213,-0.1485159715957366,-0.2853595520368592,0.3941295571679965,0.35289555243180604,0.3016172306338875,0.21184194419691477,-0.057393043028758944,0.7689339696233445,0.3097353397712011,0.14098940793800574
0.5280051766307424,0.21878385329979713,0.6819765938298442,0.45716845208982837,1.0,0.27423319160540716,0.7308348857448518,0.22630635915551864,0.5115727583694253,0.11121976668230944,-0.48560428258367927,0.02507807970701321,0.6280961427281091,0.2060316986660363,0.45977943012650063,0.01872719572327381,0.6347927029354197,0.6245463015805598,0.5564607922634033
-0.07933950402665697,-0.027904288579400128,0.01994264079670512,0.1386640433769096,0.27423319160540716,1.0,0.32074031070027037,-0.47327025015899266,0.2547521217671031,0.2448852981713378,0.021983363886371267,-0.23332067453265332,0.09677981148866568,0.06672441366939427,0.14460743831495199,0.040338879307808474,0.035272835013863954,0.44380165695078094,0.39732859258577885
0.32939054677515306,0.08081904391795126,0.39558575143426705,0.25458515098996803,0.7308348857448518,0.32074031070027037,1.0,0.2694679623200538,0.8390485966632608,0.3016069949932484,-0.4652420758716001,-0.0743560676221846,0.5228414161569588,0.20697396773451082,0.6368596958493554,0.11336372945459776,0.3858439657985634,0.5543972159103474,0.7285300413510105
0.23700040549597087,-0.039108264387807935,0.27204752101012436,0.279496465263271,0.22630635915551864,-0.47327025015899266,0.2694679623200538,1.0,0.2106542057960187,0.15441909472575854,-0.044905465442585724,0.11108088501601417,0.23904505846021948,0.29612734686608777,0.2120074594009065,0.1380912277941138,0.2885966544839927,0.26682073997574707,0.2133583825559506
0.13291273417567456,-0.04527843504162756,0.19517871158664932,0.09356446745005213,0.5115727583694253,0.2547521217671031,0.8390485966632608,0.2106542057960187,1.0,0.48399373927581796,-0.5016423847700425,-0.1708302181433829,0.3040021886670443,0.14030350390542284,0.5856494662999222,0.1800595946319969,0.2240483593035839,0.3873150967072767,0.7221984196417919
-0.20595450744614496,-0.284989588295208,-0.13371654525022486,-0.1485159715957366,0.11121976668230944,0.2448852981713378,0.3016069949932484,0.15441909472575854,0.48399373927581796,1.0,0.055044757875170575,-0.3697357705761481,0.006701112390141022,0.10347932041635977,0.2171559446338208,0.4343367994231491,-0.17237430546388874,0.1858773288383877,0.3814806768068665
-0.4289810505084294,-0.21539201446091646,-0.5961538391483655,-0.2853595520368592,-0.48560428258367927,0.021983363886371267,-0.4652420758716001,-0.044905465442585724,-0.5016423847700425,0.055044757875170575,1.0,-0.2409938750276793,-0.28278169623057314,0.026096502804803422,-0.3539322786217307,0.09574902964125952,-0.6811156719482563,-0.14252441469321586,-0.45068697611897723
0.29055887204681513,0.3914236536382281,0.2608729161956328,0.3941295571679965,0.02507807970701321,-0.23332067453265332,-0.0743560676221846,0.11108088501601417,-0.1708302181433829,-0.3697357705761481,-0.2409938750276793,1.0,0.0037960983556594463,0.3636963514146021,-0.07095179697197307,-0.018756894072736664,0.3681200060199987,-0.29982860264187045,-0.1419875228481797
0.5393950658737815,0.24355188989357096,0.5882634907438479,0.35289555243180604,0.6280961427281091,0.09677981148866568,0.5228414161569588,0.23904505846021948,0.3040021886670443,0.006701112390141022,-0.28278169623057314,0.0037960983556594463,1.0,0.28630997526691193,0.6341160704383669,0.06672097643713149,0.4356132421725219,0.33992800564967063,0.20209353417883355
0.14879213574880293,-0.030632210714367083,0.25477232449966297,0.3016172306338875,0.2060316986660363,0.06672441366939427,0.20697396773451082,0.29612734686608777,0.14030350390542284,0.10347932041635977,0.026096502804803422,0.3636963514146021,0.28630997526691193,1.0,0.18250643297822824,0.44137392607979287,0.2941544342240945,0.005692427254160479,0.13388805700238535
0.31310553946523095,0.1341459183211164,0.3511478329867198,0.21184194419691477,0.45977943012650063,0.14460743831495199,0.6368596958493554,0.2120074594009065,0.5856494662999222,0.2171559446338208,-0.3539322786217307,-0.07095179697197307,0.6341160704383669,0.18250643297822824,1.0,0.12836032210602427,0.2337959307218937,0.2640486889002347,0.2438522001151524
-0.1100991610279286,-0.26848926917916194,0.01759521956942865,-0.057393043028758944,0.01872719572327381,0.040338879307808474,0.11336372945459776,0.1380912277941138,0.1800595946319969,0.4343367994231491,0.09574902964125952,-0.018756894072736664,0.06672097643713149,0.44137392607979287,0.12836032210602427,1.0,-0.028851875234571365,-0.09692182497864375,0.0940177480656293
0.7797118300381651,0.518961796717822,0.8515193283795309,0.7689339696233445,0.6347927029354197,0.035272835013863954,0.3858439657985634,0.2885966544839927,0.2240483593035839,-0.17237430546388874,-0.6811156719482563,0.3681200060199987,0.4356132421725219,0.2941544342240945,0.2337959307218937,-0.028851875234571365,1.0,0.3683880270626118,0.331736449750337
0.20186045382894635,-0.007357125739306756,0.33424621621295053,0.3097353397712011,0.6245463015805598,0.44380165695078094,0.5543972159103474,0.26682073997574707,0.3873150967072767,0.1858773288383877,-0.14252441469321586,-0.29982860264187045,0.33992800564967063,0.005692427254160479,0.2640486889002347,-0.09692182497864375,0.3683880270626118,1.0,0.5800234403010904
0.15920254162353673,-0.06203586986649158,0.22041670316831843,0.14098940793800574,0.5564607922634033,0.39732859258577885,0.7285300413510105,0.2133583825559506,0.7221984196417919,0.3814806768068665,-0.45068697611897723,-0.1419875228481797,0.20209353417883355,0.13388805700238535,0.2438522001151524,0.0940177480656293,0.331736449750337,0.5800234403010904,1.0
