0,1,2,3,4,5,6,7,8,9,10,11,12,13,14,15,16,17,18
1.0,0.9149053580992408,0.7890148131910146,0.7573092240894748,0.6117515160184608,0.5528294194798155,0.40131760513440234,0.3216618895348215,0.23736701272666147,0.16883081478665168,0.8567566064895684,0.6208194132338679,0.4815010088799998,0.4916687609812476,0.32198067600182745,0.17047615354766937,0.4727899873720769,0.3868152575974995,0.2836618615076435
0.9149053580992408,1.0,0.7757645278732275,0.8149877263786579,0.6124419341971514,0.5360959330869127,0.40665994604821376,0.2484477867469966,0.2541370183098745,0.08333623677146407,0.7139354300006183,0.7636756199957765,0.5159806703811033,0.5494676291219956,0.31083516890610896,0.09427127423625846,0.5370175471196056,0.3607512294956873,0.25636700294061565
0.7890148131910146,0.7757645278732275,1.0,0.8478238024043718,0.7524277056357371,0.6231657510028328,0.37253196751362316,0.35899082556853124,0.3286416542939289,0.18047819568097836,0.6116987330735142,0.4604537142648901,0.5673905130325144,0.5052213938609728,0.3827662837549809,0.23682593938558666,0.5498568503940058,0.4645471839622247,0.35120201104078497
0.7573092240894748,0.8149877263786579,0.8478238024043718,1.0,0.6704832344560742,0.7096419973798248,0.3771639642527149,0.3465952983899597,0.25619376762099777,0.16183542729277942,0.6389441864963777,0.49856230710023364,0.5202976520795567,0.6125229204647313,0.3447980606208685,0.1679016689296069,0.5175741182863501,0.46691163977815703,0.24828167653695413
0.6117515160184608,0.6124419341971514,0.7524277056357371,0.6704832344560742,1.0,0.6740679357764506,0.3502903745300565,0.3399117197256996,0.48486605945010725,0.18674859549524617,0.4066230511042437,0.406158680304072,0.7108739196641538,0.3333445325414145,0.495899243156282,0.2772693953928566,0.5150175014383265,0.4823553410662478,0.411205610507291
0.5528294194798155,0.5360959330869127,0.6231657510028328,0.7096419973798248,0.6740679357764506,1.0,0.36370957881166127,0.6411783065017618,0.3983569250664507,0.40681353544024973,0.489293584707898,0.2098550115337196,0.43128253065463606,0.5500175878923512,0.4550040208597533,0.3979473004720408,0.34162155427736185,0.6073884449655518,0.4014374171641085
0.40131760513440234,0.40665994604821376,0.37253196751362316,0.3771639642527149,0.3502903745300565,0.36370957881166127,1.0,0.3475900506892381,0.39918680122162153,0.20534023985382513,0.36901427175215185,0.5055420364008413,0.42168115918894383,0.7007506683478582,0.2603054095748747,0.033713059543020056,0.3056868798556493,0.2949608804847279,0.3314479935091496
0.3216618895348215,0.2484477867469966,0.35899082556853124,0.3465952983899597,0.3399117197256996,0.6411783065017618,0.3475900506892381,1.0,0.46470433205304207,0.7991795719242396,0.35168764460675234,-0.02472741705616987,0.1317390058898379,0.36184644540842725,0.44263836174404997,0.5806473681427171,0.06758673107152788,0.4145269124117942,0.43501950158361524
0.23736701272666147,0.2541370183098745,0.3286416542939289,0.25619376762099777,0.48486605945010725,0.3983569250664507,0.39918680122162153,0.46470433205304207,1.0,0.42627434093817357,0.037824502732149996,0.24690994343935752,0.2633170523443698,0.1799780142507409,0.5635391170658618,0.2757928010812109,0.19734413607669524,0.2673438739323956,0.4459557234700607
0.16883081478665168,0.08333623677146407,0.18047819568097836,0.16183542729277942,0.18674859549524617,0.40681353544024973,0.20534023985382513,0.7991795719242396,0.42627434093817357,1.0,0.22096737803114327,-0.12293611720291787,-0.007883592511411212,0.17453572955466368,0.36753127917534956,0.494465661840749,-0.09765441364518809,0.24257649897463712,0.3261416672698408
0.8567566064895684,0.7139354300006183,0.6116987330735142,0.6389441864963777,0.4066230511042437,0.489293584707898,0.36901427175215185,0.35168764460675234,0.037824502732149996,0.22096737803114327,1.0,0.2745782945153371,0.4242835921130164,0.4176600517150784,0.13187731759060545,0.10316393366151115,0.2881601769938212,0.26989720698974895,0.021870839078150527
0.6208194132338679,0.7636756199957765,0.4604537142648901,0.49856230710023364,0.406158680304072,0.2098550115337196,0.5055420364008413,-0.02472741705616987,0.24690994343935752,-0.12293611720291787,0.2745782945153371,1.0,0.3458463417220185,0.48090392663513193,0.24357505300805202,-0.06040498466849308,0.37865146701881974,0.05479136840766324,0.17443315120223107
0.4815010088799998,0.5159806703811033,0.5673905130325144,0.5202976520795567,0.7108739196641538,0.43128253065463606,0.42168115918894383,0.1317390058898379,0.2633170523443698,-0.007883592511411212,0.4242835921130164,0.3458463417220185,1.0,0.36847466939706225,0.10695998084437464,-0.08719728266929845,0.7139768930006924,0.35372743099913934,0.12962545861395458
0.4916687609812476,0.5494676291219956,0.5052213938609728,0.6125229204647313,0.3333445325414145,0.5500175878923512,0.7007506683478582,0.36184644540842725,0.1799780142507409,0.17453572955466368,0.4176600517150784,0.48090392663513193,0.36847466939706225,1.0,0.210940192305848,0.12527715010119825,0.22031604896037152,0.2347175212590828,0.1232459803598646
0.32198067600182745,0.31083516890610896,0.3827662837549809,0.3447980606208685,0.495899243156282,0.4550040208597533,0.2603054095748747,0.44263836174404997,0.5635391170658618,0.36753127917534956,0.13187731759060545,0.24357505300805202,0.10695998084437464,0.210940192305848,1.0,0.5165293854212034,-0.03309213636264349,0.2375102894811799,0.36010355331443267
0.17047615354766937,0.09427127423625846,0.23682593938558666,0.1679016689296069,0.2772693953928566,0.3979473004720408,0.033713059543020056,0.5806473681427171,0.2757928010812109,0.494465661840749,0.10316393366151115,-0.06040498466849308,-0.08719728266929845,0.12527715010119825,0.5165293854212034,1.0,-0.13832045449190283,0.181703301398532,0.30506089974452993
0.4727899873720769,0.5370175471196056,0.5498568503940058,0.5175741182863501,0.5150175014383265,0.34162155427736185,0.3056868798556493,0.06758673107152788,0.19734413607669524,-0.09765441364518809,0.2881601769938212,0.37865146701881974,0.7139768930006924,0.22031604896037152,-0.03309213636264349,-0.13832045449190283,1.0,0.6601274865606622,0.4344587504333908
0.3868152575974995,0.3607512294956873,0.4645471839622247,0.46691163977815703,0.4823553410662478,0.6073884449655518,0.2949608804847279,0.4145269124117942,0.2673438739323956,0.24257649897463712,0.26989720698974895,0.05479136840766324,0.35372743099913934,0.2347175212590828,0.2375102894811799,0.181703301398532,0.6601274865606622,1.0,0.7270518635256074
0.2836618615076435,0.25636700294061565,0.35120201104078497,0.24828167653695413,0.411205610507291,0.4014374171641085,0.3314479935091496,0.43501950158361524,0.4459557234700607,0.3261416672698408,0.021870839078150527,0.17443315120223107,0.12962545861395458,0.1232459803598646,0.36010355331443267,0.30506089974452993,0.4344587504333908,0.7270518635256074,1.0
