0,1,2,3,4,5,6,7,8,9,10,11,12,13,14,15,16,17,18
1.0,0.5199213347275218,0.597659539027646,0.42539309815559256,0.35895550997063563,0.2897230879542875,0.2884203000850781,0.14902409831335073,-0.03998620509795532,0.06594349609540358,0.5831759905643981,0.32879673412988114,0.22242081241372053,0.43984987650218726,0.11385208252048033,0.013431859590359979,0.3096804474272544,0.2816874787133529,0.18802740161726628
0.5199213347275218,1.0,0.46028046394704886,0.6558223047993069,0.32848755239223204,0.40875727425285,0.29714808277441307,0.12932546317499413,-0.029334649372308768,0.010318867709571425,0.30541650124741254,0.5657540554963988,0.2497311886819549,0.5533792777751289,0.05433339661098706,-0.11498823506367001,0.39158826552610554,0.3675059990933901,0.1353423202887509
0.597659539027646,0.46028046394704886,1.0,0.6350150904482017,0.6890414424724349,0.4864158464470894,0.37690599596233915,0.18589986419310459,0.06347905268360451,0.04068654006782495,0.2022737770792609,0.2777606545870316,0.48931765038620145,0.39220036058600793,0.18229420451720907,0.04630657479553696,0.6138530182647962,0.5324214249517047,0.3146691142048327
0.42539309815559256,0.6558223047993069,0.6350150904482017,1.0,0.5414924982812976,0.7075460668630387,0.3163197771856667,0.26516816064921467,0.033903197220234126,0.06959987291980038,0.24907182501060288,0.30237665491676374,0.36267429464059836,0.5668460759132774,0.14628812767686578,9.213213957871383e-06,0.5453069339414186,0.6621863583215057,0.23958299440557385
0.35895550997063563,0.32848755239223204,0.6890414424724349,0.5414924982812976,1.0,0.6536736108279209,0.6179243340660193,0.3489902346622648,0.2637407058528518,0.15314530339197585,0.0659886926254103,0.220227738302445,0.7602388817487713,0.4607537497483345,0.3355694620649448,0.08295071812447145,0.5685855561308,0.7196695215916586,0.5051847833038997
0.2897230879542875,0.40875727425285,0.4864158464470894,0.7075460668630387,0.6536736108279209,1.0,0.4103534244776338,0.5316230341800847,0.20071041415157218,0.2393972812331849,0.10333346418433301,0.1391890982833918,0.42574998919209717,0.6080894296653591,0.23042147294796644,0.1711471487790906,0.4457155795360229,0.8311534903427712,0.4706309652791048
0.2884203000850781,0.29714808277441307,0.37690599596233915,0.3163197771856667,0.6179243340660193,0.4103534244776338,1.0,0.47962607927069856,0.3973851998262701,0.2759098545648596,0.08240459436925392,0.41960226665849326,0.49170046949599516,0.5905913959078171,0.45250833813182706,0.07909948173059916,0.3103600483444002,0.4805910518732598,0.6018401336885086
0.14902409831335073,0.12932546317499413,0.18589986419310459,0.26516816064921467,0.3489902346622648,0.5316230341800847,0.47962607927069856,1.0,0.4053205819223657,0.6734401364159418,0.01495254711986486,0.087034616482126,0.16254444902082119,0.3996367415751267,0.3867099458654718,0.46226584532100423,0.07933032336710044,0.397260180580886,0.5814493951826701
-0.03998620509795532,-0.029334649372308768,0.06347905268360451,0.033903197220234126,0.2637407058528518,0.20071041415157218,0.3973851998262701,0.4053205819223657,1.0,0.4087401950043079,-0.3024988963851464,0.09258733618259833,0.08657553693208275,0.11469381431134977,0.2446923281868689,0.14280900387849893,0.08561800043759725,0.17799077762241675,0.41749514447433916
0.06594349609540358,0.010318867709571425,0.04068654006782495,0.06959987291980038,0.15314530339197585,0.2393972812331849,0.2759098545648596,0.6734401364159418,0.4087401950043079,1.0,-0.005563238558817372,-0.015054747685881808,-0.01027151287644766,0.14102634691707056,0.23419049567202832,0.26878153422607637,-0.07453403285642521,0.18437063997926537,0.43369488233620024
0.5831759905643981,0.30541650124741254,0.2022737770792609,0.24907182501060288,0.0659886926254103,0.10333346418433301,0.08240459436925392,0.01495254711986486,-0.3024988963851464,-0.005563238558817372,1.0,-0.32632686446727666,0.09552780660196378,-0.06752031610776699,-0.046533048505900176,-0.08068614823217572,0.055753082722578055,0.1967199669378914,-0.1523853160521661
0.32879673412988114,0.5657540554963988,0.2777606545870316,0.30237665491676374,0.220227738302445,0.1391890982833918,0.41960226665849326,0.087034616482126,0.09258733618259833,-0.015054747685881808,-0.32632686446727666,1.0,0.18608151744345552,0.6011198668063149,0.12445219436861109,-0.057292567160780856,0.28126307987405036,0.03379094265092415,0.2063104424789491
0.22242081241372053,0.2497311886819549,0.48931765038620145,0.36267429464059836,0.7602388817487713,0.42574998919209717,0.49170046949599516,0.16254444902082119,0.08657553693208275,-0.01027151287644766,0.09552780660196378,0.18608151744345552,1.0,0.33176536498218956,0.17992910673901097,-0.0802909524448589,0.678489657038073,0.5144734297127727,0.2254960031947521
0.43984987650218726,0.5533792777751289,0.39220036058600793,0.5668460759132774,0.4607537497483345,0.6080894296653591,0.5905913959078171,0.3996367415751267,0.11469381431134977,0.14102634691707056,-0.06752031610776699,0.6011198668063149,0.33176536498218956,1.0,0.24589126394479285,0.1117223923130953,0.3460620677232375,0.4750992111843803,0.38837278923242036
0.11385208252048033,0.05433339661098706,0.18229420451720907,0.14628812767686578,0.3355694620649448,0.23042147294796644,0.45250833813182706,0.3867099458654718,0.2446923281868689,0.23419049567202832,-0.046533048505900176,0.12445219436861109,0.17992910673901097,0.24589126394479285,1.0,0.23613833432378184,-0.08980583733602675,0.2085482543390837,0.26476580591394455
0.013431859590359979,-0.11498823506367001,0.04630657479553696,9.213213957871383e-06,0.08295071812447145,0.1711471487790906,0.07909948173059916,0.46226584532100423,0.14280900387849893,0.26878153422607637,-0.08068614823217572,-0.057292567160780856,-0.0802909524448589,0.1117223923130953,0.23613833432378184,1.0,-0.0983683311286552,-0.02886425328160351,0.1993876325113073
0.3096804474272544,0.39158826552610554,0.6138530182647962,0.5453069339414186,0.5685855561308,0.4457155795360229,0.3103600483444002,0.07933032336710044,0.08561800043759725,-0.07453403285642521,0.055753082722578055,0.28126307987405036,0.678489657038073,0.3460620677232375,-0.08980583733602675,-0.0983683311286552,1.0,0.4342011177913208,0.18224424137579198
0.2816874787133529,0.3675059990933901,0.5324214249517047,0.6621863583215057,0.7196695215916586,0.8311534903427712,0.4805910518732598,0.397260180580886,0.17799077762241675,0.18437063997926537,0.1967199669378914,0.03379094265092415,0.5144734297127727,0.4750992111843803,0.2085482543390837,-0.02886425328160351,0.4342011177913208,1.0,0.4681290492795742
0.18802740161726628,0.1353423202887509,0.3146691142048327,0.23958299440557385,0.5051847833038997,0.4706309652791048,0.6018401336885086,0.5814493951826701,0.41749514447433916,0.43369488233620024,-0.1523853160521661,0.2063104424789491,0.2254960031947521,0.38837278923242036,0.26476580591394455,0.1993876325113073,0.18224424137579198,0.4681290492795742,1.0
