0,1,2,3,4,5,6,7,8,9,10,11,12,13,14,15,16,17,18
1.0,0.6214568367656457,0.21690604461863028,0.033548319095893675,0.05615432455460387,-0.4255685093587324,-0.2476624848257163,-0.610427328150213,-0.27100570244995076,-0.5874024523870613,0.41240741355942007,-0.22092119140584776,-0.010921301731990919,-0.5790917530899986,-0.27002277359013893,-0.596901664390302,0.8761946581827961,-0.24680737982724657,-0.30849763406251024
0.6214568367656457,1.0,-0.40050934258522736,0.3966247132692403,-0.5005376108022629,-0.30831382153152764,-0.6970713162970239,-0.6314918905888611,-0.6196732077553387,-0.6787176024819737,-0.30275303512550106,0.24972815591602462,-0.5971250824898159,-0.41535599111095667,-0.6728753687858505,-0.6497356262009871,0.7032994329025761,-0.15398231164486728,-0.7309996263486181
0.21690604461863028,-0.40050934258522736,1.0,-0.06046571765514571,0.9299207039522693,0.13657852741771762,0.62059944334149,0.07366030100083444,0.39264237049090706,-0.07033308271373877,0.7200868928401094,-0.2708159135670597,0.8526707963467408,-0.025073384508158516,0.47999869970953785,-0.054408276743937826,0.12040907770401495,0.27646866917734136,0.5042320079419881
0.033548319095893675,0.3966247132692403,-0.06046571765514571,1.0,-0.06024150903093827,0.41295892675716445,-0.3117640212076839,-0.10818669647616505,-0.3763459174677127,-0.5144629088746119,-0.27260302953127086,0.28653509018892825,-0.2680950715979136,-0.06150219237953183,-0.3771088510093244,-0.4553347748901238,0.19671518598284157,0.4640773201943817,-0.3351096159022158
0.05615432455460387,-0.5005376108022629,0.9299207039522693,-0.06024150903093827,1.0,0.27794356210120447,0.7552637646541875,0.22047463629153125,0.4970812412515662,0.014436542122984983,0.5893683223294239,-0.18255132352162642,0.9083450730610895,0.12161462470065493,0.5838083626240221,0.04561066543419294,0.028296058613223457,0.39330958739561717,0.6373991930186287
-0.4255685093587324,-0.30831382153152764,0.13657852741771762,0.41295892675716445,0.27794356210120447,1.0,0.2848113769486312,0.6599285805788344,0.08523728506209972,-0.04527994513908546,-0.18487715590929527,0.08926462792739037,0.14505769643594807,0.3727512220174885,0.07024809969787951,-0.04133226624693809,-0.3362213597954151,0.6477308139071759,0.368122487361788
-0.2476624848257163,-0.6970713162970239,0.62059944334149,-0.3117640212076839,0.7552637646541875,0.2848113769486312,1.0,0.5399241369295371,0.8071723761480573,0.33828337776335243,0.3318779026783604,-0.210376883238624,0.7781755757336218,0.2296460601663359,0.7890867741164018,0.30997216797629223,-0.2159451531128719,0.19124272834229597,0.9012188241661072
-0.610427328150213,-0.6314918905888611,0.07366030100083444,-0.10818669647616505,0.22047463629153125,0.6599285805788344,0.5399241369295371,1.0,0.38304643176156006,0.3995630640204828,-0.15728370669904337,-0.19951661357038936,0.2004234304306288,0.3458077006774998,0.3060317948860927,0.2758249381640914,-0.5839356867640528,0.2990948159923997,0.6760661382107819
-0.27100570244995076,-0.6196732077553387,0.39264237049090706,-0.3763459174677127,0.4970812412515662,0.08523728506209972,0.8071723761480573,0.38304643176156006,1.0,0.4647072447143296,0.207372996648612,-0.1274902931447643,0.591421670789757,0.24648275319010082,0.8565011168366041,0.4682684868259213,-0.20643868229901963,-0.027315363632066127,0.7519201033209472
-0.5874024523870613,-0.6787176024819737,-0.07033308271373877,-0.5144629088746119,0.014436542122984983,-0.04527994513908546,0.33828337776335243,0.3995630640204828,0.4647072447143296,1.0,-0.14676187335831095,-0.26913872820417634,0.11040728653955359,0.24681350960397636,0.41396295426422736,0.6883496657105602,-0.6202403857660026,-0.16627943623706662,0.37973459590495073
0.41240741355942007,-0.30275303512550106,0.7200868928401094,-0.27260302953127086,0.5893683223294239,-0.18487715590929527,0.3318779026783604,-0.15728370669904337,0.207372996648612,-0.14676187335831095,1.0,-0.5106846712147367,0.6513145635299337,-0.27000286030757686,0.3281464571910364,-0.1318733726971698,0.19833253331081446,-0.08346139646288973,0.2701659080410457
-0.22092119140584776,0.24972815591602462,-0.2708159135670597,0.28653509018892825,-0.18255132352162642,0.08926462792739037,-0.210376883238624,-0.19951661357038936,-0.1274902931447643,-0.26913872820417634,-0.5106846712147367,1.0,-0.18791931196096065,0.5006930924672129,-0.13825145476623313,-0.007909880484889662,0.030166361230758755,0.07968445712104939,-0.24023558773862078
-0.010921301731990919,-0.5971250824898159,0.8526707963467408,-0.2680950715979136,0.9083450730610895,0.14505769643594807,0.7781755757336218,0.2004234304306288,0.591421670789757,0.11040728653955359,0.6513145635299337,-0.18791931196096065,1.0,0.1969703824815452,0.7088130186985631,0.17528620970242903,-0.06402569018764508,0.20320534466779064,0.6461652702179334
-0.5790917530899986,-0.41535599111095667,-0.025073384508158516,-0.06150219237953183,0.12161462470065493,0.3727512220174885,0.2296460601663359,0.3458077006774998,0.24648275319010082,0.24681350960397636,-0.27000286030757686,0.5006930924672129,0.1969703824815452,1.0,0.2949504271753036,0.4291534407567595,-0.4483788228479534,0.19803814147087867,0.2419332861397365
-0.27002277359013893,-0.6728753687858505,0.47999869970953785,-0.3771088510093244,0.5838083626240221,0.07024809969787951,0.7890867741164018,0.3060317948860927,0.8565011168366041,0.41396295426422736,0.3281464571910364,-0.13825145476623313,0.7088130186985631,0.2949504271753036,1.0,0.45005641259292095,-0.24310307395845623,0.02364103590194011,0.6913215277939992
-0.596901664390302,-0.6497356262009871,-0.054408276743937826,-0.4553347748901238,0.04561066543419294,-0.04133226624693809,0.30997216797629223,0.2758249381640914,0.4682684868259213,0.6883496657105602,-0.1318733726971698,-0.007909880484889662,0.17528620970242903,0.4291534407567595,0.45005641259292095,1.0,-0.5932341339200493,-0.13756226018778245,0.3249823836687407
0.8761946581827961,0.7032994329025761,0.12040907770401495,0.19671518598284157,0.028296058613223457,-0.3362213597954151,-0.2159451531128719,-0.5839356867640528,-0.20643868229901963,-0.6202403857660026,0.19833253331081446,0.030166361230758755,-0.06402569018764508,-0.4483788228479534,-0.24310307395845623,-0.5932341339200493,1.0,-0.1817647526983782,-0.26313481125931554
-0.24680737982724657,-0.15398231164486728,0.27646866917734136,0.4640773201943817,0.39330958739561717,0.6477308139071759,0.19124272834229597,0.2990948159923997,-0.027315363632066127,-0.16627943623706662,-0.08346139646288973,0.07968445712104939,0.20320534466779064,0.19803814147087867,0.02364103590194011,-0.13756226018778245,-0.1817647526983782,1.0,0.16817820421459048
-0.30849763406251024,-0.7309996263486181,0.5042320079419881,-0.3351096159022158,0.6373991930186287,0.368122487361788,0.9012188241661072,0.6760661382107819,0.7519201033209472,0.37973459590495073,0.2701659080410457,-0.24023558773862078,0.6461652702179334,0.2419332861397365,0.6913215277939992,0.3249823836687407,-0.26313481125931554,0.16817820421459048,1.0
