0,1,2,3,4,5,6,7,8,9,10,11,12,13,14,15,16,17,18
1.0,0.22065643477167798,0.6272096944198847,0.1430793231765634,0.5686340611676303,-0.13635272081270908,0.19162766206785103,-0.3922765965607969,-0.01040888480857881,-0.5073309155294039,0.6346681725874225,-0.17108430620032114,0.4745482783262785,-0.3188793226454324,0.09074621385188343,-0.40442700492922967,0.7396178439428033,0.11898229230906551,0.17723564166654152
0.22065643477167798,1.0,-0.09988207263235171,0.6161975898849705,-0.14446056113456104,-0.039293264658180574,-0.44874566399510996,-0.47254545109646584,-0.47915892618757133,-0.5209545385039375,-0.23265498699612067,0.3908312374052165,-0.31295938981569127,-0.07700902273053267,-0.49003124360651484,-0.4624729013920834,0.46191129844800094,0.1939234467934792,-0.5138264883364317
0.6272096944198847,-0.09988207263235171,1.0,0.14078747705790273,0.9201934582014122,0.04582980319352401,0.4316078322556434,-0.1992741823922142,0.1318300437299399,-0.3747390925456313,0.7227600704162483,-0.26797237614105623,0.8079768075674965,-0.261052701176128,0.3011239085201723,-0.30104455759797777,0.5250579318948951,0.2881266985721114,0.37645125963216963
0.1430793231765634,0.6161975898849705,0.14078747705790273,1.0,0.12635878239476384,0.3335692818039448,-0.18897972571951793,-0.2330135567169558,-0.39357304083201633,-0.4970079697808291,-0.130666389521977,0.16639033678589052,-0.09646651134802935,-0.10603183988279483,-0.38882778620165176,-0.5125712557146288,0.3321313077019305,0.5144413574594298,-0.27719947976733983
0.5686340611676303,-0.14446056113456104,0.9201934582014122,0.12635878239476384,1.0,0.16523117222697858,0.5802177760273755,-0.05332693761342335,0.1866310691399442,-0.3716521617788484,0.6535499229591941,-0.25138657354846755,0.8667666783253228,-0.18713884544494347,0.3475657554253529,-0.32199456786719627,0.5177132818425909,0.3340128118903237,0.4991157691527761
-0.13635272081270908,-0.039293264658180574,0.04582980319352401,0.3335692818039448,0.16523117222697858,1.0,0.17718690333342504,0.6074970660185104,-0.14189494640387693,-0.20735568943299665,-0.20837444013662404,0.02131310189755561,0.0484248378216593,0.36225085279594055,-0.1465142928340676,-0.2469196884689876,-0.05090775120439361,0.3519727730347578,0.17305965137866366
0.19162766206785103,-0.44874566399510996,0.4316078322556434,-0.18897972571951793,0.5802177760273755,0.17718690333342504,1.0,0.356894484084998,0.5445999564887632,-0.020731243530241496,0.3291110958432797,-0.3039343423888101,0.6726898309665912,-0.055963190890605634,0.5794770655131288,-0.16852463635802803,0.1741547907330033,0.01116308929593257,0.7979665332366886
-0.3922765965607969,-0.47254545109646584,-0.1992741823922142,-0.2330135567169558,-0.05332693761342335,0.6074970660185104,0.356894484084998,1.0,0.15913290890986068,0.24638149209833282,-0.32161948815493907,-0.19969381581139736,-0.037645382278361735,0.32038606412893683,0.048263384320565254,0.04105259600574723,-0.40254788815642634,0.01630468764556165,0.46175173432778727
-0.01040888480857881,-0.47915892618757133,0.1318300437299399,-0.39357304083201633,0.1866310691399442,-0.14189494640387693,0.5445999564887632,0.15913290890986068,1.0,0.4659727474626728,0.1739474102159308,-0.3726421148324291,0.32222079088304395,-0.0349848565697736,0.8094221123256478,0.23815920973494895,0.005075382582578058,-0.29318016613109316,0.5148593516430715
-0.5073309155294039,-0.5209545385039375,-0.3747390925456313,-0.4970079697808291,-0.3716521617788484,-0.20735568943299665,-0.020731243530241496,0.24638149209833282,0.4659727474626728,1.0,-0.3873764752809628,-0.30878641154602665,-0.27770059197304187,0.07441434304842777,0.2986180369368831,0.5767829091173267,-0.48703976761458007,-0.40304521830922607,0.04669308663322126
0.6346681725874225,-0.23265498699612067,0.7227600704162483,-0.130666389521977,0.6535499229591941,-0.20837444013662404,0.3291110958432797,-0.32161948815493907,0.1739474102159308,-0.3873764752809628,1.0,-0.373509649313841,0.7159129429323534,-0.38046234841770593,0.33284953837270304,-0.2606794582781064,0.397498745405984,0.05789062581750503,0.28451467012331944
-0.17108430620032114,0.3908312374052165,-0.26797237614105623,0.16639033678589052,-0.25138657354846755,0.02131310189755561,-0.3039343423888101,-0.19969381581139736,-0.3726421148324291,-0.30878641154602665,-0.373509649313841,1.0,-0.2864833266738565,0.5366309838059833,-0.3240417697695346,-0.08684466691778597,0.08803847082867262,-0.09393677456995547,-0.3515616983479717
0.4745482783262785,-0.31295938981569127,0.8079768075674965,-0.09646651134802935,0.8667666783253228,0.0484248378216593,0.6726898309665912,-0.037645382278361735,0.32222079088304395,-0.27770059197304187,0.7159129429323534,-0.2864833266738565,1.0,-0.1802607467908682,0.5185317825175287,-0.22168337112947636,0.3749797324077093,0.10713309774979797,0.5277319908641477
-0.3188793226454324,-0.07700902273053267,-0.261052701176128,-0.10603183988279483,-0.18713884544494347,0.36225085279594055,-0.055963190890605634,0.32038606412893683,-0.0349848565697736,0.07441434304842777,-0.38046234841770593,0.5366309838059833,-0.1802607467908682,1.0,-0.013382490185114105,0.13207941284263008,-0.1627114332741944,-0.22997216330934572,-0.09322131995572573
0.09074621385188343,-0.49003124360651484,0.3011239085201723,-0.38882778620165176,0.3475657554253529,-0.1465142928340676,0.5794770655131288,0.048263384320565254,0.8094221123256478,0.2986180369368831,0.33284953837270304,-0.3240417697695346,0.5185317825175287,-0.013382490185114105,1.0,0.1674227773438998,0.06308997697747033,-0.2735370309870225,0.48193779075016085
-0.40442700492922967,-0.4624729013920834,-0.30104455759797777,-0.5125712557146288,-0.32199456786719627,-0.2469196884689876,-0.16852463635802803,0.04105259600574723,0.23815920973494895,0.5767829091173267,-0.2606794582781064,-0.08684466691778597,-0.22168337112947636,0.13207941284263008,0.1674227773438998,1.0,-0.4355729735114595,-0.3906824206580327,-0.09232314369548333
0.7396178439428033,0.46191129844800094,0.5250579318948951,0.3321313077019305,0.5177132818425909,-0.05090775120439361,0.1741547907330033,-0.40254788815642634,0.005075382582578058,-0.48703976761458007,0.397498745405984,0.08803847082867262,0.3749797324077093,-0.1627114332741944,0.06308997697747033,-0.4355729735114595,1.0,0.12186504421368553,0.15647753537396283
0.11898229230906551,0.1939234467934792,0.2881266985721114,0.5144413574594298,0.3340128118903237,0.3519727730347578,0.01116308929593257,0.01630468764556165,-0.29318016613109316,-0.40304521830922607,0.05789062581750503,-0.09393677456995547,0.10713309774979797,-0.22997216330934572,-0.2735370309870225,-0.3906824206580327,0.12186504421368553,1.0,0.027993365497806216
0.17723564166654152,-0.5138264883364317,0.37645125963216963,-0.27719947976733983,0.4991157691527761,0.17305965137866366,0.7979665332366886,0.46175173432778727,0.5148593516430715,0.04669308663322126,0.28451467012331944,-0.3515616983479717,0.5277319908641477,-0.09322131995572573,0.48193779075016085,-0.09232314369548333,0.15647753537396283,0.027993365497806216,1.0
