0,1,2,3,4,5,6,7,8,9,10,11,12,13,14,15,16,17,18
1.0,0.19804100555812604,0.7720160159296274,-0.08976949044226816,0.711806654760819,-0.44911456705768665,0.3862128380088539,-0.5619842202025886,0.18684632866624637,-0.6510602660323769,0.8828955758243846,-0.345712713417491,0.6911076033707466,-0.5969310772664714,0.23183846355153212,-0.6211803434211188,0.8293724308333794,-0.09632447487919503,0.3468267429259897
0.19804100555812604,1.0,-0.08636643185223643,0.2543663000094354,-0.18400647168505702,-0.26426947789237654,-0.44587004952493137,-0.5393851121431218,-0.4434420363906478,-0.5862408743039639,0.09162949553392814,0.19445068388177664,-0.21243084684269828,-0.21706904302663055,-0.4727184147724062,-0.4820135029231845,0.29373781079863615,-0.019167078981681934,-0.4849595393533417
0.7720160159296274,-0.08636643185223643,1.0,-0.044510536346778734,0.9478981299821122,-0.23373866610962485,0.6394715761511236,-0.35262458748957753,0.37304480519515687,-0.4745610687048711,0.7913704268097537,-0.2659154549367874,0.8904528441338372,-0.41831231599663254,0.4773252146250265,-0.4545651613254251,0.7434785501224808,0.029471270061413785,0.5720622779327655
-0.08976949044226816,0.2543663000094354,-0.044510536346778734,1.0,-0.10067166388650413,0.43229141808610616,-0.3609519838751573,-0.06867293204977919,-0.39864058197116403,-0.2302430484948379,-0.18526850498076658,0.10538302841434266,-0.20895783571455942,-0.011316898384302498,-0.34710083108660494,-0.21977522652400303,-0.058775144505509004,0.6129474709063596,-0.34219812199329536
0.711806654760819,-0.18400647168505702,0.9478981299821122,-0.10067166388650413,1.0,-0.16034751327145474,0.771567059234948,-0.25413539251036116,0.46667606047977767,-0.4166994106113847,0.7276814895235534,-0.22032949771223667,0.9276268014981629,-0.3415497818443192,0.5781827385716086,-0.38031158493383466,0.7242252985753624,0.06223986909594288,0.6943713603975733
-0.44911456705768665,-0.26426947789237654,-0.23373866610962485,0.43229141808610616,-0.16034751327145474,1.0,-0.05304426952900616,0.646217193078204,-0.1242516042941213,0.17950356909815315,-0.5014175910782939,0.16112203685307414,-0.2167533356192428,0.46905344173317676,-0.10308991325102579,0.16991984315726408,-0.389248738240682,0.4619239884734287,0.03100704357491631
0.3862128380088539,-0.44587004952493137,0.6394715761511236,-0.3609519838751573,0.771567059234948,-0.05304426952900616,1.0,0.1120751182772842,0.7152896917414475,-0.09212324397332432,0.4200194845543852,-0.1720120846174094,0.7813453000375367,-0.11937222355019045,0.7666766235694618,-0.08899675398877105,0.4399778823196614,-0.11249170664290345,0.8834058363038629
-0.5619842202025886,-0.5393851121431218,-0.35262458748957753,-0.06867293204977919,-0.25413539251036116,0.646217193078204,0.1120751182772842,1.0,0.07845114441802854,0.49625350069439295,-0.5640794423576916,-0.08496253925298378,-0.2636571989621644,0.37157445851166426,-0.01591005602712775,0.35289738565112644,-0.5890932873605788,0.18178797508182223,0.21227326409268213
0.18684632866624637,-0.4434420363906478,0.37304480519515687,-0.39864058197116403,0.46667606047977767,-0.1242516042941213,0.7152896917414475,0.07845114441802854,1.0,0.2364734286921523,0.21528513624674436,-0.20421641745147454,0.5233713853495194,0.015813270969444116,0.8267097643519762,0.19060432974889907,0.20473817233673167,-0.20779835015043022,0.6596436300868248
-0.6510602660323769,-0.5862408743039639,-0.4745610687048711,-0.2302430484948379,-0.4166994106113847,0.17950356909815315,-0.09212324397332432,0.49625350069439295,0.2364734286921523,1.0,-0.6324536507154647,-0.061474580133251674,-0.38583483140028374,0.38491708287332593,0.140048263361197,0.6915768707454995,-0.6568933616974816,-0.11000110263826196,-0.0653049770227537
0.8828955758243846,0.09162949553392814,0.7913704268097537,-0.18526850498076658,0.7276814895235534,-0.5014175910782939,0.4200194845543852,-0.5640794423576916,0.21528513624674436,-0.6324536507154647,1.0,-0.41073246123400436,0.7478603133942376,-0.6258446411596328,0.2867864004751321,-0.6094553431725239,0.7920976938195303,-0.15992817963986924,0.36121389620123295
-0.345712713417491,0.19445068388177664,-0.2659154549367874,0.10538302841434266,-0.22032949771223667,0.16112203685307414,-0.1720120846174094,-0.08496253925298378,-0.20421641745147454,-0.061474580133251674,-0.41073246123400436,1.0,-0.27687090390663344,0.6206987218158517,-0.1399602140847582,0.16845317989269723,-0.028764316949156925,-0.1150522269745601,-0.15885424115389565
0.6911076033707466,-0.21243084684269828,0.8904528441338372,-0.20895783571455942,0.9276268014981629,-0.2167533356192428,0.7813453000375367,-0.2636571989621644,0.5233713853495194,-0.38583483140028374,0.7478603133942376,-0.27687090390663344,1.0,-0.3144878134371542,0.6572301594219069,-0.34023765557596103,0.6864228784273008,-0.07672393518673333,0.6799695337755962
-0.5969310772664714,-0.21706904302663055,-0.41831231599663254,-0.011316898384302498,-0.3415497818443192,0.46905344173317676,-0.11937222355019045,0.37157445851166426,0.015813270969444116,0.38491708287332593,-0.6258446411596328,0.6206987218158517,-0.3144878134371542,1.0,0.038856403055525686,0.5321266124009307,-0.4008142989397368,-0.11081876893984796,-0.09618588205450582
0.23183846355153212,-0.4727184147724062,0.4773252146250265,-0.34710083108660494,0.5781827385716086,-0.10308991325102579,0.7666766235694618,-0.01591005602712775,0.8267097643519762,0.140048263361197,0.2867864004751321,-0.1399602140847582,0.6572301594219069,0.038856403055525686,1.0,0.11330609994212251,0.29492081457677294,-0.17627083910783353,0.6816325793127468
-0.6211803434211188,-0.4820135029231845,-0.4545651613254251,-0.21977522652400303,-0.38031158493383466,0.16991984315726408,-0.08899675398877105,0.35289738565112644,0.19060432974889907,0.6915768707454995,-0.6094553431725239,0.16845317989269723,-0.34023765557596103,0.5321266124009307,0.11330609994212251,1.0,-0.5822066178062528,-0.1501521334549817,-0.09636095722309794
0.8293724308333794,0.29373781079863615,0.7434785501224808,-0.058775144505509004,0.7242252985753624,-0.389248738240682,0.4399778823196614,-0.5890932873605788,0.20473817233673167,-0.6568933616974816,0.7920976938195303,-0.028764316949156925,0.6864228784273008,-0.4008142989397368,0.29492081457677294,-0.5822066178062528,1.0,-0.14146207754251733,0.41762913832610216
-0.09632447487919503,-0.019167078981681934,0.029471270061413785,0.6129474709063596,0.06223986909594288,0.4619239884734287,-0.11249170664290345,0.18178797508182223,-0.20779835015043022,-0.11000110263826196,-0.15992817963986924,-0.1150522269745601,-0.07672393518673333,-0.11081876893984796,-0.17627083910783353,-0.1501521334549817,-0.14146207754251733,1.0,-0.05103927240601751
0.3468267429259897,-0.4849595393533417,0.5720622779327655,-0.34219812199329536,0.6943713603975733,0.03100704357491631,0.8834058363038629,0.21227326409268213,0.6596436300868248,-0.0653049770227537,0.36121389620123295,-0.15885424115389565,0.6799695337755962,-0.09618588205450582,0.6816325793127468,-0.09636095722309794,0.41762913832610216,-0.05103927240601751,1.0
