0,1,2,3,4,5,6,7,8,9,10,11,12,13,14,15,16,17,18
1.0,0.08402930942250765,0.7448908010365045,-0.07243262101406403,0.6806618037577196,-0.22487880158599433,0.3903739454051135,-0.4509451913598098,0.26066167484054203,-0.36792145315869657,0.7488328893074929,-0.2723422237891896,0.6311150407757631,-0.31539749947870843,0.2972462133249799,-0.44281801803558546,0.8508625254152479,-0.20974007926697366,0.39018168755068117
0.08402930942250765,1.0,-0.14049910475846003,0.6103857016096691,-0.19249952218736394,0.040569136039346074,-0.41244336807803045,-0.4102393612355641,-0.47910484054428687,-0.6029636249068783,-0.2727996666208517,0.4040736813266415,-0.3183216576184613,-0.1722714018129831,-0.48735439685445536,-0.4521399022017629,0.20942057540764092,0.2805596793860275,-0.5508719195927603
0.7448908010365045,-0.14049910475846003,1.0,-0.05694146080282278,0.9355380727783065,-0.08542937273127577,0.5908614228924968,-0.27017307333283,0.37561248753856036,-0.26850069654970654,0.7652815670674694,-0.30721334595787214,0.8311514021611248,-0.23497505344141464,0.4194012362203736,-0.3523592565708062,0.7320380236223878,-0.04649502298248424,0.5520645888534346
-0.07243262101406403,0.6103857016096691,-0.05694146080282278,1.0,-0.06257961017361187,0.4545153844779361,-0.31931160996731683,-0.10747056162542519,-0.492098375725945,-0.5536669684387732,-0.30463786934376125,0.26412867997939876,-0.3007113800903768,-0.10643377732298072,-0.4887799060306008,-0.4436905618072911,0.02714062693445543,0.6707019686816721,-0.3782501015025895
0.6806618037577196,-0.19249952218736394,0.9355380727783065,-0.06257961017361187,1.0,-0.053034522525515125,0.7285562617102347,-0.2109009960171851,0.43391612246032724,-0.2028567056073318,0.6921429953950543,-0.3197947859637302,0.8835600722056925,-0.21704237381369124,0.488263629815004,-0.3094451173927718,0.7005994911103112,-0.002108401141571441,0.6460640331067956
-0.22487880158599433,0.040569136039346074,-0.08542937273127577,0.4545153844779361,-0.053034522525515125,1.0,-0.17421000704475453,0.5679192561442268,-0.30502230700493743,-0.22752103371114624,-0.3033093999152843,0.18984779292891443,-0.2463425119381335,0.378911064597248,-0.337061885321789,-0.23597116165493057,-0.13495287531505337,0.4609785090429728,-0.004443444858107325
0.3903739454051135,-0.41244336807803045,0.5908614228924968,-0.31931160996731683,0.7285562617102347,-0.17421000704475453,1.0,-0.0236110502688619,0.7194118129319282,0.11228253905975742,0.4882648451214356,-0.4168790874830452,0.8141430607499529,-0.22506561869481667,0.7392298456201423,-0.059074275997216805,0.4282388430037803,-0.22240803274197407,0.8119564439203484
-0.4509451913598098,-0.4102393612355641,-0.27017307333283,-0.10747056162542519,-0.2109009960171851,0.5679192561442268,-0.0236110502688619,1.0,-0.09674269242898975,0.23228203613409623,-0.35132400818803783,-0.1419660702238448,-0.23503279564862076,0.3503126407614584,-0.14376663425222935,0.1288189215963078,-0.4154944208834325,0.11439530001775754,0.22997425960903853
0.26066167484054203,-0.47910484054428687,0.37561248753856036,-0.492098375725945,0.43391612246032724,-0.30502230700493743,0.7194118129319282,-0.09674269242898975,1.0,0.44936717586745806,0.3503445719652574,-0.35331796379368047,0.5526893494840579,-0.12757452966429692,0.8697058879706562,0.26506826261085525,0.2905318606220511,-0.4080499968747026,0.659214811166812
-0.36792145315869657,-0.6029636249068783,-0.26850069654970654,-0.5536669684387732,-0.2028567056073318,-0.22752103371114624,0.11228253905975742,0.23228203613409623,0.44936717586745806,1.0,-0.28165518756322533,-0.23435726110172833,-0.10438215253948836,0.15300212835630153,0.3758661174256747,0.6567799310655558,-0.3572951947612826,-0.3516393707825746,0.16804828290136006
0.7488328893074929,-0.2727996666208517,0.7652815670674694,-0.30463786934376125,0.6921429953950543,-0.3033093999152843,0.4882648451214356,-0.35132400818803783,0.3503445719652574,-0.28165518756322533,1.0,-0.46231989386520267,0.7556705869383885,-0.326673766564107,0.4072221264266828,-0.349991380736061,0.6106715037351389,-0.30442606293605495,0.4751520000377912
-0.2723422237891896,0.4040736813266415,-0.30721334595787214,0.26412867997939876,-0.3197947859637302,0.18984779292891443,-0.4168790874830452,-0.1419660702238448,-0.35331796379368047,-0.23435726110172833,-0.46231989386520267,1.0,-0.3938363600613903,0.495753478434337,-0.36022516547060385,-0.023849023917381383,-0.10707864471847513,0.08948871941712307,-0.46607665073616417
0.6311150407757631,-0.3183216576184613,0.8311514021611248,-0.3007113800903768,0.8835600722056925,-0.2463425119381335,0.8141430607499529,-0.23503279564862076,0.5526893494840579,-0.10438215253948836,0.7556705869383885,-0.3938363600613903,1.0,-0.23640009144153237,0.6475727876287359,-0.21659696703572584,0.6095716334241216,-0.21680748233527986,0.6732642332394678
-0.31539749947870843,-0.1722714018129831,-0.23497505344141464,-0.10643377732298072,-0.21704237381369124,0.378911064597248,-0.22506561869481667,0.3503126407614584,-0.12757452966429692,0.15300212835630153,-0.326673766564107,0.495753478434337,-0.23640009144153237,1.0,-0.09065218212183154,0.27417482962392126,-0.20160922257289848,-0.09851218209336818,-0.14159379677767822
0.2972462133249799,-0.48735439685445536,0.4194012362203736,-0.4887799060306008,0.488263629815004,-0.337061885321789,0.7392298456201423,-0.14376663425222935,0.8697058879706562,0.3758661174256747,0.4072221264266828,-0.36022516547060385,0.6475727876287359,-0.09065218212183154,1.0,0.19139522921436375,0.3127769526810982,-0.4210105084867755,0.6459422704330317
-0.44281801803558546,-0.4521399022017629,-0.3523592565708062,-0.4436905618072911,-0.3094451173927718,-0.23597116165493057,-0.059074275997216805,0.1288189215963078,0.26506826261085525,0.6567799310655558,-0.349991380736061,-0.023849023917381383,-0.21659696703572584,0.27417482962392126,0.19139522921436375,1.0,-0.4173226349503399,-0.24310671271103015,-0.05456001950729544
0.8508625254152479,0.20942057540764092,0.7320380236223878,0.02714062693445543,0.7005994911103112,-0.13495287531505337,0.4282388430037803,-0.4154944208834325,0.2905318606220511,-0.3572951947612826,0.6106715037351389,-0.10707864471847513,0.6095716334241216,-0.20160922257289848,0.3127769526810982,-0.4173226349503399,1.0,-0.16254512064997073,0.4293972366287703
-0.20974007926697366,0.2805596793860275,-0.04649502298248424,0.6707019686816721,-0.002108401141571441,0.4609785090429728,-0.22240803274197407,0.11439530001775754,-0.4080499968747026,-0.3516393707825746,-0.30442606293605495,0.08948871941712307,-0.21680748233527986,-0.09851218209336818,-0.4210105084867755,-0.24310671271103015,-0.16254512064997073,1.0,-0.23367870615784173
0.39018168755068117,-0.5508719195927603,0.5520645888534346,-0.3782501015025895,0.6460640331067956,-0.004443444858107325,0.8119564439203484,0.22997425960903853,0.659214811166812,0.16804828290136006,0.4751520000377912,-0.46607665073616417,0.6732642332394678,-0.14159379677767822,0.6459422704330317,-0.05456001950729544,0.4293972366287703,-0.23367870615784173,1.0
