0,1,2,3,4,5,6,7,8,9,10,11,12,13,14,15,16,17,18
1.0,0.889571378202075,0.8353136497610938,0.8455974531573025,0.7232926357423007,0.8114530892864679,0.5549633773524163,0.703829156622065,0.4689568270203791,0.621683761460654,0.782249251108419,0.6401284422053346,0.6091520237988189,0.5535313595336722,0.47576443633178306,0.6012921962932332,0.9212995016804779,0.7217060850660102,0.5457601461670035
0.889571378202075,1.0,0.8477308037606169,0.9129170313407984,0.7675110556871306,0.8785298821586205,0.5572911719348987,0.7708732305852382,0.4983342355143408,0.6635393482390683,0.819836567686364,0.694203147981921,0.6495397123582223,0.6989209071358735,0.5337787979113713,0.6814056571278105,0.9334219031330159,0.7600489320252652,0.5832039307708867
0.8353136497610938,0.8477308037606169,1.0,0.888922738073252,0.9534597580694717,0.8985088928165019,0.8088795537116479,0.8851581632809009,0.7264543294561394,0.8192025206592792,0.9034505920617286,0.6028826606742036,0.8757038823101849,0.6378107042867573,0.7535252987782612,0.8097416097980891,0.8317338322352823,0.8815609864825007,0.8088299879163356
0.8455974531573025,0.9129170313407984,0.888922738073252,1.0,0.8557017595463787,0.9892028258686711,0.6522794627847853,0.8827006650612532,0.6166120513849277,0.7858424292535725,0.9090164459386166,0.7550986463826692,0.7577424417761878,0.8093948965683272,0.6630921323053112,0.8006234276697162,0.8766800996873468,0.9203388266484952,0.6992811065765218
0.7232926357423007,0.7675110556871306,0.9534597580694717,0.8557017595463787,1.0,0.8838625311111947,0.8980301546367953,0.9228800822179368,0.8185636988271932,0.8669273370862985,0.8910151028891057,0.5803093189961679,0.9471459105544635,0.6550856704136958,0.8529541992811849,0.8614397444058911,0.7487860688769395,0.9090512490967119,0.9080343761254555
0.8114530892864679,0.8785298821586205,0.8985088928165019,0.9892028258686711,0.8838625311111947,1.0,0.6936370008217879,0.904944713585017,0.6633591602027861,0.8073439462346461,0.9108109129744499,0.7327244503410487,0.8014591488952129,0.8000301176808267,0.7152953130073316,0.8276412826058013,0.8456149106049273,0.9493781466474126,0.7487616157659325
0.5549633773524163,0.5572911719348987,0.8088795537116479,0.6522794627847853,0.8980301546367953,0.6936370008217879,1.0,0.8371396290292987,0.9050891496147135,0.8251668847131114,0.7673173974583243,0.47677282608583677,0.9381050647710591,0.5863476893056722,0.9176364614915062,0.824748841636812,0.6089743489779603,0.743171179271401,0.94200428178473
0.703829156622065,0.7708732305852382,0.8851581632809009,0.8827006650612532,0.9228800822179368,0.904944713585017,0.8371396290292987,1.0,0.816175876843722,0.9317943146370886,0.9111304440944158,0.6700874312810727,0.8834209213971269,0.7857771173330829,0.8433255723020517,0.9471337020301004,0.7406155997115019,0.9063911930247344,0.8953994433222705
0.4689568270203791,0.4983342355143408,0.7264543294561394,0.6166120513849277,0.8185636988271932,0.6633591602027861,0.9050891496147135,0.816175876843722,1.0,0.8733511901619166,0.7268832447007019,0.38877426111692925,0.8352310641635152,0.5530629689309078,0.9404538741925269,0.811672065988283,0.5109937968840012,0.7126911120470995,0.8802929141390015
0.621683761460654,0.6635393482390683,0.8192025206592792,0.7858424292535725,0.8669273370862985,0.8073439462346461,0.8251668847131114,0.9317943146370886,0.8733511901619166,1.0,0.8479614653626544,0.5894037337253508,0.8355275798310519,0.7184029752361065,0.852996496303085,0.9198971794747471,0.6451394799664966,0.8271496314076278,0.8538974045792751
0.782249251108419,0.819836567686364,0.9034505920617286,0.9090164459386166,0.8910151028891057,0.9108109129744499,0.7673173974583243,0.9111304440944158,0.7268832447007019,0.8479614653626544,1.0,0.5883138960015101,0.8430586999283062,0.7465506696447427,0.7633890328038271,0.842631820787245,0.7901373100975931,0.8714702415351203,0.7716629593905101
0.6401284422053346,0.694203147981921,0.6028826606742036,0.7550986463826692,0.5803093189961679,0.7327244503410487,0.47677282608583677,0.6700874312810727,0.38877426111692925,0.5894037337253508,0.5883138960015101,1.0,0.522008554498075,0.7316658987507056,0.4365150057292461,0.6890356959327759,0.6717794696987643,0.6797918258614247,0.4815431888481606
0.6091520237988189,0.6495397123582223,0.8757038823101849,0.7577424417761878,0.9471459105544635,0.8014591488952129,0.9381050647710591,0.8834209213971269,0.8352310641635152,0.8355275798310519,0.8430586999283062,0.522008554498075,1.0,0.6279037491409204,0.8903559169891868,0.8543851300126705,0.6423058213392618,0.847106902319513,0.9082730628481435
0.5535313595336722,0.6989209071358735,0.6378107042867573,0.8093948965683272,0.6550856704136958,0.8000301176808267,0.5863476893056722,0.7857771173330829,0.5530629689309078,0.7184029752361065,0.7465506696447427,0.7316658987507056,0.6279037491409204,1.0,0.5998005806732049,0.7918887281453978,0.6141841698925496,0.7382314893834592,0.5843824804974546
0.47576443633178306,0.5337787979113713,0.7535252987782612,0.6630921323053112,0.8529541992811849,0.7152953130073316,0.9176364614915062,0.8433255723020517,0.9404538741925269,0.852996496303085,0.7633890328038271,0.4365150057292461,0.8903559169891868,0.5998005806732049,1.0,0.8429511098897853,0.5276659624366612,0.7625782174107448,0.9005377485435534
0.6012921962932332,0.6814056571278105,0.8097416097980891,0.8006234276697162,0.8614397444058911,0.8276412826058013,0.824748841636812,0.9471337020301004,0.811672065988283,0.9198971794747471,0.842631820787245,0.6890356959327759,0.8543851300126705,0.7918887281453978,0.8429511098897853,1.0,0.6401777134569275,0.8353084823497945,0.8516838328230477
0.9212995016804779,0.9334219031330159,0.8317338322352823,0.8766800996873468,0.7487860688769395,0.8456149106049273,0.6089743489779603,0.7406155997115019,0.5109937968840012,0.6451394799664966,0.7901373100975931,0.6717794696987643,0.6423058213392618,0.6141841698925496,0.5276659624366612,0.6401777134569275,1.0,0.7322544203426401,0.602798213938352
0.7217060850660102,0.7600489320252652,0.8815609864825007,0.9203388266484952,0.9090512490967119,0.9493781466474126,0.743171179271401,0.9063911930247344,0.7126911120470995,0.8271496314076278,0.8714702415351203,0.6797918258614247,0.847106902319513,0.7382314893834592,0.7625782174107448,0.8353084823497945,0.7322544203426401,1.0,0.8142939926778279
0.5457601461670035,0.5832039307708867,0.8088299879163356,0.6992811065765218,0.9080343761254555,0.7487616157659325,0.94200428178473,0.8953994433222705,0.8802929141390015,0.8538974045792751,0.7716629593905101,0.4815431888481606,0.9082730628481435,0.5843824804974546,0.9005377485435534,0.8516838328230477,0.602798213938352,0.8142939926778279,1.0
