0,1,2,3,4,5,6,7,8,9,10,11,12,13,14,15,16,17,18
1.0,0.7404008979993852,0.8223259748662253,0.7719001325373598,0.6624158731722016,0.7631742849369136,0.5484130935587899,0.5956195147669503,0.40949881261768695,0.5583099077774324,0.7804528562562747,0.3859585083704318,0.6170205799036678,0.5005765777191893,0.494819189397082,0.5235530414781077,0.7858062371045929,0.6954440399837277,0.46500823380579853
0.7404008979993852,1.0,0.6766178913134009,0.9473962660368729,0.5788476025183094,0.9046261040778447,0.3157047647005167,0.5768412635747142,0.21793618672144638,0.5034511174042328,0.5840480284543297,0.7426140146935203,0.45579477444372,0.7725866324859226,0.2976323596409202,0.5450002637960953,0.8481091820665297,0.7279685615075032,0.32721459018238097
0.8223259748662253,0.6766178913134009,1.0,0.7712416918779406,0.8798092295154128,0.7950431706224551,0.7153668670757024,0.7042270439833036,0.498007513147468,0.6062576256974671,0.78924466147664,0.3354520387854398,0.8006665219789632,0.5515412832586597,0.6010495750738508,0.6002583737845276,0.727616600610431,0.7894579523307536,0.6235613870204944
0.7719001325373598,0.9473962660368729,0.7712416918779406,1.0,0.696580265409913,0.9774085116965927,0.4060264061341219,0.6659308730258637,0.26903095706079366,0.5499711404093932,0.6553211750517602,0.6685288140867258,0.5702267772690808,0.7977038630298601,0.37807942016796947,0.6032143662081815,0.8441512801424634,0.8381128214073755,0.4290177154289316
0.6624158731722016,0.5788476025183094,0.8798092295154128,0.696580265409913,1.0,0.7432672221165945,0.8039304184535537,0.7598254335799739,0.49854232675966476,0.6275684940722445,0.7215045592384314,0.32337203818652516,0.8939487571933977,0.5497210357801667,0.6533896626884241,0.6269577753947554,0.6348112868751336,0.8276904755669958,0.7570125043385671
0.7631742849369136,0.9046261040778447,0.7950431706224551,0.9774085116965927,0.7432672221165945,1.0,0.45155408254969204,0.7058554243122084,0.2964151707565802,0.5588790000864847,0.6699764884907911,0.6255737578970123,0.620479297427523,0.7960920037587572,0.4107448803977052,0.6244291833093928,0.8237157279744073,0.8873454575708652,0.4876563733045351
0.5484130935587899,0.3157047647005167,0.7153668670757024,0.4060264061341219,0.8039304184535537,0.45155408254969204,1.0,0.6959399898969403,0.7789547614781203,0.6381300925938578,0.7125244015463124,0.20836598797496633,0.8796316483158676,0.39959400861429234,0.8638464606233955,0.5892670888381487,0.5677464441971107,0.5327928379559203,0.8815477280835473
0.5956195147669503,0.5768412635747142,0.7042270439833036,0.6659308730258637,0.7598254335799739,0.7058554243122084,0.6959399898969403,1.0,0.567574017085708,0.8408829404209661,0.6845562065468295,0.47624790878855633,0.7515827390561193,0.714742113038608,0.6325770375344095,0.8717640739270726,0.6321117122951525,0.7169249578147731,0.7874789188492952
0.40949881261768695,0.21793618672144638,0.498007513147468,0.26903095706079366,0.49854232675966476,0.2964151707565802,0.7789547614781203,0.567574017085708,1.0,0.6482051163985216,0.5445060749642432,0.09610811606945022,0.5843416785274838,0.2691211980247284,0.8068698832357041,0.4914208051425848,0.39667986696253293,0.34569659107761325,0.6489405334189395
0.5583099077774324,0.5034511174042328,0.6062576256974671,0.5499711404093932,0.6275684940722445,0.5588790000864847,0.6381300925938578,0.8408829404209661,0.6482051163985216,1.0,0.6488880543962398,0.41409621062627694,0.6305035310871472,0.5730285572822109,0.6399936280608762,0.8222985433626131,0.5891404200509794,0.5484743749906282,0.6715954563279553
0.7804528562562747,0.5840480284543297,0.78924466147664,0.6553211750517602,0.7215045592384314,0.6699764884907911,0.7125244015463124,0.6845562065468295,0.5445060749642432,0.6488880543962398,1.0,0.26636294706747365,0.8105636171491526,0.462063263189772,0.7061065787728329,0.633596359420464,0.6613520551394654,0.6734308718406968,0.5851040748672983
0.3859585083704318,0.7426140146935203,0.3354520387854398,0.6685288140867258,0.32337203818652516,0.6255737578970123,0.20836598797496633,0.47624790878855633,0.09610811606945022,0.41409621062627694,0.26636294706747365,1.0,0.2616961082463789,0.8518969213883294,0.17257189022788078,0.5500678171098218,0.5618220940301228,0.42613042369006066,0.21549480787553724
0.6170205799036678,0.45579477444372,0.8006665219789632,0.5702267772690808,0.8939487571933977,0.620479297427523,0.8796316483158676,0.7515827390561193,0.5843416785274838,0.6305035310871472,0.8105636171491526,0.2616961082463789,1.0,0.4845481201200788,0.7881807744537371,0.6553193612036362,0.560410966155204,0.7038812672155402,0.747971408983669
0.5005765777191893,0.7725866324859226,0.5515412832586597,0.7977038630298601,0.5497210357801667,0.7960920037587572,0.39959400861429234,0.714742113038608,0.2691211980247284,0.5730285572822109,0.462063263189772,0.8518969213883294,0.4845481201200788,1.0,0.3526938407733,0.7445811429463826,0.633853021977717,0.636263702354146,0.4293283023364222
0.494819189397082,0.2976323596409202,0.6010495750738508,0.37807942016796947,0.6533896626884241,0.4107448803977052,0.8638464606233955,0.6325770375344095,0.8068698832357041,0.6399936280608762,0.7061065787728329,0.17257189022788078,0.7881807744537371,0.3526938407733,1.0,0.6122011617644599,0.4764743870297497,0.4825739827742355,0.7002587010105331
0.5235530414781077,0.5450002637960953,0.6002583737845276,0.6032143662081815,0.6269577753947554,0.6244291833093928,0.5892670888381487,0.8717640739270726,0.4914208051425848,0.8222985433626131,0.633596359420464,0.5500678171098218,0.6553193612036362,0.7445811429463826,0.6122011617644599,1.0,0.558921676254118,0.5977086289115885,0.6096094596713906
0.7858062371045929,0.8481091820665297,0.727616600610431,0.8441512801424634,0.6348112868751336,0.8237157279744073,0.5677464441971107,0.6321117122951525,0.39667986696253293,0.5891404200509794,0.6613520551394654,0.5618220940301228,0.560410966155204,0.633853021977717,0.4764743870297497,0.558921676254118,1.0,0.6882755307430545,0.5613669817536618
0.6954440399837277,0.7279685615075032,0.7894579523307536,0.8381128214073755,0.8276904755669958,0.8873454575708652,0.5327928379559203,0.7169249578147731,0.34569659107761325,0.5484743749906282,0.6734308718406968,0.42613042369006066,0.7038812672155402,0.636263702354146,0.4825739827742355,0.5977086289115885,0.6882755307430545,1.0,0.5988334487915827
0.46500823380579853,0.32721459018238097,0.6235613870204944,0.4290177154289316,0.7570125043385671,0.4876563733045351,0.8815477280835473,0.7874789188492952,0.6489405334189395,0.6715954563279553,0.5851040748672983,0.21549480787553724,0.747971408983669,0.4293283023364222,0.7002587010105331,0.6096094596713906,0.5613669817536618,0.5988334487915827,1.0
