0,1,2,3,4,5,6,7,8,9,10,11,12,13,14,15,16,17,18
1.0,0.12513173279148293,0.9131908892761822,0.3324080345850039,0.34678967494070073,0.2727472877882327,0.299024567538432,0.1487294350868884,0.15453843063688863,0.11698997466357547,0.38740221288970494,0.033174406107454674,0.2221676510174295,0.1436707817705837,0.11503792229905298,0.10733445067574554,0.6211723769923004,0.31030278844608195,0.2413980895539576
0.12513173279148293,1.0,0.24652491545339647,0.8790512152412472,0.0794139148797997,0.31463578827514116,0.023225925635923024,0.0977041876270498,-0.0004606180347308171,0.09401413287688452,-0.0325162341793399,0.5107112239459192,0.003305416734799495,0.1100457710862851,-0.10322026061836029,-0.07059018855873837,0.7111148164472382,0.3786148179256126,0.1284124037194111
0.9131908892761822,0.24652491545339647,1.0,0.42392479616129236,0.4369930272869224,0.32293666221379036,0.3628117835846754,0.1764617287838982,0.16897832069282898,0.09442563492622265,0.32046097569539544,0.1000210286161286,0.2916568807208076,0.14107220929278336,0.1906335091138262,0.05484373872424846,0.6804880131009551,0.36945381750330714,0.24963505242686163
0.3324080345850039,0.8790512152412472,0.42392479616129236,1.0,0.24955267713439946,0.45806283263221664,0.19899625681645616,0.18921487727397956,0.08229173899815188,0.017533982476691044,0.09553593622471394,0.6317418589233254,0.1304896962826833,0.29724820691299103,0.03533482065434392,0.044798768208679896,0.655323642834045,0.37329953048634523,0.1786705014775092
0.34678967494070073,0.0794139148797997,0.4369930272869224,0.24955267713439946,1.0,0.4160979169138221,0.8840000507520108,0.3447072661570186,0.42345849587910217,0.10279521203370946,0.11302690143175922,0.16702028146502032,0.4549704517767855,0.3152265881816988,0.4345440719953512,0.17437715433833606,0.2540864786655074,0.4740185977034723,0.4868024616797938
0.2727472877882327,0.31463578827514116,0.32293666221379036,0.45806283263221664,0.4160979169138221,1.0,0.35978432786639475,0.7973014937760019,0.21232160906120762,0.3257572356330179,0.11976103034307156,0.19697193145140504,0.22818685910032102,0.48011485755681316,0.1919916280279711,0.20969761991798347,0.3303887266210041,0.6940089756451571,0.5019524751698904
0.299024567538432,0.023225925635923024,0.3628117835846754,0.19899625681645616,0.8840000507520108,0.35978432786639475,1.0,0.3729175491522562,0.6183472469841319,0.15938101754549455,0.07863257852693394,0.10728615806211382,0.4783281298028559,0.2766231338897491,0.5609360372690846,0.1782663676010159,0.20465494397387035,0.3946209054683759,0.528667634523147
0.1487294350868884,0.0977041876270498,0.1764617287838982,0.18921487727397956,0.3447072661570186,0.7973014937760019,0.3729175491522562,1.0,0.3577739050723186,0.6002368169732749,0.04736364599830735,0.023609557463283762,0.14766030148423012,0.42841131940390587,0.19002654257746124,0.28998241330645175,0.11959680502492624,0.5691508768506042,0.6606948450541695
0.15453843063688863,-0.0004606180347308171,0.16897832069282898,0.08229173899815188,0.42345849587910217,0.21232160906120762,0.6183472469841319,0.3577739050723186,1.0,0.4184027283566146,-0.10573143440369956,0.022181199129833067,0.1621357565595501,0.17060960163058347,0.43787106783701873,0.20507156942064814,0.07599622622331689,0.125142994564248,0.5231069019608428
0.11698997466357547,0.09401413287688452,0.09442563492622265,0.017533982476691044,0.10279521203370946,0.3257572356330179,0.15938101754549455,0.6002368169732749,0.4184027283566146,1.0,-0.016439450226112547,-0.07218782553002065,-0.006452877084715508,0.2694840053475364,0.10725697550921917,0.4134903449121476,0.0036185486393757573,0.19337424216134586,0.35390746014917296
0.38740221288970494,-0.0325162341793399,0.32046097569539544,0.09553593622471394,0.11302690143175922,0.11976103034307156,0.07863257852693394,0.04736364599830735,-0.10573143440369956,-0.016439450226112547,1.0,0.09723965844174465,0.3141136680224983,0.09963167318954279,0.09857435620490326,0.04953072119335878,0.02462973985676222,0.1314779915738734,-0.09313809725369875
0.033174406107454674,0.5107112239459192,0.1000210286161286,0.6317418589233254,0.16702028146502032,0.19697193145140504,0.10728615806211382,0.023609557463283762,0.022181199129833067,-0.07218782553002065,0.09723965844174465,1.0,0.02681567503483047,0.3576031347634778,-0.006096472522797375,0.05865093825405483,0.2552980629878119,0.06375424025133773,0.07096950035909627
0.2221676510174295,0.003305416734799495,0.2916568807208076,0.1304896962826833,0.4549704517767855,0.22818685910032102,0.4783281298028559,0.14766030148423012,0.1621357565595501,-0.006452877084715508,0.3141136680224983,0.02681567503483047,1.0,0.20072019918084405,0.6676532278397077,0.09366859778515162,0.04399867083400157,0.21728109780947058,0.001843674478238074
0.1436707817705837,0.1100457710862851,0.14107220929278336,0.29724820691299103,0.3152265881816988,0.48011485755681316,0.2766231338897491,0.42841131940390587,0.17060960163058347,0.2694840053475364,0.09963167318954279,0.3576031347634778,0.20072019918084405,1.0,0.19189857874857966,0.6826871934384338,0.13460831542642793,0.14635471370713263,0.2391281755047326
0.11503792229905298,-0.10322026061836029,0.1906335091138262,0.03533482065434392,0.4345440719953512,0.1919916280279711,0.5609360372690846,0.19002654257746124,0.43787106783701873,0.10725697550921917,0.09857435620490326,-0.006096472522797375,0.6676532278397077,0.19189857874857966,1.0,0.1308666475862057,-0.023133968831145213,0.1573404355507452,0.0778760879314056
0.10733445067574554,-0.07059018855873837,0.05484373872424846,0.044798768208679896,0.17437715433833606,0.20969761991798347,0.1782663676010159,0.28998241330645175,0.20507156942064814,0.4134903449121476,0.04953072119335878,0.05865093825405483,0.09366859778515162,0.6826871934384338,0.1308666475862057,1.0,0.003191977544664354,-0.075422971948119,0.14220569940184388
0.6211723769923004,0.7111148164472382,0.6804880131009551,0.655323642834045,0.2540864786655074,0.3303887266210041,0.20465494397387035,0.11959680502492624,0.07599622622331689,0.0036185486393757573,0.02462973985676222,0.2552980629878119,0.04399867083400157,0.13460831542642793,-0.023133968831145213,0.003191977544664354,1.0,0.3830619170604017,0.26379054318899425
0.31030278844608195,0.3786148179256126,0.36945381750330714,0.37329953048634523,0.4740185977034723,0.6940089756451571,0.3946209054683759,0.5691508768506042,0.125142994564248,0.19337424216134586,0.1314779915738734,0.06375424025133773,0.21728109780947058,0.14635471370713263,0.1573404355507452,-0.075422971948119,0.3830619170604017,1.0,0.5324517358351385
0.2413980895539576,0.1284124037194111,0.24963505242686163,0.1786705014775092,0.4868024616797938,0.5019524751698904,0.528667634523147,0.6606948450541695,0.5231069019608428,0.35390746014917296,-0.09313809725369875,0.07096950035909627,0.001843674478238074,0.2391281755047326,0.0778760879314056,0.14220569940184388,0.26379054318899425,0.5324517358351385,1.0
