0,1,2,3,4,5,6,7,8,9,10,11,12,13,14,15,16,17,18
1.0,0.28113417750911085,0.9329385606202243,0.49550204619653565,0.5233782829762537,0.3561199619080847,0.4044598395311444,0.28126368143289543,0.22472519850552367,0.18974941682522534,0.49871846534527936,0.22799443317311893,0.2431206349033004,0.24804343696050643,0.09231635372043276,0.08071995644516562,0.7349577361738885,0.4155329372593245,0.45712794306937166
0.28113417750911085,1.0,0.39145835760236797,0.8844273311268084,0.2350701421257171,0.458108106523173,0.11771746962212863,0.3048296231075007,0.015347009211024918,0.19001917977885632,0.04164161216300032,0.4355798070679428,0.13262672541735143,0.23138424076468006,-0.04646347245820559,0.02817258489092276,0.7132961641667331,0.5376379982577172,0.27654245279415923
0.9329385606202243,0.39145835760236797,1.0,0.5735513120299771,0.5927989917977226,0.44670424860979085,0.4516443172927578,0.3528818406563131,0.2521050741792031,0.20795952936629417,0.421643971858957,0.29440587795469964,0.29895213838682644,0.3091353219287346,0.14085620332571286,0.13822848156886414,0.7895250455761615,0.49745110488212185,0.4975072875854227
0.49550204619653565,0.8844273311268084,0.5735513120299771,1.0,0.3910369362621889,0.5558881921768594,0.2818145546584004,0.38044137295238484,0.06634363847630871,0.11109382904320264,0.15637788817303022,0.5474878426194615,0.22018840419913868,0.3655711410225163,0.07755252618139978,0.07233459710342043,0.7165444628432409,0.5304174875798372,0.3240409978177177
0.5233782829762537,0.2350701421257171,0.5927989917977226,0.3910369362621889,1.0,0.5399946376508051,0.9096945127412785,0.5540554512675306,0.5424556147486387,0.3414148742806482,0.22593298847263482,0.1516462201169643,0.5204433317072562,0.36505619261518824,0.47549886462971347,0.2744320711728206,0.448130586697498,0.5771343773665972,0.6182908516149401
0.3561199619080847,0.458108106523173,0.44670424860979085,0.5558881921768594,0.5399946376508051,1.0,0.46997728702413283,0.8296179786130443,0.3327011020747666,0.41923243576401453,0.1007814754471252,0.20337256023974448,0.23401488317331304,0.5166135876125433,0.19923655630111,0.2560156479225917,0.4712356801526744,0.7918687188791232,0.6599187973658622
0.4044598395311444,0.11771746962212863,0.4516443172927578,0.2818145546584004,0.9096945127412785,0.46997728702413283,1.0,0.5621530132532024,0.6344834759642003,0.3666305454954958,0.1641638516414256,0.056096781619831025,0.49850457016734095,0.29451704585281063,0.541827549655015,0.25754492557723996,0.3117665673352388,0.49211494765071856,0.6192439149437168
0.28126368143289543,0.3048296231075007,0.3528818406563131,0.38044137295238484,0.5540554512675306,0.8296179786130443,0.5621530132532024,1.0,0.4268122997978002,0.6808859007730814,0.07861959983117281,0.045243128925756215,0.2657756161396833,0.484934371046299,0.28366432703323924,0.3863766416431217,0.31391202311753685,0.6777777717375985,0.7488058891314547
0.22472519850552367,0.015347009211024918,0.2521050741792031,0.06634363847630871,0.5424556147486387,0.3327011020747666,0.6344834759642003,0.4268122997978002,1.0,0.4202323028943264,-0.010194112604994875,-0.09647796688443785,0.2302500722428216,0.18553772743733934,0.40800291702649016,0.21205932203519598,0.1313768402353289,0.3488305982949503,0.5428546593097985
0.18974941682522534,0.19001917977885632,0.20795952936629417,0.11109382904320264,0.3414148742806482,0.41923243576401453,0.3666305454954958,0.6808859007730814,0.4202323028943264,1.0,0.05401446043103732,-0.12070729422207536,0.19145282447247008,0.3237207178142159,0.2735106172883774,0.49215386984989296,0.09945203741601791,0.30976948734371507,0.49396317533703965
0.49871846534527936,0.04164161216300032,0.421643971858957,0.15637788817303022,0.22593298847263482,0.1007814754471252,0.1641638516414256,0.07861959983117281,-0.010194112604994875,0.05401446043103732,1.0,0.13085873137136061,0.30656280619046555,0.1194896407203276,0.09395627758074243,0.026302461625800574,0.1914400008604648,0.14611837196218208,0.0867478267785397
0.22799443317311893,0.4355798070679428,0.29440587795469964,0.5474878426194615,0.1516462201169643,0.20337256023974448,0.056096781619831025,0.045243128925756215,-0.09647796688443785,-0.12070729422207536,0.13085873137136061,1.0,0.12887925138569906,0.29943614717165373,-0.05433300456236132,-0.01899796372204261,0.3378693007158714,0.14911802709085825,0.07698285237287245
0.2431206349033004,0.13262672541735143,0.29895213838682644,0.22018840419913868,0.5204433317072562,0.23401488317331304,0.49850457016734095,0.2657756161396833,0.2302500722428216,0.19145282447247008,0.30656280619046555,0.12887925138569906,1.0,0.28319098322426295,0.669889551359387,0.22058200392829896,0.12035875619179875,0.2470080886801718,0.14019484649562405
0.24804343696050643,0.23138424076468006,0.3091353219287346,0.3655711410225163,0.36505619261518824,0.5166135876125433,0.29451704585281063,0.484934371046299,0.18553772743733934,0.3237207178142159,0.1194896407203276,0.29943614717165373,0.28319098322426295,1.0,0.26463371934766006,0.6736466635485748,0.31078226193960334,0.2982260130441952,0.30130894787864565
0.09231635372043276,-0.04646347245820559,0.14085620332571286,0.07755252618139978,0.47549886462971347,0.19923655630111,0.541827549655015,0.28366432703323924,0.40800291702649016,0.2735106172883774,0.09395627758074243,-0.05433300456236132,0.669889551359387,0.26463371934766006,1.0,0.29483602672084747,-0.038092282529284816,0.1675601978477726,0.11700222593287406
0.08071995644516562,0.02817258489092276,0.13822848156886414,0.07233459710342043,0.2744320711728206,0.2560156479225917,0.25754492557723996,0.3863766416431217,0.21205932203519598,0.49215386984989296,0.026302461625800574,-0.01899796372204261,0.22058200392829896,0.6736466635485748,0.29483602672084747,1.0,0.09667373629089097,0.07196710140885428,0.20764410855766974
0.7349577361738885,0.7132961641667331,0.7895250455761615,0.7165444628432409,0.448130586697498,0.4712356801526744,0.3117665673352388,0.31391202311753685,0.1313768402353289,0.09945203741601791,0.1914400008604648,0.3378693007158714,0.12035875619179875,0.31078226193960334,-0.038092282529284816,0.09667373629089097,1.0,0.530050771612484,0.4633550894871315
0.4155329372593245,0.5376379982577172,0.49745110488212185,0.5304174875798372,0.5771343773665972,0.7918687188791232,0.49211494765071856,0.6777777717375985,0.3488305982949503,0.30976948734371507,0.14611837196218208,0.14911802709085825,0.2470080886801718,0.2982260130441952,0.1675601978477726,0.07196710140885428,0.530050771612484,1.0,0.6740383712112334
0.45712794306937166,0.27654245279415923,0.4975072875854227,0.3240409978177177,0.6182908516149401,0.6599187973658622,0.6192439149437168,0.7488058891314547,0.5428546593097985,0.49396317533703965,0.0867478267785397,0.07698285237287245,0.14019484649562405,0.30130894787864565,0.11700222593287406,0.20764410855766974,0.4633550894871315,0.6740383712112334,1.0
