0,1,2,3,4,5,6,7,8,9,10,11,12,13,14,15,16,17,18
1.0,0.8429787255837191,0.8421928964528378,0.5396920587597396,0.6452111031965148,-0.09198236468593494,0.628572574736771,-0.05455244061305414,0.5065062738162551,0.002549914340631555,0.9050964299036649,0.044251271763488455,0.6310324613165749,-0.16386619944895614,0.514791199835931,-0.19037143594665373,0.7706044818028955,0.36941047159257956,0.28962173451869033
0.8429787255837191,1.0,0.5777139117337821,0.7667085153677311,0.28081533987298635,0.29755586115675065,0.24264344599646553,0.22203403932596377,0.10805162047798385,0.16581841564490357,0.665187545892586,0.45529590286844085,0.35025471051792334,0.21177972013356747,0.24548194566002676,0.023867612783310954,0.4433865444867005,0.4309398552419858,0.11929481039547504
0.8421928964528378,0.5777139117337821,1.0,0.4703500271036651,0.8268422184140005,-0.21421430593191448,0.8009996751968891,-0.18024239357319308,0.6910805297555462,-0.020174665171406973,0.7879206902914934,-0.08152830741592382,0.7894370728107165,-0.18461584256618907,0.6622832956353252,-0.2718326453615181,0.9216095368478042,0.33346970945784193,0.2655118850852138
0.5396920587597396,0.7667085153677311,0.4703500271036651,1.0,0.22275835728096444,0.48212332291268867,0.17163736108564864,0.518760592556922,0.015899538896999882,0.41180048486601817,0.4002412640255355,0.4116114849468707,0.363312136829184,0.3949836955477944,0.17595194845251755,0.3200487607718612,0.3713087992988559,0.6734881057976304,0.031496779591778455
0.6452111031965148,0.28081533987298635,0.8268422184140005,0.22275835728096444,1.0,-0.44391486682258835,0.9533477942007071,-0.15825368116001964,0.8432892150371861,0.028025167492738333,0.7104204127126712,-0.4706462604685627,0.7607462540670825,-0.5333067080631285,0.6150047708081957,-0.16840840391348494,0.8967455904994126,0.4637413342147344,0.331265010165813
-0.09198236468593494,0.29755586115675065,-0.21421430593191448,0.48212332291268867,-0.44391486682258835,1.0,-0.5131772387639997,0.5528744008218089,-0.5873662750708221,0.23638052278583635,-0.2966650800635196,0.5975414894383124,-0.3083320715048698,0.6997537521166313,-0.38485366748054395,0.23788019935419305,-0.31972302898029453,0.2613657964473793,-0.2659853237848284
0.628572574736771,0.24264344599646553,0.8009996751968891,0.17163736108564864,0.9533477942007071,-0.5131772387639997,1.0,-0.1813121998015005,0.9107834008212371,0.033124319652375125,0.6929581751442742,-0.5292416907679833,0.7822310456309342,-0.5675681022876355,0.6488567005263323,-0.17490157988220217,0.8829275992548916,0.3977622807643265,0.4079340107680737
-0.05455244061305414,0.22203403932596377,-0.18024239357319308,0.518760592556922,-0.15825368116001964,0.5528744008218089,-0.1813121998015005,1.0,-0.25136073365287726,0.7374189094701816,-0.09668732463225849,0.19008894006906749,-0.15872854045766188,0.3305454013267664,-0.2622043614481813,0.6984819980046388,-0.18686891267293596,0.5930275423318142,-0.054188801148101734
0.5065062738162551,0.10805162047798385,0.6910805297555462,0.015899538896999882,0.8432892150371861,-0.5873662750708221,0.9107834008212371,-0.25136073365287726,1.0,0.06795898400670661,0.6050604886560608,-0.538380790759432,0.6270022082124873,-0.5933187312776987,0.6184336066676622,-0.16170071876151984,0.781579962097753,0.2408656667877749,0.31909256262378466
0.002549914340631555,0.16581841564490357,-0.020174665171406973,0.41180048486601817,0.028025167492738333,0.23638052278583635,0.033124319652375125,0.7374189094701816,0.06795898400670661,1.0,0.005811053032851432,0.09793001754488695,-0.017685880902839235,0.21317539806676622,-0.054245862675156305,0.7533751013359229,-0.07603402693636122,0.5193732751023695,-0.07893108383273395
0.9050964299036649,0.665187545892586,0.7879206902914934,0.4002412640255355,0.7104204127126712,-0.2966650800635196,0.6929581751442742,-0.09668732463225849,0.6050604886560608,0.005811053032851432,1.0,-0.25091207861262677,0.5832020314599653,-0.4009088601231057,0.47718980706560976,-0.1618753450908041,0.7978792677792603,0.3954351000894162,0.32226670534841656
0.044251271763488455,0.45529590286844085,-0.08152830741592382,0.4116114849468707,-0.4706462604685627,0.5975414894383124,-0.5292416907679833,0.19008894006906749,-0.538380790759432,0.09793001754488695,-0.25091207861262677,1.0,-0.2909913164009459,0.7137727010075287,-0.18477980646743863,-0.02233711043077627,-0.30759720537748747,-0.10698023908085912,-0.316732307233248
0.6310324613165749,0.35025471051792334,0.7894370728107165,0.363312136829184,0.7607462540670825,-0.3083320715048698,0.7822310456309342,-0.15872854045766188,0.6270022082124873,-0.017685880902839235,0.5832020314599653,-0.2909913164009459,1.0,-0.27524284550464034,0.6146070195244452,-0.23656542126853705,0.7829032457586859,0.3854326361157766,0.4013199545689224
-0.16386619944895614,0.21177972013356747,-0.18461584256618907,0.3949836955477944,-0.5333067080631285,0.6997537521166313,-0.5675681022876355,0.3305454013267664,-0.5933187312776987,0.21317539806676622,-0.4009088601231057,0.7137727010075287,-0.27524284550464034,1.0,-0.1836345269742979,0.17899907343626642,-0.39948405876169163,-0.003997895403994326,-0.4450765258177537
0.514791199835931,0.24548194566002676,0.6622832956353252,0.17595194845251755,0.6150047708081957,-0.38485366748054395,0.6488567005263323,-0.2622043614481813,0.6184336066676622,-0.054245862675156305,0.47718980706560976,-0.18477980646743863,0.6146070195244452,-0.1836345269742979,1.0,-0.2691703603613469,0.6408372722872177,0.15326992078824458,0.1521917462959934
-0.19037143594665373,0.023867612783310954,-0.2718326453615181,0.3200487607718612,-0.16840840391348494,0.23788019935419305,-0.17490157988220217,0.6984819980046388,-0.16170071876151984,0.7533751013359229,-0.1618753450908041,-0.02233711043077627,-0.23656542126853705,0.17899907343626642,-0.2691703603613469,1.0,-0.24243719876464964,0.4808526239665161,-0.08553995465111423
0.7706044818028955,0.4433865444867005,0.9216095368478042,0.3713087992988559,0.8967455904994126,-0.31972302898029453,0.8829275992548916,-0.18686891267293596,0.781579962097753,-0.07603402693636122,0.7978792677792603,-0.30759720537748747,0.7829032457586859,-0.39948405876169163,0.6408372722872177,-0.24243719876464964,1.0,0.381810822220404,0.35257185325308577
0.36941047159257956,0.4309398552419858,0.33346970945784193,0.6734881057976304,0.4637413342147344,0.2613657964473793,0.3977622807643265,0.5930275423318142,0.2408656667877749,0.5193732751023695,0.3954351000894162,-0.10698023908085912,0.3854326361157766,-0.003997895403994326,0.15326992078824458,0.4808526239665161,0.381810822220404,1.0,0.1027384491972727
0.28962173451869033,0.11929481039547504,0.2655118850852138,0.031496779591778455,0.331265010165813,-0.2659853237848284,0.4079340107680737,-0.054188801148101734,0.31909256262378466,-0.07893108383273395,0.32226670534841656,-0.316732307233248,0.4013199545689224,-0.4450765258177537,0.1521917462959934,-0.08553995465111423,0.35257185325308577,0.1027384491972727,1.0
