0,1,2,3,4,5,6,7,8,9,10,11,12,13,14,15,16,17,18
1.0,0.30513319298518665,0.8819379689910797,0.006076542533245624,0.8414199385811426,-0.3843572316398488,0.817915349394594,-0.1238128502092755,0.7345936101856327,0.17991101610349375,0.9114526394581842,-0.5590526695042249,0.14844588190807917,-0.5199780032873408,0.5113616221533372,0.031154298779957842,0.850105916967509,0.2736598154887822,-0.019872743541632047
0.30513319298518665,1.0,0.23400504411956477,0.7085401518916361,0.07896313039512265,0.28277193572091724,0.018585945092058354,0.24377698178481258,-0.10098392547927358,0.025085341406427382,0.19005812185760795,0.31955097123051035,0.3272604331198068,0.08818375984163432,0.08144642032806866,0.09973113874266405,0.20624600797295795,0.41480277306796803,-0.021466079185237925
0.8819379689910797,0.23400504411956477,1.0,0.13528550299029854,0.8454255339084215,-0.2992929650007379,0.8142102229191711,-0.10496577220933324,0.7347590356042171,0.18330242134770292,0.8300744360663695,-0.4612183121713835,0.3620336754143477,-0.4123548504316771,0.6074770012345031,-0.02241444264847023,0.9491181848510993,0.30809120781714167,0.006384827117790045
0.006076542533245624,0.7085401518916361,0.13528550299029854,1.0,-0.06868836027737378,0.5614011166966283,-0.13948119249061683,0.44922560274598333,-0.2402368751787094,0.08154070967870025,-0.11394918887921862,0.396120167724685,0.5141516057097762,0.3874692752757981,0.02562282925076358,0.21255377436555964,0.16659302982293947,0.535912553142548,0.04112952548622296
0.8414199385811426,0.07896313039512265,0.8454255339084215,-0.06868836027737378,1.0,-0.43677516733565946,0.9252987266566448,-0.11750229920650827,0.8282314379423735,0.24923505267806942,0.8486472782228968,-0.6754885044500016,0.06151686408258652,-0.5915389905309946,0.5262600489377963,0.05646385374407302,0.8506750308908408,0.4207478685780426,-0.017528016470163926
-0.3843572316398488,0.28277193572091724,-0.2992929650007379,0.5614011166966283,-0.43677516733565946,1.0,-0.5048824827389526,0.5221306102756661,-0.5179653698809209,-0.007678411229946165,-0.5267144960258239,0.3621160641073277,0.23294458247911823,0.5646018648917372,-0.28947964479272204,0.1389011927870168,-0.2775853951149181,0.36428940680617145,-0.0329798290117244
0.817915349394594,0.018585945092058354,0.8142102229191711,-0.13948119249061683,0.9252987266566448,-0.5048824827389526,1.0,-0.08474254394262444,0.9112171485857913,0.333302518856381,0.8132825003151569,-0.7039819018375955,0.03810175388118583,-0.6431883400261207,0.6100370439581668,0.09371941157845588,0.812681338832585,0.336850909825578,-0.0563170304348713
-0.1238128502092755,0.24377698178481258,-0.10496577220933324,0.44922560274598333,-0.11750229920650827,0.5221306102756661,-0.08474254394262444,1.0,-0.061312777213786356,0.6352655905030278,-0.20820294528453093,0.045808732151272256,0.14167999947810095,0.3054269688442571,-0.014800427304174366,0.607961691789462,-0.07466430567698502,0.4645234273306026,-0.12674252916940468
0.7345936101856327,-0.10098392547927358,0.7347590356042171,-0.2402368751787094,0.8282314379423735,-0.5179653698809209,0.9112171485857913,-0.061312777213786356,1.0,0.42294947183165943,0.7502044551475353,-0.6879729602372028,-0.028202655028308262,-0.6191270993651244,0.5776065323854467,0.13810769773954354,0.7291691505513876,0.21343584286497613,-0.08129941110866722
0.17991101610349375,0.025085341406427382,0.18330242134770292,0.08154070967870025,0.24923505267806942,-0.007678411229946165,0.333302518856381,0.6352655905030278,0.42294947183165943,1.0,0.18400837492150496,-0.23082946625992523,0.08318168342154658,-0.11645185321540959,0.2521223085535111,0.6453065593290804,0.17823983097388615,0.28767823384058366,-0.03822221163560409
0.9114526394581842,0.19005812185760795,0.8300744360663695,-0.11394918887921862,0.8486472782228968,-0.5267144960258239,0.8132825003151569,-0.20820294528453093,0.7502044551475353,0.18400837492150496,1.0,-0.6342941481974956,-0.011148329047025285,-0.6195544485924519,0.5233377370897901,-0.01863257600540298,0.8104065921465298,0.23258020761780357,-0.08522105536553426
-0.5590526695042249,0.31955097123051035,-0.4612183121713835,0.396120167724685,-0.6754885044500016,0.3621160641073277,-0.7039819018375955,0.045808732151272256,-0.6879729602372028,-0.23082946625992523,-0.6342941481974956,1.0,0.20625601044647965,0.5476781855143484,-0.4403374186864904,-0.27579772468085,-0.46941783878176874,-0.209707850101809,0.14598104906957435
0.14844588190807917,0.3272604331198068,0.3620336754143477,0.5141516057097762,0.06151686408258652,0.23294458247911823,0.03810175388118583,0.14167999947810095,-0.028202655028308262,0.08318168342154658,-0.011148329047025285,0.20625601044647965,1.0,0.17773768348542704,0.2369458275706716,-0.10092001998807355,0.3105511506873362,0.25897590177952196,0.14170038305000265
-0.5199780032873408,0.08818375984163432,-0.4123548504316771,0.3874692752757981,-0.5915389905309946,0.5646018648917372,-0.6431883400261207,0.3054269688442571,-0.6191270993651244,-0.11645185321540959,-0.6195544485924519,0.5476781855143484,0.17773768348542704,1.0,-0.38663635258230034,0.024585949412973207,-0.40800924520213694,-0.010937828692149078,0.03086718462778275
0.5113616221533372,0.08144642032806866,0.6074770012345031,0.02562282925076358,0.5262600489377963,-0.28947964479272204,0.6100370439581668,-0.014800427304174366,0.5776065323854467,0.2521223085535111,0.5233377370897901,-0.4403374186864904,0.2369458275706716,-0.38663635258230034,1.0,0.1065365279610653,0.5876181966994826,0.2126989327078927,-0.1448149127906994
0.031154298779957842,0.09973113874266405,-0.02241444264847023,0.21255377436555964,0.05646385374407302,0.1389011927870168,0.09371941157845588,0.607961691789462,0.13810769773954354,0.6453065593290804,-0.01863257600540298,-0.27579772468085,-0.10092001998807355,0.024585949412973207,0.1065365279610653,1.0,0.012414373169486004,0.3810055219292376,-0.09128498525374514
0.850105916967509,0.20624600797295795,0.9491181848510993,0.16659302982293947,0.8506750308908408,-0.2775853951149181,0.812681338832585,-0.07466430567698502,0.7291691505513876,0.17823983097388615,0.8104065921465298,-0.46941783878176874,0.3105511506873362,-0.40800924520213694,0.5876181966994826,0.012414373169486004,1.0,0.35245708076126725,-0.0031249798355853955
0.2736598154887822,0.41480277306796803,0.30809120781714167,0.535912553142548,0.4207478685780426,0.36428940680617145,0.336850909825578,0.4645234273306026,0.21343584286497613,0.28767823384058366,0.23258020761780357,-0.209707850101809,0.25897590177952196,-0.010937828692149078,0.2126989327078927,0.3810055219292376,0.35245708076126725,1.0,-0.11139676805744399
-0.019872743541632047,-0.021466079185237925,0.006384827117790045,0.04112952548622296,-0.017528016470163926,-0.0329798290117244,-0.0563170304348713,-0.12674252916940468,-0.08129941110866722,-0.03822221163560409,-0.08522105536553426,0.14598104906957435,0.14170038305000265,0.03086718462778275,-0.1448149127906994,-0.09128498525374514,-0.0031249798355853955,-0.11139676805744399,1.0
