0,1,2,3,4,5,6,7,8,9,10,11,12,13,14,15,16,17,18
1.0,0.5668382038237422,0.881831536754084,0.29064771698777253,0.771307973802676,-0.3567543605033643,0.7060549628340629,-0.11852085303104044,0.5718028270044146,0.09747220632061612,0.8905203196476875,0.04402923193948317,0.23510053224872146,-0.421774867519942,0.3969842370289156,-0.12194611102785571,0.8212558893357447,0.16594258722442226,0.026380678600891813
0.5668382038237422,1.0,0.43765758585429637,0.7860480761268871,0.23747562671751574,0.29354199723573254,0.1485860094095685,0.3448811636820549,-0.030506465631115434,0.19441187649686814,0.26053632185600667,0.7199367885666639,0.3486044581841644,0.27695366120623655,0.02516389218173951,0.19971941566215817,0.397413251272869,0.503866881286896,0.06528887299516561
0.881831536754084,0.43765758585429637,1.0,0.35905886372595885,0.8808382252166167,-0.3162549405542909,0.8148620121992455,-0.16511215659331663,0.6378788147527709,0.026587937007021056,0.8183753182608788,0.002911741651120764,0.3902703195530526,-0.44876407976761107,0.46148984183475183,-0.17062073613197415,0.9556359011714566,0.22676620617011795,0.14910314647438377
0.29064771698777253,0.7860480761268871,0.35905886372595885,1.0,0.18142836565468815,0.5075281486731519,0.08315739782821122,0.48097451683729026,-0.14769510519197748,0.17962464592229413,0.08991987302562737,0.569236383516874,0.4365227468496312,0.40237036137300236,-0.042950449249278495,0.3308206661636344,0.37043180095935074,0.7161179069665417,0.18612064360967256
0.771307973802676,0.23747562671751574,0.8808382252166167,0.18142836565468815,1.0,-0.42885890819810996,0.9077014721667538,-0.15423677677818778,0.7345266437029463,0.07888463486350927,0.7635246450190347,-0.18982077999228597,0.28570927365736054,-0.6166594286968765,0.4551319336153907,-0.17218281314497175,0.884868161919885,0.292730817691167,0.1165581448635292
-0.3567543605033643,0.29354199723573254,-0.3162549405542909,0.5075281486731519,-0.42885890819810996,1.0,-0.5583856906141419,0.4997381447547454,-0.6124226212302334,0.10299754489809067,-0.46870520720496023,0.36169980479531005,0.19806631900584662,0.7056055725938669,-0.4063373957639566,0.23075846824161428,-0.3094337418890915,0.4960507095632817,0.07705285670890419
0.7060549628340629,0.1485860094095685,0.8148620121992455,0.08315739782821122,0.9077014721667538,-0.5583856906141419,1.0,-0.19699202388896217,0.8294111219885403,0.10906061620760572,0.7075185569176307,-0.2576683448977034,0.24404888804022914,-0.6560040236787226,0.5136560833230154,-0.1787472424840229,0.8296864322700708,0.15062862857273981,0.09789533240740202
-0.11852085303104044,0.3448811636820549,-0.16511215659331663,0.48097451683729026,-0.15423677677818778,0.4997381447547454,-0.19699202388896217,1.0,-0.23773688628037187,0.6396297008687034,-0.2792185252291417,0.36788393404487724,0.02350749160116978,0.452370540572149,-0.21904324592696006,0.6645760415524965,-0.14417773098214376,0.5776450455534513,0.19791530710181823
0.5718028270044146,-0.030506465631115434,0.6378788147527709,-0.14769510519197748,0.7345266437029463,-0.6124226212302334,0.8294111219885403,-0.23773688628037187,1.0,0.2270402557348206,0.6102917126878237,-0.3229700717142269,0.0649958627947834,-0.6711508718664743,0.5178333496689612,-0.12217339053671891,0.6678703338793913,-0.07880811444787732,-0.017435657011103747
0.09747220632061612,0.19441187649686814,0.026587937007021056,0.17962464592229413,0.07888463486350927,0.10299754489809067,0.10906061620760572,0.6396297008687034,0.2270402557348206,1.0,0.019740422713924125,0.09438683394210781,0.07541363651536671,0.12284383950913644,0.08835762996382786,0.6837427880754556,0.034665835040113425,0.3059744560658102,0.017493086859441967
0.8905203196476875,0.26053632185600667,0.8183753182608788,0.08991987302562737,0.7635246450190347,-0.46870520720496023,0.7075185569176307,-0.2792185252291417,0.6102917126878237,0.019740422713924125,1.0,-0.3161624835802032,0.08346215089440058,-0.60080916794428,0.3832207416173761,-0.21494618274955948,0.7828911151474475,0.05002731781126076,-0.012491799212598674
0.04402923193948317,0.7199367885666639,0.002911741651120764,0.569236383516874,-0.18982077999228597,0.36169980479531005,-0.2576683448977034,0.36788393404487724,-0.3229700717142269,0.09438683394210781,-0.3161624835802032,1.0,0.19881474952767716,0.5207129026109154,-0.09380946457548182,0.18417827904509518,-0.01907888682376905,0.28967013231541366,0.04883513919205423
0.23510053224872146,0.3486044581841644,0.3902703195530526,0.4365227468496312,0.28570927365736054,0.19806631900584662,0.24404888804022914,0.02350749160116978,0.0649958627947834,0.07541363651536671,0.08346215089440058,0.19881474952767716,1.0,0.1143229894429655,0.15752922424685817,-0.2000329856403137,0.35275071536145847,0.38865087879638155,-0.05637302919532174
-0.421774867519942,0.27695366120623655,-0.44876407976761107,0.40237036137300236,-0.6166594286968765,0.7056055725938669,-0.6560040236787226,0.452370540572149,-0.6711508718664743,0.12284383950913644,-0.60080916794428,0.5207129026109154,0.1143229894429655,1.0,-0.34394943111081444,0.2991344647580968,-0.4716201561947439,0.26296060816540123,0.024421124707159635
0.3969842370289156,0.02516389218173951,0.46148984183475183,-0.042950449249278495,0.4551319336153907,-0.4063373957639566,0.5136560833230154,-0.21904324592696006,0.5178333496689612,0.08835762996382786,0.3832207416173761,-0.09380946457548182,0.15752922424685817,-0.34394943111081444,1.0,-0.20134730318818297,0.4787810545605749,-0.08080815350261378,-0.07115885341543919
-0.12194611102785571,0.19971941566215817,-0.17062073613197415,0.3308206661636344,-0.17218281314497175,0.23075846824161428,-0.1787472424840229,0.6645760415524965,-0.12217339053671891,0.6837427880754556,-0.21494618274955948,0.18417827904509518,-0.2000329856403137,0.2991344647580968,-0.20134730318818297,1.0,-0.14919238883063138,0.3688661289919343,0.1858888170125931
0.8212558893357447,0.397413251272869,0.9556359011714566,0.37043180095935074,0.884868161919885,-0.3094337418890915,0.8296864322700708,-0.14417773098214376,0.6678703338793913,0.034665835040113425,0.7828911151474475,-0.01907888682376905,0.35275071536145847,-0.4716201561947439,0.4787810545605749,-0.14919238883063138,1.0,0.23456293827199798,0.14767476879532052
0.16594258722442226,0.503866881286896,0.22676620617011795,0.7161179069665417,0.292730817691167,0.4960507095632817,0.15062862857273981,0.5776450455534513,-0.07880811444787732,0.3059744560658102,0.05002731781126076,0.28967013231541366,0.38865087879638155,0.26296060816540123,-0.08080815350261378,0.3688661289919343,0.23456293827199798,1.0,0.12369959606714527
0.026380678600891813,0.06528887299516561,0.14910314647438377,0.18612064360967256,0.1165581448635292,0.07705285670890419,0.09789533240740202,0.19791530710181823,-0.017435657011103747,0.017493086859441967,-0.012491799212598674,0.04883513919205423,-0.05637302919532174,0.024421124707159635,-0.07115885341543919,0.1858888170125931,0.14767476879532052,0.12369959606714527,1.0
