0,1,2,3,4,5,6,7,8,9,10,11,12,13,14,15,16,17,18
1.0,0.7678678839749817,0.8070093574913645,0.46662388781982683,0.5659409872513054,-0.007573101667546619,0.48071157010057064,-0.03021321916720189,0.3376753467227166,-0.04310057816407808,0.9129417160177078,0.2881722572318034,0.5814740944963365,-0.04438622196710043,0.4180158381676931,-0.24587491322560556,0.7134793838677793,0.20154878669232487,0.0444399862602894
0.7678678839749817,1.0,0.49507046542279154,0.7776926115322822,0.1482985287865871,0.3561188746482983,0.05823669560677451,0.25381217351104846,-0.08271171915577566,0.05831476356249903,0.5457393619705784,0.7451398011182734,0.4502367320024847,0.4429544924294375,0.12728951957264298,0.06061143756146002,0.4008890648056382,0.3774935897034138,-0.06277737816467611
0.8070093574913645,0.49507046542279154,1.0,0.46640691872795104,0.795247802759595,-0.1278709627170219,0.7219029757633136,-0.090324544870513,0.5565657955287081,-0.055029001647565,0.8513211362076745,0.07425436809175703,0.7683095658122218,-0.21218330401552354,0.5947086074784604,-0.26322150516371473,0.9494239766628898,0.23455544633228154,0.09304950333044971
0.46662388781982683,0.7776926115322822,0.46640691872795104,1.0,0.1733832957493765,0.45269322546770974,0.09973829378081293,0.4773324359153799,-0.08331964829990145,0.2351869958108363,0.3153289027799429,0.6405864595076025,0.5292799778709473,0.5302308135736282,0.16210240624492217,0.29413141225440803,0.45178227780275343,0.6054160030210114,-0.0978163647304449
0.5659409872513054,0.1482985287865871,0.795247802759595,0.1733832957493765,1.0,-0.416017764716046,0.90132828363394,-0.09481202282588129,0.7269525879691896,0.061858961040924434,0.6955795784083152,-0.28890748465568744,0.5982357236336973,-0.5167827890043556,0.6048572482587993,-0.21613567564029873,0.8052371546943907,0.3012141073851694,0.12581362019980086
-0.007573101667546619,0.3561188746482983,-0.1278709627170219,0.45269322546770974,-0.416017764716046,1.0,-0.46894000261720703,0.3954740313951371,-0.4430445584860203,0.10969802355780776,-0.18708862274271348,0.4396383630118768,0.0675119668131162,0.6976068915241845,-0.3456763188519617,0.12598177649339956,-0.1360150447252936,0.41109305824101333,-0.21529053822877886
0.48071157010057064,0.05823669560677451,0.7219029757633136,0.09973829378081293,0.90132828363394,-0.46894000261720703,1.0,-0.051933415991765756,0.8458332061577569,0.14868789931241813,0.6015704945077582,-0.3741528039123214,0.5541711973750161,-0.560831949400599,0.7048310231485451,-0.20032112829991738,0.7408283873361725,0.2117821770216156,0.08691272758666145
-0.03021321916720189,0.25381217351104846,-0.090324544870513,0.4773324359153799,-0.09481202282588129,0.3954740313951371,-0.051933415991765756,1.0,-0.07598842827892346,0.7739092355638025,-0.15275862131350634,0.2646256982001024,0.06456058710839817,0.4827081337218438,-0.027302545109564647,0.6623935025650527,-0.12369376726652066,0.6295953879753076,-0.2951108550089138
0.3376753467227166,-0.08271171915577566,0.5565657955287081,-0.08331964829990145,0.7269525879691896,-0.4430445584860203,0.8458332061577569,-0.07598842827892346,1.0,0.2142110328386874,0.4754482602521973,-0.4225472036667485,0.34273372735946456,-0.5663470472730129,0.5834534749958701,-0.1740599028523106,0.5945991061650394,0.06380713845522006,0.0632151949243053
-0.04310057816407808,0.05831476356249903,-0.055029001647565,0.2351869958108363,0.061858961040924434,0.10969802355780776,0.14868789931241813,0.7739092355638025,0.2142110328386874,1.0,-0.06579787423401963,0.004630955329886661,0.03943743435914247,0.230543115046261,0.06530862561536606,0.7005903007040063,-0.06120729041755627,0.4383134470881206,-0.25025045084233116
0.9129417160177078,0.5457393619705784,0.8513211362076745,0.3153289027799429,0.6955795784083152,-0.18708862274271348,0.6015704945077582,-0.15275862131350634,0.4754482602521973,-0.06579787423401963,1.0,-0.001660694295271948,0.5794718744661358,-0.2906424339287266,0.4880700296951805,-0.3345815124492951,0.7933091013149379,0.13869646551824572,0.023711742614810377
0.2881722572318034,0.7451398011182734,0.07425436809175703,0.6405864595076025,-0.28890748465568744,0.4396383630118768,-0.3741528039123214,0.2646256982001024,-0.4225472036667485,0.004630955329886661,-0.001660694295271948,1.0,0.14813225744143377,0.6760107024071882,-0.177984078493581,0.1521674518478209,0.007983343253120667,0.2526915650058823,-0.01365417375577365
0.5814740944963365,0.4502367320024847,0.7683095658122218,0.5292799778709473,0.5982357236336973,0.0675119668131162,0.5541711973750161,0.06456058710839817,0.34273372735946456,0.03943743435914247,0.5794718744661358,0.14813225744143377,1.0,-0.00951629400764005,0.4446293835750427,-0.2826700083921802,0.7525801529141553,0.38207886857859485,0.05801955335469774
-0.04438622196710043,0.4429544924294375,-0.21218330401552354,0.5302308135736282,-0.5167827890043556,0.6976068915241845,-0.560831949400599,0.4827081337218438,-0.5663470472730129,0.230543115046261,-0.2906424339287266,0.6760107024071882,-0.00951629400764005,1.0,-0.37552756838923385,0.329732272619277,-0.26615680402613634,0.3202707041392611,-0.12899658028313019
0.4180158381676931,0.12728951957264298,0.5947086074784604,0.16210240624492217,0.6048572482587993,-0.3456763188519617,0.7048310231485451,-0.027302545109564647,0.5834534749958701,0.06530862561536606,0.4880700296951805,-0.177984078493581,0.4446293835750427,-0.37552756838923385,1.0,-0.14036477185987706,0.5953153056985048,0.14872976152233888,0.06418578634198081
-0.24587491322560556,0.06061143756146002,-0.26322150516371473,0.29413141225440803,-0.21613567564029873,0.12598177649339956,-0.20032112829991738,0.6623935025650527,-0.1740599028523106,0.7005903007040063,-0.3345815124492951,0.1521674518478209,-0.2826700083921802,0.329732272619277,-0.14036477185987706,1.0,-0.2786200444999136,0.3900288764545462,-0.20964274893256668
0.7134793838677793,0.4008890648056382,0.9494239766628898,0.45178227780275343,0.8052371546943907,-0.1360150447252936,0.7408283873361725,-0.12369376726652066,0.5945991061650394,-0.06120729041755627,0.7933091013149379,0.007983343253120667,0.7525801529141553,-0.26615680402613634,0.5953153056985048,-0.2786200444999136,1.0,0.2129070427822325,0.12671565444046537
0.20154878669232487,0.3774935897034138,0.23455544633228154,0.6054160030210114,0.3012141073851694,0.41109305824101333,0.2117821770216156,0.6295953879753076,0.06380713845522006,0.4383134470881206,0.13869646551824572,0.2526915650058823,0.38207886857859485,0.3202707041392611,0.14872976152233888,0.3900288764545462,0.2129070427822325,1.0,-0.18010734687551896
0.0444399862602894,-0.06277737816467611,0.09304950333044971,-0.0978163647304449,0.12581362019980086,-0.21529053822877886,0.08691272758666145,-0.2951108550089138,0.0632151949243053,-0.25025045084233116,0.023711742614810377,-0.01365417375577365,0.05801955335469774,-0.12899658028313019,0.06418578634198081,-0.20964274893256668,0.12671565444046537,-0.18010734687551896,1.0
