0,1,2,3,4,5,6,7,8,9,10,11,12,13,14,15,16,17,18
1.0,0.6867741130720705,0.7621716098859979,0.4150014525297582,0.5283714583192278,-0.047404173513832006,0.44253910984424755,-0.06353549328674354,0.3118266391926049,-0.007177613416274718,0.8495254291180372,0.2522479217471674,0.5132603214362054,-0.17773311309813236,0.2962807215860543,-0.12838355688233935,0.6687714367707018,0.2840719586117033,0.10765400624109966
0.6867741130720705,1.0,0.42006237281327335,0.7469119232401179,0.14028719951274307,0.39933164379707214,0.021181451616593468,0.3345010145971273,-0.09374708314271919,0.1416403671330099,0.3746707609875904,0.7768032808729303,0.2562699608702513,0.3955972656082289,0.008636368854123243,0.21163569061846857,0.3386676897324727,0.4376667482866878,0.028169739454738597
0.7621716098859979,0.42006237281327335,1.0,0.5125414706095287,0.823984809502959,-0.14481281476174668,0.7212804342275859,-0.06238969998519457,0.5305488958470084,0.033476611667445935,0.7597346377300486,0.12768992989977468,0.8256475461736557,-0.2806592872656702,0.5157807830152901,-0.13774740702702315,0.9546325215173478,0.4952529745079721,0.19277101748701697
0.4150014525297582,0.7469119232401179,0.5125414706095287,1.0,0.28969005892088495,0.4506043820577736,0.1511716969454936,0.5072182614948831,-0.048153169391555846,0.23461125529450755,0.25087614905635686,0.6357673298442647,0.4367551922254796,0.4371958259394218,0.12785774616212606,0.32289761194155964,0.520012137666821,0.7253620839640412,-0.00500375850906935
0.5283714583192278,0.14028719951274307,0.823984809502959,0.28969005892088495,1.0,-0.42824940067441253,0.8835104125363658,-0.09237949086363773,0.6655012277971948,0.130303586550788,0.6210247048825847,-0.10778375580315297,0.7924965879979471,-0.5654306705153246,0.6019702922021514,-0.12568620393353488,0.8436879134532621,0.5542323222084873,0.2481978182343596
-0.047404173513832006,0.39933164379707214,-0.14481281476174668,0.4506043820577736,-0.42824940067441253,1.0,-0.5636800445018327,0.4001095394692151,-0.5691783270827766,0.09260996026029508,-0.31096948313103656,0.50134432487475,-0.11749492735221868,0.8051616625559211,-0.4661058426985966,0.18915277813149486,-0.1543764570593751,0.25815215027688093,-0.2057879125461383
0.44253910984424755,0.021181451616593468,0.7212804342275859,0.1511716969454936,0.8835104125363658,-0.5636800445018327,1.0,-0.0970065235981136,0.8379644911115762,0.20220021518657696,0.544674251918753,-0.23184750612064864,0.6956968043673234,-0.6701951312588714,0.7263133771951945,-0.13206736738194055,0.7376459539983349,0.40962052745545946,0.22672830173136935
-0.06353549328674354,0.3345010145971273,-0.06238969998519457,0.5072182614948831,-0.09237949086363773,0.4001095394692151,-0.0970065235981136,1.0,-0.1429492211177009,0.6605419654538021,-0.2285414451664619,0.4168343005395253,-0.0736318110715423,0.47828451615955025,-0.0862299208938812,0.6380192396685599,-0.06574677855429802,0.47999918071569264,-0.013654573574015668
0.3118266391926049,-0.09374708314271919,0.5305488958470084,-0.048153169391555846,0.6655012277971948,-0.5691783270827766,0.8379644911115762,-0.1429492211177009,1.0,0.2566605312403354,0.4021596479034619,-0.2546870440768229,0.45774006407359835,-0.6308323459602478,0.5902685003669114,-0.11528594325446416,0.5413428523391293,0.16011709730761906,0.1659353116156151
-0.007177613416274718,0.1416403671330099,0.033476611667445935,0.23461125529450755,0.130303586550788,0.09260996026029508,0.20220021518657696,0.6605419654538021,0.2566605312403354,1.0,-0.11291838489400527,0.18286100876998962,0.11273580330691842,0.16622260625360458,0.17093286176953912,0.6627518883043964,0.020240867032396463,0.33460370460579963,0.026964171264152712
0.8495254291180372,0.3746707609875904,0.7597346377300486,0.25087614905635686,0.6210247048825847,-0.31096948313103656,0.544674251918753,-0.2285414451664619,0.4021596479034619,-0.11291838489400527,1.0,-0.1305369014562667,0.5330353319249858,-0.4246137953139105,0.3738974960438504,-0.3091647811585563,0.7170493919165486,0.2206245935845178,0.09188226017195474
0.2522479217471674,0.7768032808729303,0.12768992989977468,0.6357673298442647,-0.10778375580315297,0.50134432487475,-0.23184750612064864,0.4168343005395253,-0.2546870440768229,0.18286100876998962,-0.1305369014562667,1.0,0.03714117110638574,0.615340435440255,-0.1545309840822096,0.2953576088676089,0.06735319909401496,0.3419551600314773,0.003053676416214462
0.5132603214362054,0.2562699608702513,0.8256475461736557,0.4367551922254796,0.7924965879979471,-0.11749492735221868,0.6956968043673234,-0.0736318110715423,0.45774006407359835,0.11273580330691842,0.5330353319249858,0.03714117110638574,1.0,-0.2582490789735853,0.4974373115722892,-0.22312134464630273,0.8230194135984842,0.5395750333850825,0.2467310222223849
-0.17773311309813236,0.3955972656082289,-0.2806592872656702,0.4371958259394218,-0.5654306705153246,0.8051616625559211,-0.6701951312588714,0.47828451615955025,-0.6308323459602478,0.16622260625360458,-0.4246137953139105,0.615340435440255,-0.2582490789735853,1.0,-0.46036492214490726,0.33817201836295174,-0.320963396875423,0.15698860943770934,-0.1782522727826858
0.2962807215860543,0.008636368854123243,0.5157807830152901,0.12785774616212606,0.6019702922021514,-0.4661058426985966,0.7263133771951945,-0.0862299208938812,0.5902685003669114,0.17093286176953912,0.3738974960438504,-0.1545309840822096,0.4974373115722892,-0.46036492214490726,1.0,-0.06748183841142226,0.5297584690007608,0.2611028229889539,0.18365652081259667
-0.12838355688233935,0.21163569061846857,-0.13774740702702315,0.32289761194155964,-0.12568620393353488,0.18915277813149486,-0.13206736738194055,0.6380192396685599,-0.11528594325446416,0.6627518883043964,-0.3091647811585563,0.2953576088676089,-0.22312134464630273,0.33817201836295174,-0.06748183841142226,1.0,-0.13727242504945,0.3042196783079835,-0.043530416327736486
0.6687714367707018,0.3386676897324727,0.9546325215173478,0.520012137666821,0.8436879134532621,-0.1543764570593751,0.7376459539983349,-0.06574677855429802,0.5413428523391293,0.020240867032396463,0.7170493919165486,0.06735319909401496,0.8230194135984842,-0.320963396875423,0.5297584690007608,-0.13727242504945,1.0,0.526064639072677,0.1711187098435645
0.2840719586117033,0.4376667482866878,0.4952529745079721,0.7253620839640412,0.5542323222084873,0.25815215027688093,0.40962052745545946,0.47999918071569264,0.16011709730761906,0.33460370460579963,0.2206245935845178,0.3419551600314773,0.5395750333850825,0.15698860943770934,0.2611028229889539,0.3042196783079835,0.526064639072677,1.0,0.08133737238858738
0.10765400624109966,0.028169739454738597,0.19277101748701697,-0.00500375850906935,0.2481978182343596,-0.2057879125461383,0.22672830173136935,-0.013654573574015668,0.1659353116156151,0.026964171264152712,0.09188226017195474,0.003053676416214462,0.2467310222223849,-0.1782522727826858,0.18365652081259667,-0.043530416327736486,0.1711187098435645,0.08133737238858738,1.0
