0,1,2,3,4,5,6,7,8,9,10,11,12,13,14,15,16,17,18
1.0,0.4069202913846617,0.8752076083211909,0.0808152215158469,0.8248350874955089,-0.513806059080239,0.7528256231463808,-0.4310166277555188,0.5686358917111854,-0.31662859170575697,0.8773062566408095,-0.06672115710791031,0.19875900626723259,-0.4778799586810111,0.47575700519744124,-0.30602517043107125,0.8560599034987756,-0.055221434675449294,0.6009042937087158
0.4069202913846617,1.0,0.3795166205210597,0.7123321829293345,0.31865992093765905,0.13915623540172953,0.1434559021660578,-0.034232204994345206,-0.05301526984832494,-0.253609831902203,0.16763940810285446,0.732619802166199,0.19495936887399018,0.3330277946920953,0.1192258094110021,-0.0764088109438813,0.4470801333094763,0.3909812419098268,0.3660564028562578
0.8752076083211909,0.3795166205210597,1.0,0.2215339589805535,0.8040570871600434,-0.4162597226585321,0.7433495651176671,-0.25368164310062785,0.574075904867739,-0.21382771357942562,0.7516309011657544,-0.009983557228936981,0.5374553590881074,-0.36487305407764214,0.5280242243282798,-0.19269028822411485,0.9357742767237107,0.08221936432995912,0.39403789950215123
0.0808152215158469,0.7123321829293345,0.2215339589805535,1.0,0.11129083902375475,0.5390176222841511,-0.08535615078785098,0.22879398990569141,-0.29179593990011393,-0.03236567920027068,-0.049040984312850956,0.5505267728497055,0.3419576769303514,0.5108212161482932,-0.04674966479885739,0.1497950544637688,0.2830630620456084,0.678930486191986,0.019115683411807714
0.8248350874955089,0.31865992093765905,0.8040570871600434,0.11129083902375475,1.0,-0.5006674634830194,0.8685025122126359,-0.25817518467282,0.6401086250867674,-0.14347755557863054,0.7325068782144221,-0.09005685773937533,0.2489403920227852,-0.4851412952542989,0.47220753835725515,-0.23597769196089233,0.8174934396366395,0.21016944174286373,0.5562718794213566
-0.513806059080239,0.13915623540172953,-0.4162597226585321,0.5390176222841511,-0.5006674634830194,1.0,-0.6457148807163167,0.44771364819712417,-0.6416280988918371,0.15519103389511457,-0.5491205988779,0.26937630073413005,-0.005530340214282925,0.6979688653609631,-0.4174990967546862,0.2291640275717525,-0.36775225449565757,0.5294424641899736,-0.3241285740638016
0.7528256231463808,0.1434559021660578,0.7433495651176671,-0.08535615078785098,0.8685025122126359,-0.6457148807163167,1.0,-0.21428620038684096,0.8245309193937471,-0.004921554121231178,0.6777601342731038,-0.22937519320946614,0.23574677388096615,-0.5882289713296404,0.6022382362743993,-0.23191540604381156,0.7465323182776138,0.008935985669463678,0.5143038900419041
-0.4310166277555188,-0.034232204994345206,-0.25368164310062785,0.22879398990569141,-0.25817518467282,0.44771364819712417,-0.21428620038684096,1.0,-0.22998536555474874,0.6049862461071701,-0.4203605804039628,0.09901728620864061,0.0771636260761389,0.5460867118538107,-0.12294325113006313,0.400768556740769,-0.2121734976470899,0.38416873272318286,-0.3109069098364679
0.5686358917111854,-0.05301526984832494,0.574075904867739,-0.29179593990011393,0.6401086250867674,-0.6416280988918371,0.8245309193937471,-0.22998536555474874,1.0,0.1433092755853111,0.5324960437139388,-0.3042686983017402,0.15805598236451232,-0.6280426877401014,0.487189485778225,-0.10908613723777419,0.5791797819955682,-0.19425454238252987,0.31292325568173895
-0.31662859170575697,-0.253609831902203,-0.21382771357942562,-0.03236567920027068,-0.14347755557863054,0.15519103389511457,-0.004921554121231178,0.6049862461071701,0.1433092755853111,1.0,-0.2173742536707331,-0.16000474851548438,0.045126475253962454,0.11469787868501082,-0.03625495790334671,0.5709595216969039,-0.20724358148842867,0.1369412333448864,-0.3285569665035047
0.8773062566408095,0.16763940810285446,0.7516309011657544,-0.049040984312850956,0.7325068782144221,-0.5491205988779,0.6777601342731038,-0.4203605804039628,0.5324960437139388,-0.2173742536707331,1.0,-0.3599865029994841,0.085994717984482,-0.5906090615094151,0.4014777846163151,-0.32242905707642106,0.7203166707708171,-0.1061548889381529,0.4926190911231086
-0.06672115710791031,0.732619802166199,-0.009983557228936981,0.5505267728497055,-0.09005685773937533,0.26937630073413005,-0.22937519320946614,0.09901728620864061,-0.3042686983017402,-0.16000474851548438,-0.3599865029994841,1.0,0.13359725710162915,0.6174563691131552,-0.07700630847254859,-0.06496315437331106,0.06724839963753024,0.24171813927034258,0.044696743172514534
0.19875900626723259,0.19495936887399018,0.5374553590881074,0.3419576769303514,0.2489403920227852,-0.005530340214282925,0.23574677388096615,0.0771636260761389,0.15805598236451232,0.045126475253962454,0.085994717984482,0.13359725710162915,1.0,0.019648467345496315,0.3200208789181237,-0.06943244032030224,0.4500195455249268,0.28877005500612163,-0.2193408938015636
-0.4778799586810111,0.3330277946920953,-0.36487305407764214,0.5108212161482932,-0.4851412952542989,0.6979688653609631,-0.5882289713296404,0.5460867118538107,-0.6280426877401014,0.11469787868501082,-0.5906090615094151,0.6174563691131552,0.019648467345496315,1.0,-0.260467227596477,0.1250126669049924,-0.29499475101934225,0.3811786847121102,-0.1921180561747829
0.47575700519744124,0.1192258094110021,0.5280242243282798,-0.04674966479885739,0.47220753835725515,-0.4174990967546862,0.6022382362743993,-0.12294325113006313,0.487189485778225,-0.03625495790334671,0.4014777846163151,-0.07700630847254859,0.3200208789181237,-0.260467227596477,1.0,-0.23156246586964424,0.5335197482818391,-0.022093627176624525,0.2203651282742267
-0.30602517043107125,-0.0764088109438813,-0.19269028822411485,0.1497950544637688,-0.23597769196089233,0.2291640275717525,-0.23191540604381156,0.400768556740769,-0.10908613723777419,0.5709595216969039,-0.32242905707642106,-0.06496315437331106,-0.06943244032030224,0.1250126669049924,-0.23156246586964424,1.0,-0.2069063524231804,0.26251705026919886,-0.3061059700459517
0.8560599034987756,0.4470801333094763,0.9357742767237107,0.2830630620456084,0.8174934396366395,-0.36775225449565757,0.7465323182776138,-0.2121734976470899,0.5791797819955682,-0.20724358148842867,0.7203166707708171,0.06724839963753024,0.4500195455249268,-0.29499475101934225,0.5335197482818391,-0.2069063524231804,1.0,0.11669168278887615,0.4416297266531218
-0.055221434675449294,0.3909812419098268,0.08221936432995912,0.678930486191986,0.21016944174286373,0.5294424641899736,0.008935985669463678,0.38416873272318286,-0.19425454238252987,0.1369412333448864,-0.1061548889381529,0.24171813927034258,0.28877005500612163,0.3811786847121102,-0.022093627176624525,0.26251705026919886,0.11669168278887615,1.0,0.01192955798580166
0.6009042937087158,0.3660564028562578,0.39403789950215123,0.019115683411807714,0.5562718794213566,-0.3241285740638016,0.5143038900419041,-0.3109069098364679,0.31292325568173895,-0.3285569665035047,0.4926190911231086,0.044696743172514534,-0.2193408938015636,-0.1921180561747829,0.2203651282742267,-0.3061059700459517,0.4416297266531218,0.01192955798580166,1.0
