0,1,2,3,4,5,6,7,8,9,10,11,12,13,14,15,16,17,18
1.0,0.8310129920828017,0.9035962254326966,0.7649968366460058,0.42240942672959514,0.0634437752766959,0.00996526847976651,-0.04404802040955806,-0.16194002067629337,-0.20366130672749772,0.8850378804889396,0.3052598472194409,0.37316887497621504,0.1288112254756024,-0.05620700175328414,-0.307807408626952,0.7636138702366022,0.15799505030836794,-0.08605742399149854
0.8310129920828017,1.0,0.7327452014693254,0.9018057045297991,0.37961614464186577,0.2364410015059255,0.1437461114193302,0.12441320157423377,0.004678319859490947,-0.08713854391560004,0.7670079814626023,0.49356055956595724,0.3962353194612416,0.3026135927035053,0.12824667242963086,-0.17821469643595356,0.6485732428802488,0.22038521401699682,0.002484144068441046
0.9035962254326966,0.7327452014693254,1.0,0.788738080558183,0.5935143835154021,0.1511880919735833,0.09742591271760938,0.04350971796866222,-0.11473661364689118,-0.1516881111471852,0.759048319865276,0.2536940247882802,0.43032287426478794,0.17898353479694584,-0.0431129422066312,-0.2637560321930316,0.8902702929561452,0.329128941090351,0.020353133067109865
0.7649968366460058,0.9018057045297991,0.788738080558183,1.0,0.4989768246272577,0.36384692326460943,0.18815601273367144,0.24186607384429168,0.028748471013001153,-0.01651633656133767,0.6719296332659197,0.37948339616308757,0.42789204897491057,0.35562347058025073,0.14096648904834433,-0.11429164570909284,0.7583001158333023,0.37314914544577665,0.07749348868077509
0.42240942672959514,0.37961614464186577,0.5935143835154021,0.4989768246272577,1.0,0.5479048443348198,0.6871471096582997,0.490845989637984,0.4062086742654422,0.29605280843761383,0.31888853675453854,-0.019835171553670015,0.586744816510412,0.20289670068914242,0.3528611584374511,0.05657750792267612,0.6510275567958743,0.7695624323627122,0.6152213628113719
0.0634437752766959,0.2364410015059255,0.1511880919735833,0.36384692326460943,0.5479048443348198,1.0,0.6279444856623169,0.9312541951674351,0.472776978907359,0.6842040771864711,0.03568331426334956,-0.0748272422938798,0.3204741108492805,0.4496561235217226,0.3432806429366142,0.42463231910832094,0.24046248317172716,0.7802352196443016,0.6465310756596426
0.00996526847976651,0.1437461114193302,0.09742591271760938,0.18815601273367144,0.6871471096582997,0.6279444856623169,1.0,0.6773933005746605,0.8156091186207346,0.5925877880642821,-0.0480785492977693,-0.19507938708447167,0.4991497843159588,0.24428385831046692,0.4814619913371801,0.2862838196589025,0.16565474392844742,0.6852781925138928,0.8696724715170454
-0.04404802040955806,0.12441320157423377,0.04350971796866222,0.24186607384429168,0.490845989637984,0.9312541951674351,0.6773933005746605,1.0,0.555117398546073,0.8333537976749728,-0.05856242900323435,-0.21280462330789918,0.2621603693863051,0.34502104756560126,0.3580174742419359,0.5708900477037343,0.1231728922250638,0.7464034115216066,0.7066725956769415
-0.16194002067629337,0.004678319859490947,-0.11473661364689118,0.028748471013001153,0.4062086742654422,0.472776978907359,0.8156091186207346,0.555117398546073,1.0,0.6172287381364352,-0.21578656830017737,-0.28855871380972153,0.24264848636345235,0.10444815981020217,0.38575926009389616,0.33777469812653643,-0.03942192926935125,0.47452496792471965,0.7469041410516474
-0.20366130672749772,-0.08713854391560004,-0.1516881111471852,-0.01651633656133767,0.29605280843761383,0.6842040771864711,0.5925877880642821,0.8333537976749728,0.6172287381364352,1.0,-0.19091212507983582,-0.2826835826734004,0.12000349728826984,0.15357511699279403,0.33786347193617555,0.7328117346174359,-0.09706853149014436,0.5039621333901031,0.6340324546445415
0.8850378804889396,0.7670079814626023,0.759048319865276,0.6719296332659197,0.31888853675453854,0.03568331426334956,-0.0480785492977693,-0.05856242900323435,-0.21578656830017737,-0.19091212507983582,1.0,0.2631289471510686,0.44191026098864333,0.09678855863419071,-0.03492831910797777,-0.31288678512558943,0.5698165706960794,0.1217212495663246,-0.1609570407597969
0.3052598472194409,0.49356055956595724,0.2536940247882802,0.37948339616308757,-0.019835171553670015,-0.0748272422938798,-0.19507938708447167,-0.21280462330789918,-0.28855871380972153,-0.2826835826734004,0.2631289471510686,1.0,0.2419850121087675,0.48071348406740605,-0.11804533043694045,-0.33167870169558966,0.20468499293493927,-0.12475194285434649,-0.27522832359367444
0.37316887497621504,0.3962353194612416,0.43032287426478794,0.42789204897491057,0.586744816510412,0.3204741108492805,0.4991497843159588,0.2621603693863051,0.24264848636345235,0.12000349728826984,0.44191026098864333,0.2419850121087675,1.0,0.4433453969345548,0.5911454359696465,-0.06676295667867488,0.3233338677509592,0.4053393292195294,0.29220465059491896
0.1288112254756024,0.3026135927035053,0.17898353479694584,0.35562347058025073,0.20289670068914242,0.4496561235217226,0.24428385831046692,0.34502104756560126,0.10444815981020217,0.15357511699279403,0.09678855863419071,0.48071348406740605,0.4433453969345548,1.0,0.08342410102646886,0.06106968808919135,0.17525390431922191,0.21316939431653525,0.14396844555000826
-0.05620700175328414,0.12824667242963086,-0.0431129422066312,0.14096648904834433,0.3528611584374511,0.3432806429366142,0.4814619913371801,0.3580174742419359,0.38575926009389616,0.33786347193617555,-0.03492831910797777,-0.11804533043694045,0.5911454359696465,0.08342410102646886,1.0,0.16064482908125802,-0.05759571191947772,0.4373559068862418,0.3303362327253778
-0.307807408626952,-0.17821469643595356,-0.2637560321930316,-0.11429164570909284,0.05657750792267612,0.42463231910832094,0.2862838196589025,0.5708900477037343,0.33777469812653643,0.7328117346174359,-0.31288678512558943,-0.33167870169558966,-0.06676295667867488,0.06106968808919135,0.16064482908125802,1.0,-0.21265427819765634,0.2795117347685449,0.31751201754810465
0.7636138702366022,0.6485732428802488,0.8902702929561452,0.7583001158333023,0.6510275567958743,0.24046248317172716,0.16565474392844742,0.1231728922250638,-0.03942192926935125,-0.09706853149014436,0.5698165706960794,0.20468499293493927,0.3233338677509592,0.17525390431922191,-0.05759571191947772,-0.21265427819765634,1.0,0.40123147201962367,0.15588922420248574
0.15799505030836794,0.22038521401699682,0.329128941090351,0.37314914544577665,0.7695624323627122,0.7802352196443016,0.6852781925138928,0.7464034115216066,0.47452496792471965,0.5039621333901031,0.1217212495663246,-0.12475194285434649,0.4053393292195294,0.21316939431653525,0.4373559068862418,0.2795117347685449,0.40123147201962367,1.0,0.6772280450039749
-0.08605742399149854,0.002484144068441046,0.020353133067109865,0.07749348868077509,0.6152213628113719,0.6465310756596426,0.8696724715170454,0.7066725956769415,0.7469041410516474,0.6340324546445415,-0.1609570407597969,-0.27522832359367444,0.29220465059491896,0.14396844555000826,0.3303362327253778,0.31751201754810465,0.15588922420248574,0.6772280450039749,1.0
