0,1,2,3,4,5,6,7,8,9,10,11,12,13,14,15,16,17,18
1.0,0.8112351041552689,0.9212704937949677,0.7844635530038632,0.485345613054427,0.09977027671601038,0.1732215758684755,0.05915465478418329,-0.0284285911108552,-0.1242451805296424,0.6859552439299289,0.1840516823996577,0.27376631546493146,0.11964792334300588,0.12307377965970352,-0.2321263679915588,0.8140310527035632,0.2165774380813099,0.053250441015945185
0.8112351041552689,1.0,0.7177397886891941,0.8872060984684258,0.3880068670750314,0.13261892352082993,0.18473584943757765,0.1899782587450688,0.033827707386040407,-0.02790873311405218,0.7037776450600945,0.3953982909924714,0.2724639663992094,0.1793080739624921,0.14936528484252432,-0.1415617712735813,0.6982330677453531,0.26418231726081326,0.07841997171587982
0.9212704937949677,0.7177397886891941,1.0,0.7720739038041472,0.6073824498834267,0.17846108031254138,0.21251843586620017,0.05795087740723623,-0.04840768159275461,-0.15573514892355528,0.5731793566665951,0.20050789606060906,0.3287143993463455,0.18806484404038495,0.16114037101199946,-0.27071551362953855,0.8999262443955939,0.3222412998329433,0.07901632898672642
0.7844635530038632,0.8872060984684258,0.7720739038041472,1.0,0.4620723312673178,0.24193115793384953,0.20655902747915347,0.260535206280704,0.0437608701710193,0.01017062018219035,0.5574660350982349,0.2775251513039984,0.24288348391537126,0.2250562093066496,0.18195265339223027,-0.10994321451796692,0.8112149979085651,0.38606982593912453,0.12059890371824677
0.485345613054427,0.3880068670750314,0.6073824498834267,0.4620723312673178,1.0,0.2977453473345028,0.6724964380845144,0.3448218978923898,0.34269811740150635,0.16601946426866682,0.288453992895979,0.08909241560371373,0.39775468041201817,0.08124752076660609,0.36413121352235334,-0.040857367774993276,0.620476082350494,0.6901567087599105,0.537130246273229
0.09977027671601038,0.13261892352082993,0.17846108031254138,0.24193115793384953,0.2977453473345028,1.0,0.28053974966869316,0.10665687672466084,0.1625989860407196,0.19376522391111556,0.07951608348366493,0.24894217786943615,0.31878640970567584,0.286889089726167,0.3071390231647055,0.05100057574695096,0.24565166844196668,0.4023793369060906,0.2591501422836993
0.1732215758684755,0.18473584943757765,0.21251843586620017,0.20655902747915347,0.6724964380845144,0.28053974966869316,1.0,0.47672661069139477,0.722580666171571,0.4189986537315276,-8.80319126157952e-05,-0.03560764848498335,0.3381135194573644,0.07458575113756268,0.39081784580723294,0.15909729704614872,0.252585830207325,0.5798273977434022,0.8150739166564529
0.05915465478418329,0.1899782587450688,0.05795087740723623,0.260535206280704,0.3448218978923898,0.10665687672466084,0.47672661069139477,1.0,0.4057317724242304,0.75407851165266,0.015256143860505831,-0.21476670151388774,-0.03147079674337064,0.06641422287259784,0.07124987921183017,0.5344418410152297,0.15569466885524308,0.6404045978143715,0.5658045011403986
-0.0284285911108552,0.033827707386040407,-0.04840768159275461,0.0437608701710193,0.34269811740150635,0.1625989860407196,0.722580666171571,0.4057317724242304,1.0,0.5230139039983307,-0.18319285589027506,-0.2576244774126313,0.013907337873727318,-0.15193443399116185,0.21969770416577902,0.3233656274458517,0.020917342581255164,0.3587254143861181,0.6832626809078619
-0.1242451805296424,-0.02790873311405218,-0.15573514892355528,0.01017062018219035,0.16601946426866682,0.19376522391111556,0.4189986537315276,0.75407851165266,0.5230139039983307,1.0,-0.11143627331527967,-0.2338677645586342,-0.1084736500705365,-0.058172966478424286,0.1299766317415276,0.722291921166932,-0.09705194189026606,0.39575073891834756,0.5225413460774718
0.6859552439299289,0.7037776450600945,0.5731793566665951,0.5574660350982349,0.288453992895979,0.07951608348366493,-8.80319126157952e-05,0.015256143860505831,-0.18319285589027506,-0.11143627331527967,1.0,0.24245872866050983,0.35035020791886334,0.017959484336322114,-0.004033823175548668,-0.27076720881823463,0.4539468375214389,0.16236286262894328,-0.095009902050068
0.1840516823996577,0.3953982909924714,0.20050789606060906,0.2775251513039984,0.08909241560371373,0.24894217786943615,-0.03560764848498335,-0.21476670151388774,-0.2576244774126313,-0.2338677645586342,0.24245872866050983,1.0,0.6252401564855451,0.6625711520618776,0.23273745297182,-0.3828426627005216,0.17291713367050765,-0.0735306728420105,-0.16850924991371594
0.27376631546493146,0.2724639663992094,0.3287143993463455,0.24288348391537126,0.39775468041201817,0.31878640970567584,0.3381135194573644,-0.03147079674337064,0.013907337873727318,-0.1084736500705365,0.35035020791886334,0.6252401564855451,1.0,0.5911883519766892,0.6824820727666753,-0.21830845561872694,0.24808725649185573,0.07127300525870534,0.046768209296667626
0.11964792334300588,0.1793080739624921,0.18806484404038495,0.2250562093066496,0.08124752076660609,0.286889089726167,0.07458575113756268,0.06641422287259784,-0.15193443399116185,-0.058172966478424286,0.017959484336322114,0.6625711520618776,0.5911883519766892,1.0,0.29952982371463144,-0.18272808510713828,0.16503843869999552,-0.01601018068638154,-0.07482425289197965
0.12307377965970352,0.14936528484252432,0.16114037101199946,0.18195265339223027,0.36413121352235334,0.3071390231647055,0.39081784580723294,0.07124987921183017,0.21969770416577902,0.1299766317415276,-0.004033823175548668,0.23273745297182,0.6824820727666753,0.29952982371463144,1.0,0.033173963418718824,0.12071850948015819,0.17918051750900277,0.11751643168619624
-0.2321263679915588,-0.1415617712735813,-0.27071551362953855,-0.10994321451796692,-0.040857367774993276,0.05100057574695096,0.15909729704614872,0.5344418410152297,0.3233656274458517,0.722291921166932,-0.27076720881823463,-0.3828426627005216,-0.21830845561872694,-0.18272808510713828,0.033173963418718824,1.0,-0.19882845032803834,0.18668397848730173,0.2619348571080126
0.8140310527035632,0.6982330677453531,0.8999262443955939,0.8112149979085651,0.620476082350494,0.24565166844196668,0.252585830207325,0.15569466885524308,0.020917342581255164,-0.09705194189026606,0.4539468375214389,0.17291713367050765,0.24808725649185573,0.16503843869999552,0.12071850948015819,-0.19882845032803834,1.0,0.41635171273909993,0.1972730433136507
0.2165774380813099,0.26418231726081326,0.3222412998329433,0.38606982593912453,0.6901567087599105,0.4023793369060906,0.5798273977434022,0.6404045978143715,0.3587254143861181,0.39575073891834756,0.16236286262894328,-0.0735306728420105,0.07127300525870534,-0.01601018068638154,0.17918051750900277,0.18668397848730173,0.41635171273909993,1.0,0.6146549932569003
0.053250441015945185,0.07841997171587982,0.07901632898672642,0.12059890371824677,0.537130246273229,0.2591501422836993,0.8150739166564529,0.5658045011403986,0.6832626809078619,0.5225413460774718,-0.095009902050068,-0.16850924991371594,0.046768209296667626,-0.07482425289197965,0.11751643168619624,0.2619348571080126,0.1972730433136507,0.6146549932569003,1.0
