0,1,2,3,4,5,6,7,8,9,10,11,12,13,14,15,16,17,18
1.0,0.10256717928912552,0.8579505308359233,0.3260212366983421,0.3077678666835129,0.3458360847536373,0.056771207390996656,0.13852370763064709,-0.03717328205179591,-0.03201947980470681,0.555059349997445,-0.2605762559663293,0.4389393756904305,0.08194147907312502,-0.003049045206781363,-0.004831546004586627,0.5256764366193625,0.35148896288017945,0.08870739560004166
0.10256717928912552,1.0,0.2288249163489804,0.6418979716829286,0.37086554014403744,0.5313801054683583,0.04010800650613192,0.31429666626617897,-0.06469127431735873,-0.07461002129098433,0.11325284122601292,0.07841807998075039,0.3425455376562817,0.25021356271771944,-0.03001845994489204,0.06009037225627645,0.4599008435986283,0.532187336641529,0.003984517951665214
0.8579505308359233,0.2288249163489804,1.0,0.4451827687185356,0.4288434213225574,0.4430045763422146,0.19305019046024635,0.21585607849601793,0.10008353367542949,0.023514163228963242,0.5136831179821645,-0.09359371299429937,0.43257386572552364,0.19205142532893515,0.0833661044976294,0.035380001412967,0.6761098621416414,0.4414560901157756,0.2182626022743302
0.3260212366983421,0.6418979716829286,0.4451827687185356,1.0,0.45488307829865215,0.7009796116472126,0.2387868240418925,0.5347296313965925,0.17767739544120414,0.16740122059293694,0.03787905498479313,0.28160308691555475,0.23994143655196945,0.4633614675053501,0.010539907846160178,0.1785811070445355,0.6086536343389877,0.6574407342043254,0.31180132113385906
0.3077678666835129,0.37086554014403744,0.4288434213225574,0.45488307829865215,1.0,0.5907357726008435,0.7501371816410073,0.5687202391984283,0.6162920291191748,0.25621323955630637,0.03089153846287577,0.18988485453015239,0.639013720389419,0.2940864376880016,0.49462731028638784,0.2482075746354711,0.4844801546148753,0.5828023945277291,0.631836711937597
0.3458360847536373,0.5313801054683583,0.4430045763422146,0.7009796116472126,0.5907357726008435,1.0,0.45489742515561543,0.7956539115939549,0.3675532591655306,0.3334092064377171,0.030761837241494575,0.12775921212117347,0.25635663994589913,0.4740563523746062,0.19934409303740921,0.33690719670435715,0.5713036335591729,0.8801876076851608,0.6322294622450009
0.056771207390996656,0.04010800650613192,0.19305019046024635,0.2387868240418925,0.7501371816410073,0.45489742515561543,1.0,0.5839877017032495,0.9498390096240789,0.40431783148114037,-0.0719288006897086,0.10778762324973215,0.42786599480686366,0.2580517049391648,0.7214550062447812,0.2898466584826231,0.3134865615474846,0.4584449423937136,0.7181773796071255
0.13852370763064709,0.31429666626617897,0.21585607849601793,0.5347296313965925,0.5687202391984283,0.7956539115939549,0.5839877017032495,1.0,0.5277959534739857,0.6530793148583209,0.005076426712146177,0.10497545396552266,0.26914339040728597,0.49272459986117256,0.34673285704460877,0.46144924461574993,0.33817441207461085,0.7079756572009601,0.676166516854179
-0.03717328205179591,-0.06469127431735873,0.10008353367542949,0.17767739544120414,0.6162920291191748,0.3675532591655306,0.9498390096240789,0.5277959534739857,1.0,0.4356929644360124,-0.11695753706962243,0.09642925814225113,0.3188223240093571,0.2193778105230775,0.7353748257631071,0.30214524506066215,0.23387099890563812,0.3663448591969986,0.6688067962167455
-0.03201947980470681,-0.07461002129098433,0.023514163228963242,0.16740122059293694,0.25621323955630637,0.3334092064377171,0.40431783148114037,0.6530793148583209,0.4356929644360124,1.0,0.04240483028836619,-0.03373501630091425,0.06289368755008212,0.2737714366658762,0.26810040527462764,0.3995877484158096,0.041424108945849074,0.3058073817405554,0.39320228396085327
0.555059349997445,0.11325284122601292,0.5136831179821645,0.03787905498479313,0.03089153846287577,0.030761837241494575,-0.0719288006897086,0.005076426712146177,-0.11695753706962243,0.04240483028836619,1.0,-0.25004514964310337,0.21742337631038508,0.1386255524770745,-0.010445754424055589,-0.1063044639556576,0.07255884630958172,0.03364167199689007,-0.14159840932198087
-0.2605762559663293,0.07841807998075039,-0.09359371299429937,0.28160308691555475,0.18988485453015239,0.12775921212117347,0.10778762324973215,0.10497545396552266,0.09642925814225113,-0.03373501630091425,-0.25004514964310337,1.0,0.041224567272464645,0.3504435850862878,0.0697069692385359,0.03772990970785277,0.16058061133168391,0.05074078205456913,0.10658207843238246
0.4389393756904305,0.3425455376562817,0.43257386572552364,0.23994143655196945,0.639013720389419,0.25635663994589913,0.42786599480686366,0.26914339040728597,0.3188223240093571,0.06289368755008212,0.21742337631038508,0.041224567272464645,1.0,0.12163180313310196,0.38157619080588856,0.16397400517569902,0.21921021973179644,0.26491452823418776,0.14892882297056217
0.08194147907312502,0.25021356271771944,0.19205142532893515,0.4633614675053501,0.2940864376880016,0.4740563523746062,0.2580517049391648,0.49272459986117256,0.2193778105230775,0.2737714366658762,0.1386255524770745,0.3504435850862878,0.12163180313310196,1.0,0.17124081177360415,0.37723190524551137,0.25400480849324114,0.346031045985077,0.24265026719707408
-0.003049045206781363,-0.03001845994489204,0.0833661044976294,0.010539907846160178,0.49462731028638784,0.19934409303740921,0.7214550062447812,0.34673285704460877,0.7353748257631071,0.26810040527462764,-0.010445754424055589,0.0697069692385359,0.38157619080588856,0.17124081177360415,1.0,0.2733779673938259,0.06050058676564384,0.17054905571873855,0.39005603555642954
-0.004831546004586627,0.06009037225627645,0.035380001412967,0.1785811070445355,0.2482075746354711,0.33690719670435715,0.2898466584826231,0.46144924461574993,0.30214524506066215,0.3995877484158096,-0.1063044639556576,0.03772990970785277,0.16397400517569902,0.37723190524551137,0.2733779673938259,1.0,0.06469695106658574,0.2531530246297051,0.257494876233132
0.5256764366193625,0.4599008435986283,0.6761098621416414,0.6086536343389877,0.4844801546148753,0.5713036335591729,0.3134865615474846,0.33817441207461085,0.23387099890563812,0.041424108945849074,0.07255884630958172,0.16058061133168391,0.21921021973179644,0.25400480849324114,0.06050058676564384,0.06469695106658574,1.0,0.5697686080290569,0.4609611671074493
0.35148896288017945,0.532187336641529,0.4414560901157756,0.6574407342043254,0.5828023945277291,0.8801876076851608,0.4584449423937136,0.7079756572009601,0.3663448591969986,0.3058073817405554,0.03364167199689007,0.05074078205456913,0.26491452823418776,0.346031045985077,0.17054905571873855,0.2531530246297051,0.5697686080290569,1.0,0.6239610095997549
0.08870739560004166,0.003984517951665214,0.2182626022743302,0.31180132113385906,0.631836711937597,0.6322294622450009,0.7181773796071255,0.676166516854179,0.6688067962167455,0.39320228396085327,-0.14159840932198087,0.10658207843238246,0.14892882297056217,0.24265026719707408,0.39005603555642954,0.257494876233132,0.4609611671074493,0.6239610095997549,1.0
