0,1,2,3,4,5,6,7,8,9,10,11,12,13,14,15,16,17,18
1.0,0.1500968889759273,0.905696027128087,0.39998140840812346,0.43488734849695376,0.4011610522357407,0.3598793594871522,0.4116479304025714,0.2879558172760407,0.2194046004369657,0.6047991412808605,-0.4115303677595202,0.5049130119311223,-0.04201464804933114,0.24012849189625124,0.11797598558112816,0.5941476147279328,0.3976129505565938,0.1897712526700357
0.1500968889759273,1.0,0.31070438025072333,0.6551642076877794,0.34703290725201763,0.5536008404440422,0.09703338680329326,0.32018210033917366,0.002116733217123382,-0.0056485542749927726,0.27311657909647924,0.09108874831559943,0.35073573809979725,0.287500367281288,0.08148183588382679,0.14449435330854496,0.5159198805132822,0.5047942734468607,-0.10035099406818491
0.905696027128087,0.31070438025072333,1.0,0.5095780766966995,0.5708241395494674,0.45220910866166475,0.452619079150823,0.4270655744986874,0.3762923519274293,0.21022757148567123,0.564862864800427,-0.2762685765184223,0.5813321842538577,0.024964172564974872,0.3441741783480916,0.1404919091335711,0.733641753768111,0.4499777374360348,0.26932809625825355
0.39998140840812346,0.6551642076877794,0.5095780766966995,1.0,0.3985925351555121,0.7248365357027021,0.23643018039091385,0.5662146516024783,0.1774948698093784,0.2637971998206865,0.2942960950373702,0.09437359491575739,0.24258057602132496,0.38250673872519186,0.05512606896749179,0.23761623739224003,0.5518535642255218,0.6308839472756628,0.20645962472777168
0.43488734849695376,0.34703290725201763,0.5708241395494674,0.3985925351555121,1.0,0.5290825219055217,0.829780003779933,0.5294587412691001,0.7321446754667763,0.2699652040241068,0.21952476236200477,0.05190993149934425,0.6822049344429985,0.2259826467486879,0.6191599268566834,0.293096688359076,0.4926447836305316,0.5248292010515991,0.5319182185453375
0.4011610522357407,0.5536008404440422,0.45220910866166475,0.7248365357027021,0.5290825219055217,1.0,0.41046710024222305,0.844919805389274,0.3392103839930675,0.4223770145938349,0.25237057259346707,-0.10862357527426142,0.27136592845751256,0.41183347241291735,0.13784784437597028,0.4489540909348289,0.39619900025929417,0.8789719489488953,0.4557680293150961
0.3598793594871522,0.09703338680329326,0.452619079150823,0.23643018039091385,0.829780003779933,0.41046710024222305,1.0,0.4612857181295487,0.9498524203963474,0.28294699635601245,0.1119997266385,-0.05983139116587599,0.6357250485885912,0.14054128814879166,0.7191858188863549,0.29271716252130536,0.41658712850573665,0.41496566429472914,0.6267122036585977
0.4116479304025714,0.32018210033917366,0.4270655744986874,0.5662146516024783,0.5294587412691001,0.844919805389274,0.4612857181295487,1.0,0.41702361630199514,0.6753759820541697,0.2919645035811915,-0.21692586209823164,0.2820066333735871,0.35775020109945926,0.1884258776225582,0.4860296381055009,0.2832632837966097,0.7473682866192091,0.5118011084058576
0.2879558172760407,0.002116733217123382,0.3762923519274293,0.1774948698093784,0.7321446754667763,0.3392103839930675,0.9498524203963474,0.41702361630199514,1.0,0.32612584879445694,0.09538333230125609,-0.06679944258058769,0.5667872496578162,0.09862896499607833,0.7376367596163798,0.2862173383888262,0.3420869815195599,0.34482281996117525,0.6195062483857299
0.2194046004369657,-0.0056485542749927726,0.21022757148567123,0.2637971998206865,0.2699652040241068,0.4223770145938349,0.28294699635601245,0.6753759820541697,0.32612584879445694,1.0,0.2507879831620888,-0.24911657992121844,0.15599482764867384,0.19977461965257995,0.18284457398191753,0.404131892552459,0.04895500719809798,0.3929331801245731,0.35253907621777414
0.6047991412808605,0.27311657909647924,0.564862864800427,0.2942960950373702,0.21952476236200477,0.25237057259346707,0.1119997266385,0.2919645035811915,0.09538333230125609,0.2507879831620888,1.0,-0.09320588229665219,0.3504787298007027,0.09632260297792394,0.15065095806979065,0.11995141816925521,0.2876005679744594,0.24092381331695478,-0.00910264723520801
-0.4115303677595202,0.09108874831559943,-0.2762685765184223,0.09437359491575739,0.05190993149934425,-0.10862357527426142,-0.05983139116587599,-0.21692586209823164,-0.06679944258058769,-0.24911657992121844,-0.09320588229665219,1.0,-0.1073121739683116,0.27997590366120134,-0.0006307908280082906,-0.07948698658850697,0.02087345697565101,-0.17904959517431424,-0.15671638079562578
0.5049130119311223,0.35073573809979725,0.5813321842538577,0.24258057602132496,0.6822049344429985,0.27136592845751256,0.6357250485885912,0.2820066333735871,0.5667872496578162,0.15599482764867384,0.3504787298007027,-0.1073121739683116,1.0,0.14697643310839753,0.6154795898740976,0.1740259265151146,0.4396646915634471,0.2434380097246427,0.3281856634285992
-0.04201464804933114,0.287500367281288,0.024964172564974872,0.38250673872519186,0.2259826467486879,0.41183347241291735,0.14054128814879166,0.35775020109945926,0.09862896499607833,0.19977461965257995,0.09632260297792394,0.27997590366120134,0.14697643310839753,1.0,0.07154395694663886,0.43301702342440024,0.12692086177332298,0.27292576140534347,0.15239141279599727
0.24012849189625124,0.08148183588382679,0.3441741783480916,0.05512606896749179,0.6191599268566834,0.13784784437597028,0.7191858188863549,0.1884258776225582,0.7376367596163798,0.18284457398191753,0.15065095806979065,-0.0006307908280082906,0.6154795898740976,0.07154395694663886,1.0,0.24007106964183464,0.2731959055973847,0.14364682701370873,0.3980896502186233
0.11797598558112816,0.14449435330854496,0.1404919091335711,0.23761623739224003,0.293096688359076,0.4489540909348289,0.29271716252130536,0.4860296381055009,0.2862173383888262,0.404131892552459,0.11995141816925521,-0.07948698658850697,0.1740259265151146,0.43301702342440024,0.24007106964183464,1.0,0.08797960284782545,0.3470215563250968,0.27844179332011354
0.5941476147279328,0.5159198805132822,0.733641753768111,0.5518535642255218,0.4926447836305316,0.39619900025929417,0.41658712850573665,0.2832632837966097,0.3420869815195599,0.04895500719809798,0.2876005679744594,0.02087345697565101,0.4396646915634471,0.12692086177332298,0.2731959055973847,0.08797960284782545,1.0,0.37018948133846835,0.32798984328729064
0.3976129505565938,0.5047942734468607,0.4499777374360348,0.6308839472756628,0.5248292010515991,0.8789719489488953,0.41496566429472914,0.7473682866192091,0.34482281996117525,0.3929331801245731,0.24092381331695478,-0.17904959517431424,0.2434380097246427,0.27292576140534347,0.14364682701370873,0.3470215563250968,0.37018948133846835,1.0,0.4755288453746459
0.1897712526700357,-0.10035099406818491,0.26932809625825355,0.20645962472777168,0.5319182185453375,0.4557680293150961,0.6267122036585977,0.5118011084058576,0.6195062483857299,0.35253907621777414,-0.00910264723520801,-0.15671638079562578,0.3281856634285992,0.15239141279599727,0.3980896502186233,0.27844179332011354,0.32798984328729064,0.4755288453746459,1.0
