0,1,2,3,4,5,6,7,8,9,10,11,12,13,14,15,16,17,18
1.0,0.2632042517218693,0.9060798741248021,0.505709122525957,0.42342781972862886,0.312324175581608,0.23183328012252327,0.20479144456067114,0.11455997068168887,0.059298454294557726,0.48701202854772907,-0.21378792399307636,0.5148348076481377,-0.06790981336925257,0.13211234436735764,-0.0960485732614913,0.580141046400312,0.3963548475369881,0.1624991250290682
0.2632042517218693,1.0,0.4401182104989871,0.6624967220486785,0.38388532160879973,0.5339669721331427,0.17486848810057704,0.36336000728551865,0.07539270701968036,0.05264614351658703,0.170407102839619,0.09196000712435443,0.3553049137255217,0.2654464884042292,0.15633538716932568,0.0423289306414722,0.6818951530986083,0.5452810513738688,0.09806412277687816
0.9060798741248021,0.4401182104989871,1.0,0.6078967202766334,0.5689164389184991,0.4309031752988695,0.3546540020994432,0.3000737221296819,0.23118879524411395,0.09593947488312428,0.3800516672397573,-0.1315953863679231,0.5681125508602158,0.006107058552312225,0.19265039622508653,-0.06038352449699333,0.7194881694420383,0.5045770275825652,0.2922539637445907
0.505709122525957,0.6624967220486785,0.6078967202766334,1.0,0.39557438224822034,0.4368003456647678,0.23316026896174866,0.35581918714801597,0.16189104556346967,0.19392813916395132,0.12157102984316501,0.07886290700441731,0.3211727454913057,0.22214602219213386,0.10269357945571823,0.06568924730521022,0.6255084719508437,0.5500083772168284,0.21418388583387843
0.42342781972862886,0.38388532160879973,0.5689164389184991,0.39557438224822034,1.0,0.6116759613538177,0.8301410291426013,0.5985691595825744,0.7171062538494939,0.3843739613716124,-0.01733135652737109,-0.009292288049412137,0.7143130001806348,0.26173384848635384,0.5389366420997841,0.20187081928680436,0.45118893275654554,0.6465917329103683,0.7071847217376541
0.312324175581608,0.5339669721331427,0.4309031752988695,0.4368003456647678,0.6116759613538177,1.0,0.5493676871423026,0.8494327712626323,0.4800442354538347,0.5358132168847546,0.006331590546345207,0.03961194451101785,0.3736552264250544,0.40547538930549,0.34731497894675584,0.32920465176239944,0.4089761778115666,0.8262594484933838,0.6496235058932934
0.23183328012252327,0.17486848810057704,0.3546540020994432,0.23316026896174866,0.8301410291426013,0.5493676871423026,1.0,0.6467262505797524,0.9506547677843119,0.5269550129690299,-0.14884294278392382,-0.11008104475808739,0.6060436551735348,0.22084406211862223,0.6950404560463491,0.34938237790356114,0.34844580761408117,0.5487119162367049,0.7955881147541227
0.20479144456067114,0.36336000728551865,0.3000737221296819,0.35581918714801597,0.5985691595825744,0.8494327712626323,0.6467262505797524,1.0,0.6011026243468512,0.7190060141238315,-0.07123364351344362,-0.07450799162639561,0.37757296334622675,0.45469337121792297,0.4770189081166652,0.4334801164460055,0.2820614906476951,0.725464072025686,0.6953430506212294
0.11455997068168887,0.07539270701968036,0.23118879524411395,0.16189104556346967,0.7171062538494939,0.4800442354538347,0.9506547677843119,0.6011026243468512,1.0,0.5436911770978022,-0.22252166510506463,-0.14682770608629178,0.5119846918904877,0.1851123535390691,0.7082461394605059,0.3684538872232232,0.27435021385190256,0.45557467655092715,0.7932344782492644
0.059298454294557726,0.05264614351658703,0.09593947488312428,0.19392813916395132,0.3843739613716124,0.5358132168847546,0.5269550129690299,0.7190060141238315,0.5436911770978022,1.0,-0.16379149918261152,-0.21467988845178307,0.23384950135549576,0.2566775881931913,0.4458174825567258,0.4909478950777727,0.05812945019096462,0.523962487692285,0.5519447754471387
0.48701202854772907,0.170407102839619,0.3800516672397573,0.12157102984316501,-0.01733135652737109,0.006331590546345207,-0.14884294278392382,-0.07123364351344362,-0.22252166510506463,-0.16379149918261152,1.0,-0.07861600567219622,0.1684514265151894,-0.026805676172472932,-0.12147642199437424,-0.07595918599359017,0.11239516058489303,0.08321312649294596,-0.16644469583915739
-0.21378792399307636,0.09196000712435443,-0.1315953863679231,0.07886290700441731,-0.009292288049412137,0.03961194451101785,-0.11008104475808739,-0.07450799162639561,-0.14682770608629178,-0.21467988845178307,-0.07861600567219622,1.0,-0.04903558898661545,0.3397049236019174,-0.1691283626247869,-0.05927894259557271,0.07913847187787014,-0.10096078548471772,-0.15877295653316645
0.5148348076481377,0.3553049137255217,0.5681125508602158,0.3211727454913057,0.7143130001806348,0.3736552264250544,0.6060436551735348,0.37757296334622675,0.5119846918904877,0.23384950135549576,0.1684514265151894,-0.04903558898661545,1.0,0.18255458763045185,0.4949104495961316,0.07871512975680565,0.3256707273259957,0.39405596100116663,0.3727940878285914
-0.06790981336925257,0.2654464884042292,0.006107058552312225,0.22214602219213386,0.26173384848635384,0.40547538930549,0.22084406211862223,0.45469337121792297,0.1851123535390691,0.2566775881931913,-0.026805676172472932,0.3397049236019174,0.18255458763045185,1.0,0.1922914400867814,0.42374880131681747,0.13198368713222006,0.23873456392041556,0.20033962025161084
0.13211234436735764,0.15633538716932568,0.19265039622508653,0.10269357945571823,0.5389366420997841,0.34731497894675584,0.6950404560463491,0.4770189081166652,0.7082461394605059,0.4458174825567258,-0.12147642199437424,-0.1691283626247869,0.4949104495961316,0.1922914400867814,1.0,0.32836237983028815,0.21496162404461536,0.28971839796640936,0.5248558591605562
-0.0960485732614913,0.0423289306414722,-0.06038352449699333,0.06568924730521022,0.20187081928680436,0.32920465176239944,0.34938237790356114,0.4334801164460055,0.3684538872232232,0.4909478950777727,-0.07595918599359017,-0.05927894259557271,0.07871512975680565,0.42374880131681747,0.32836237983028815,1.0,0.020999396177499862,0.2424524812646775,0.3375701021318766
0.580141046400312,0.6818951530986083,0.7194881694420383,0.6255084719508437,0.45118893275654554,0.4089761778115666,0.34844580761408117,0.2820614906476951,0.27435021385190256,0.05812945019096462,0.11239516058489303,0.07913847187787014,0.3256707273259957,0.13198368713222006,0.21496162404461536,0.020999396177499862,1.0,0.40957651254200883,0.3198019324601628
0.3963548475369881,0.5452810513738688,0.5045770275825652,0.5500083772168284,0.6465917329103683,0.8262594484933838,0.5487119162367049,0.725464072025686,0.45557467655092715,0.523962487692285,0.08321312649294596,-0.10096078548471772,0.39405596100116663,0.23873456392041556,0.28971839796640936,0.2424524812646775,0.40957651254200883,1.0,0.6244014477129577
0.1624991250290682,0.09806412277687816,0.2922539637445907,0.21418388583387843,0.7071847217376541,0.6496235058932934,0.7955881147541227,0.6953430506212294,0.7932344782492644,0.5519447754471387,-0.16644469583915739,-0.15877295653316645,0.3727940878285914,0.20033962025161084,0.5248558591605562,0.3375701021318766,0.3198019324601628,0.6244014477129577,1.0
