0,1,2,3,4,5,6,7,8,9,10,11,12,13,14,15,16,17,18
1.0,0.5163292094709137,0.2732983277723161,0.3753299890717682,0.09979831952906563,0.25805428232457533,0.08127417483774381,-0.24606076938382793,-0.25552402104276717,-0.23396846376100536,0.8694781554081235,0.5679260643857141,0.14847908224116305,0.32528116312155175,0.01834315104557339,-0.0407326351345846,0.4986685410080883,0.1515365928593205,-0.2869650634118959
0.5163292094709137,1.0,0.27799777327703634,0.37211321669754976,0.11897248462369829,0.1244941805207387,-0.103951297397454,-0.3813408289629133,-0.22043123706736822,-0.3661563229323319,0.45237210519832527,0.6876095740035667,-0.020927177728727417,0.16016542824186053,-0.11858180316814963,-0.2147069387865997,0.5443770735356229,0.13904885466483116,-0.30540284902084214
0.2732983277723161,0.27799777327703634,1.0,0.8327171890202457,0.8188917706683497,0.7618427487662164,0.4010953651415758,0.03967214896022531,-0.18649943974614383,-0.2418590814854549,0.339477303304297,0.475895928048945,0.5569742893046297,0.5876290531464718,0.1384762686339434,0.07653160912866917,0.40438693572677875,0.7833606870656243,0.1362653149744023
0.3753299890717682,0.37211321669754976,0.8327171890202457,1.0,0.6352275872174749,0.7811708083204901,0.22874200130297195,-0.1510030989832182,-0.20602494094010476,-0.42299010071030096,0.39636383193414604,0.4929723125136713,0.3294100124873221,0.5098313318463653,0.002030518803256974,-0.1687078816000001,0.5237156139109649,0.8122225675978554,0.0059173440299820895
0.09979831952906563,0.11897248462369829,0.8188917706683497,0.6352275872174749,1.0,0.7495199274090479,0.6126271776649048,0.2532688599574268,-0.04293075615782243,-0.047420877303248336,0.1304794213564516,0.34698732103219976,0.6699385801282548,0.5450278607003349,0.21344058721055081,0.21726751366581004,0.17018320541476464,0.7887076304274162,0.4475686658352433
0.25805428232457533,0.1244941805207387,0.7618427487662164,0.7811708083204901,0.7495199274090479,1.0,0.442346837583262,0.14714290744936978,-0.010116525474835502,-0.2907856326502594,0.3011294098964642,0.31032788670437644,0.5274795430109163,0.6210705432150766,0.17361190658859227,0.08222381499034939,0.2917000822176135,0.8203382829588963,0.30135500910743507
0.08127417483774381,-0.103951297397454,0.4010953651415758,0.22874200130297195,0.6126271776649048,0.442346837583262,1.0,0.23653333470772653,0.22519403645076347,0.11019715084604442,0.14021553313108948,0.1268562289767043,0.7806347062689563,0.41849411310929674,0.4757230444770442,0.31899739624406087,0.03638640378840662,0.39320615175441703,0.44550166826301535
-0.24606076938382793,-0.3813408289629133,0.03967214896022531,-0.1510030989832182,0.2532688599574268,0.14714290744936978,0.23653333470772653,1.0,0.26937493109001737,0.5058699064369835,-0.213584467441213,-0.35477551176422784,0.16263232257612337,-0.00026924361243580705,0.09575263561085051,0.3313227642481261,-0.2573962138663219,0.09427573290209713,0.7281700323088294
-0.25552402104276717,-0.22043123706736822,-0.18649943974614383,-0.20602494094010476,-0.04293075615782243,-0.010116525474835502,0.22519403645076347,0.26937493109001737,1.0,0.39604275652184784,-0.16643056907107984,-0.08259669535502298,0.16069489348318805,0.1329709057037868,0.2939122527055993,0.49768993006861173,-0.28742030092502585,-0.08803302901355643,0.24936499680004776
-0.23396846376100536,-0.3661563229323319,-0.2418590814854549,-0.42299010071030096,-0.047420877303248336,-0.2907856326502594,0.11019715084604442,0.5058699064369835,0.39604275652184784,1.0,-0.22547857299162202,-0.3970273815643734,0.03140946593152167,-0.20416031050405872,0.16480160722983891,0.39690130313282296,-0.2812218986433328,-0.29975553253111886,0.3559330771618712
0.8694781554081235,0.45237210519832527,0.339477303304297,0.39636383193414604,0.1304794213564516,0.3011294098964642,0.14021553313108948,-0.213584467441213,-0.16643056907107984,-0.22547857299162202,1.0,0.5860669543947986,0.3013641707840223,0.4209829114101786,0.20739007052056033,0.05573268089849364,0.5186315616761557,0.14797806965144625,-0.26846400903626405
0.5679260643857141,0.6876095740035667,0.475895928048945,0.4929723125136713,0.34698732103219976,0.31032788670437644,0.1268562289767043,-0.35477551176422784,-0.08259669535502298,-0.3970273815643734,0.5860669543947986,1.0,0.24158527748158012,0.5125346955556426,0.08884990241496443,-0.05880712448124287,0.650961685528193,0.25945115679359876,-0.09284062737046196
0.14847908224116305,-0.020927177728727417,0.5569742893046297,0.3294100124873221,0.6699385801282548,0.5274795430109163,0.7806347062689563,0.16263232257612337,0.16069489348318805,0.03140946593152167,0.3013641707840223,0.24158527748158012,1.0,0.5292796820603908,0.6449979359277491,0.39926117648690096,0.16371745936476823,0.4250951591008533,0.3018814313138698
0.32528116312155175,0.16016542824186053,0.5876290531464718,0.5098313318463653,0.5450278607003349,0.6210705432150766,0.41849411310929674,-0.00026924361243580705,0.1329709057037868,-0.20416031050405872,0.4209829114101786,0.5125346955556426,0.5292796820603908,1.0,0.34472482613353317,0.30997603324328415,0.4050485788178757,0.45241218371682873,0.23061544412453117
0.01834315104557339,-0.11858180316814963,0.1384762686339434,0.002030518803256974,0.21344058721055081,0.17361190658859227,0.4757230444770442,0.09575263561085051,0.2939122527055993,0.16480160722983891,0.20739007052056033,0.08884990241496443,0.6449979359277491,0.34472482613353317,1.0,0.42680978611508025,-0.03067131178568421,0.07021703287654349,0.1132006976241773
-0.0407326351345846,-0.2147069387865997,0.07653160912866917,-0.1687078816000001,0.21726751366581004,0.08222381499034939,0.31899739624406087,0.3313227642481261,0.49768993006861173,0.39690130313282296,0.05573268089849364,-0.05880712448124287,0.39926117648690096,0.30997603324328415,0.42680978611508025,1.0,-0.052287654467432096,-0.05239389681815138,0.345818143370616
0.4986685410080883,0.5443770735356229,0.40438693572677875,0.5237156139109649,0.17018320541476464,0.2917000822176135,0.03638640378840662,-0.2573962138663219,-0.28742030092502585,-0.2812218986433328,0.5186315616761557,0.650961685528193,0.16371745936476823,0.4050485788178757,-0.03067131178568421,-0.052287654467432096,1.0,0.21284110029038042,-0.24783218111054336
0.1515365928593205,0.13904885466483116,0.7833606870656243,0.8122225675978554,0.7887076304274162,0.8203382829588963,0.39320615175441703,0.09427573290209713,-0.08803302901355643,-0.29975553253111886,0.14797806965144625,0.25945115679359876,0.4250951591008533,0.45241218371682873,0.07021703287654349,-0.05239389681815138,0.21284110029038042,1.0,0.2554581156891496
-0.2869650634118959,-0.30540284902084214,0.1362653149744023,0.0059173440299820895,0.4475686658352433,0.30135500910743507,0.44550166826301535,0.7281700323088294,0.24936499680004776,0.3559330771618712,-0.26846400903626405,-0.09284062737046196,0.3018814313138698,0.23061544412453117,0.1132006976241773,0.345818143370616,-0.24783218111054336,0.2554581156891496,1.0
