0,1,2,3,4,5,6,7,8,9,10,11,12,13,14,15,16,17,18
1.0,0.7125397481151134,0.5794520630194908,0.6240801904963222,0.3076469738078149,0.279109203956725,-0.05660577945523813,-0.08547979849409741,-0.11891585344973726,-0.165757510374843,0.13381693862972063,0.35410479338455536,0.008670606037596323,0.31067402569556013,-0.27165805294751416,-0.006070881341490295,0.5316127286196397,0.29211727425766154,-0.028727832785733147
0.7125397481151134,1.0,0.4993952420581804,0.6804158946816417,0.30143849912195264,0.25345853796389944,0.04241455468495454,-0.0995000899096787,0.03068882104196828,-0.14566825974345343,-0.2245608922594743,0.6610010166481581,-0.004904720519866089,0.33046424650782097,-0.003068979583227461,-0.040336499228597944,0.640253479936372,0.24385686428555822,0.09464845208645171
0.5794520630194908,0.4993952420581804,1.0,0.6985234901455294,0.7310702155432675,0.5949590143747009,0.29364286689868435,0.13910534460793836,0.14140220476778684,-0.07116655014577265,-0.015024744030725424,0.4104246256805149,0.2689048820603601,0.4724661793230087,-0.057636030175793114,0.04374665240387026,0.7977180341912333,0.5976385538364786,0.3017109146160079
0.6240801904963222,0.6804158946816417,0.6985234901455294,1.0,0.4488166041995329,0.6128139559852517,0.12592703325813087,0.12430392759377734,0.06572096115059256,-0.02560211447730583,0.002695718750472177,0.5058704092665594,0.1349373386989727,0.5422176750596067,-0.0903632054348913,0.054023189521152135,0.8238267495816286,0.5424965177899388,0.14908843074885544
0.3076469738078149,0.30143849912195264,0.7310702155432675,0.4488166041995329,1.0,0.6550171042085859,0.6184467469736329,0.36816167399416205,0.37570797618468965,0.13575545881733114,-0.13841657099151222,0.34798055954407137,0.48434573350030286,0.4950032821480004,0.1775166657477163,0.169057926147256,0.5246071976122111,0.7112893660335355,0.5465793369554256
0.279109203956725,0.25345853796389944,0.5949590143747009,0.6128139559852517,0.6550171042085859,1.0,0.4465775401980568,0.5985621917013401,0.3031647138450316,0.3606775213338262,0.11889670625086775,0.1395611538203098,0.3566397575677628,0.5787458977103703,0.13281067518773434,0.35985676966801344,0.5593572824993709,0.8755013687957207,0.4623042165143674
-0.05660577945523813,0.04241455468495454,0.29364286689868435,0.12592703325813087,0.6184467469736329,0.4465775401980568,1.0,0.6297668302784444,0.880284020067604,0.43042510252088767,-0.2403181768822081,0.22374480758476722,0.2882403017236616,0.31617449379020185,0.5171694012331225,0.30132494874770344,0.1706155284195629,0.4735743800938577,0.8210450247996065
-0.08547979849409741,-0.0995000899096787,0.13910534460793836,0.12430392759377734,0.36816167399416205,0.5985621917013401,0.6297668302784444,1.0,0.5503241711917948,0.8769232064283047,0.06686381614534104,-0.08867691919149799,0.21730819258852388,0.36342043646782535,0.33688406386069264,0.5443114800682277,0.03972973336777408,0.5500060289880211,0.6581503451697055
-0.11891585344973726,0.03068882104196828,0.14140220476778684,0.06572096115059256,0.37570797618468965,0.3031647138450316,0.880284020067604,0.5503241711917948,1.0,0.4287592036935169,-0.3265683175125861,0.1937915848299855,0.09057849004695695,0.19568352388830265,0.5840701194285073,0.28832313458334574,0.08231137678989542,0.3143588460554198,0.763845550047364
-0.165757510374843,-0.14566825974345343,-0.07116655014577265,-0.02560211447730583,0.13575545881733114,0.3606775213338262,0.43042510252088767,0.8769232064283047,0.4287592036935169,1.0,0.05238597113992956,-0.15678903757476964,0.03827384673864301,0.19504545733185166,0.2826188414168664,0.5965717082142279,-0.1640404372050567,0.31405148625591106,0.46077037632978457
0.13381693862972063,-0.2245608922594743,-0.015024744030725424,0.002695718750472177,-0.13841657099151222,0.11889670625086775,-0.2403181768822081,0.06686381614534104,-0.3265683175125861,0.05238597113992956,1.0,-0.3022121855526152,0.1726344098731534,-0.07304854991461306,-0.41626290921906234,0.025417006590760245,-0.16806168406262395,0.06094865730201201,-0.3530192732394148
0.35410479338455536,0.6610010166481581,0.4104246256805149,0.5058704092665594,0.34798055954407137,0.1395611538203098,0.22374480758476722,-0.08867691919149799,0.1937915848299855,-0.15678903757476964,-0.3022121855526152,1.0,0.11496206600111394,0.22092587156063548,0.20058706424011538,-0.15989330449469058,0.590311120969049,0.09040061201341285,0.2827863356775677
0.008670606037596323,-0.004904720519866089,0.2689048820603601,0.1349373386989727,0.48434573350030286,0.3566397575677628,0.2882403017236616,0.21730819258852388,0.09057849004695695,0.03827384673864301,0.1726344098731534,0.11496206600111394,1.0,0.3355510107191061,0.0949028074106335,0.14922411744758057,0.04009660329653501,0.33355958377812944,0.07610944274674554
0.31067402569556013,0.33046424650782097,0.4724661793230087,0.5422176750596067,0.4950032821480004,0.5787458977103703,0.31617449379020185,0.36342043646782535,0.19568352388830265,0.19504545733185166,-0.07304854991461306,0.22092587156063548,0.3355510107191061,1.0,0.09834447739895855,0.3945063592872062,0.5240224287182522,0.4774932068594746,0.3158199929869691
-0.27165805294751416,-0.003068979583227461,-0.057636030175793114,-0.0903632054348913,0.1775166657477163,0.13281067518773434,0.5171694012331225,0.33688406386069264,0.5840701194285073,0.2826188414168664,-0.41626290921906234,0.20058706424011538,0.0949028074106335,0.09834447739895855,1.0,0.3008696269872734,-0.2009599877544231,0.1205298260581915,0.3193193507093327
-0.006070881341490295,-0.040336499228597944,0.04374665240387026,0.054023189521152135,0.169057926147256,0.35985676966801344,0.30132494874770344,0.5443114800682277,0.28832313458334574,0.5965717082142279,0.025417006590760245,-0.15989330449469058,0.14922411744758057,0.3945063592872062,0.3008696269872734,1.0,-0.040765732246052136,0.27633919511407007,0.2976604279464707
0.5316127286196397,0.640253479936372,0.7977180341912333,0.8238267495816286,0.5246071976122111,0.5593572824993709,0.1706155284195629,0.03972973336777408,0.08231137678989542,-0.1640404372050567,-0.16806168406262395,0.590311120969049,0.04009660329653501,0.5240224287182522,-0.2009599877544231,-0.040765732246052136,1.0,0.506273182090354,0.28277401773204497
0.29211727425766154,0.24385686428555822,0.5976385538364786,0.5424965177899388,0.7112893660335355,0.8755013687957207,0.4735743800938577,0.5500060289880211,0.3143588460554198,0.31405148625591106,0.06094865730201201,0.09040061201341285,0.33355958377812944,0.4774932068594746,0.1205298260581915,0.27633919511407007,0.506273182090354,1.0,0.4825980073044789
-0.028727832785733147,0.09464845208645171,0.3017109146160079,0.14908843074885544,0.5465793369554256,0.4623042165143674,0.8210450247996065,0.6581503451697055,0.763845550047364,0.46077037632978457,-0.3530192732394148,0.2827863356775677,0.07610944274674554,0.3158199929869691,0.3193193507093327,0.2976604279464707,0.28277401773204497,0.4825980073044789,1.0
