0,1,2,3,4,5,6,7,8,9,10,11,12,13,14,15,16,17,18
1.0,0.21217283702884288,0.6942505521193955,0.3837629857090432,0.2887839009435489,0.2728462607300705,0.04545126535724363,0.09045128477099124,0.058442281041866405,0.23931871446176453,0.2633179706097935,0.2367284375290759,0.014644831245612448,0.3595609934173257,0.06088974054172318,0.07939527824373027,0.17003190380294203,0.2525007250278872,0.14603407582433772
0.21217283702884288,1.0,0.3846094374296223,0.45675215495739885,0.35407709993070247,0.33832771213785523,0.16216371476049077,0.2500701866915771,0.08918931128698425,0.26613386371959785,0.23754679382022198,0.4225629957569488,0.2172613680926314,0.2705532897598198,0.07866775576833984,0.18969466360322085,0.23643147744306117,0.32451030111483603,0.18205594189610444
0.6942505521193955,0.3846094374296223,1.0,0.6938544075908746,0.5226394836567373,0.4453388254363404,0.26039083087117837,0.16987317148414383,0.16304282470696144,0.3542913005988071,0.4464199308368465,0.4755459904122538,0.20070085339928487,0.38504977414900043,0.04381401429322374,0.18937956796009445,0.31870641139949135,0.4307683411670085,0.3105589294473575
0.3837629857090432,0.45675215495739885,0.6938544075908746,1.0,0.4372535728892021,0.5783778226118687,0.1910114608663888,0.2809395580920769,0.06682486994510352,0.6148327716821813,0.3047269552367742,0.658962523633013,0.17933297953377222,0.4596274459443851,-0.020678923025394605,0.30223748953573376,0.5767170278607958,0.5638139123751109,0.21868825272070266
0.2887839009435489,0.35407709993070247,0.5226394836567373,0.4372535728892021,1.0,0.7904243695846435,0.5582241147605662,0.38694359471046136,0.3220019388621633,0.32279772056648104,0.5056570330920722,0.5134992683806758,0.5602350357768435,0.43005862228661834,0.21545658715355287,0.39466535860720986,0.2470249372054874,0.8021506219161045,0.509656453011328
0.2728462607300705,0.33832771213785523,0.4453388254363404,0.5783778226118687,0.7904243695846435,1.0,0.41872530595116164,0.5927514563834313,0.2641852978062994,0.5402838194722518,0.33240076589362183,0.6663289547578433,0.2813311711397512,0.6421326118966395,0.1356151999424017,0.5646265882160566,0.3831014945853833,0.9224531193573086,0.4679268741809336
0.04545126535724363,0.16216371476049077,0.26039083087117837,0.1910114608663888,0.5582241147605662,0.41872530595116164,1.0,0.49003383303695547,0.7827513444480987,0.1275350989330008,0.20315066616585906,0.1880830437338568,0.5121168033728709,0.18742658106285806,0.3735633100649207,0.37399962238207396,0.18193788436781944,0.39516856996882693,0.8327091799626911
0.09045128477099124,0.2500701866915771,0.16987317148414383,0.2809395580920769,0.38694359471046136,0.5927514563834313,0.49003383303695547,1.0,0.4030441609978751,0.4910383315014558,0.10792861514779356,0.3821314703105122,0.07004281939445271,0.4767424995466427,0.013659757126458895,0.5818756946397605,0.3588592840626659,0.5284772238520334,0.6152172460723389
0.058442281041866405,0.08918931128698425,0.16304282470696144,0.06682486994510352,0.3220019388621633,0.2641852978062994,0.7827513444480987,0.4030441609978751,1.0,0.05238308393151878,0.0648704876106897,-0.006162745516286431,0.30114891162519963,0.0760090223535167,0.40571580543501534,0.3246905935416868,0.13093981167133167,0.21039582794855768,0.7996152153406548
0.23931871446176453,0.26613386371959785,0.3542913005988071,0.6148327716821813,0.32279772056648104,0.5402838194722518,0.1275350989330008,0.4910383315014558,0.05238308393151878,1.0,0.10580489536594317,0.5398517861239684,-0.06385882775112965,0.5062537918191599,-0.08379682629590096,0.4343403130162112,0.954370179336021,0.5257662262191904,0.19769339357302926
0.2633179706097935,0.23754679382022198,0.4464199308368465,0.3047269552367742,0.5056570330920722,0.33240076589362183,0.20315066616585906,0.10792861514779356,0.0648704876106897,0.10580489536594317,1.0,0.23296919354883006,0.3629109841259787,0.179106769367386,-0.022686204460369775,0.0934634630340878,0.11768824937567575,0.3552992375386907,0.18013887812445123
0.2367284375290759,0.4225629957569488,0.4755459904122538,0.658962523633013,0.5134992683806758,0.6663289547578433,0.1880830437338568,0.3821314703105122,-0.006162745516286431,0.5398517861239684,0.23296919354883006,1.0,0.16983333491246266,0.6922187259846305,-0.049143381208967524,0.455360481543152,0.39735028717172033,0.5904505808641474,0.17240522956642423
0.014644831245612448,0.2172613680926314,0.20070085339928487,0.17933297953377222,0.5602350357768435,0.2813311711397512,0.5121168033728709,0.07004281939445271,0.30114891162519963,-0.06385882775112965,0.3629109841259787,0.16983333491246266,1.0,0.09595894688441226,0.40646923804774515,0.17560387398846347,-0.014173790816550881,0.2812559477121061,0.307879308558701
0.3595609934173257,0.2705532897598198,0.38504977414900043,0.4596274459443851,0.43005862228661834,0.6421326118966395,0.18742658106285806,0.4767424995466427,0.0760090223535167,0.5062537918191599,0.179106769367386,0.6922187259846305,0.09595894688441226,1.0,-0.003855602965718167,0.6071077683388566,0.28544483895764716,0.5554408794221638,0.26062139709307286
0.06088974054172318,0.07866775576833984,0.04381401429322374,-0.020678923025394605,0.21545658715355287,0.1356151999424017,0.3735633100649207,0.013659757126458895,0.40571580543501534,-0.08379682629590096,-0.022686204460369775,-0.049143381208967524,0.40646923804774515,-0.003855602965718167,1.0,0.16012497735758763,-0.031539486983901216,0.10131688503708958,0.34968507442684205
0.07939527824373027,0.18969466360322085,0.18937956796009445,0.30223748953573376,0.39466535860720986,0.5646265882160566,0.37399962238207396,0.5818756946397605,0.3246905935416868,0.4343403130162112,0.0934634630340878,0.455360481543152,0.17560387398846347,0.6071077683388566,0.16012497735758763,1.0,0.29948910144282725,0.4351101988255517,0.437381145309029
0.17003190380294203,0.23643147744306117,0.31870641139949135,0.5767170278607958,0.2470249372054874,0.3831014945853833,0.18193788436781944,0.3588592840626659,0.13093981167133167,0.954370179336021,0.11768824937567575,0.39735028717172033,-0.014173790816550881,0.28544483895764716,-0.031539486983901216,0.29948910144282725,1.0,0.39085459139418915,0.21202341157849217
0.2525007250278872,0.32451030111483603,0.4307683411670085,0.5638139123751109,0.8021506219161045,0.9224531193573086,0.39516856996882693,0.5284772238520334,0.21039582794855768,0.5257662262191904,0.3552992375386907,0.5904505808641474,0.2812559477121061,0.5554408794221638,0.10131688503708958,0.4351101988255517,0.39085459139418915,1.0,0.4227103932902968
0.14603407582433772,0.18205594189610444,0.3105589294473575,0.21868825272070266,0.509656453011328,0.4679268741809336,0.8327091799626911,0.6152172460723389,0.7996152153406548,0.19769339357302926,0.18013887812445123,0.17240522956642423,0.307879308558701,0.26062139709307286,0.34968507442684205,0.437381145309029,0.21202341157849217,0.4227103932902968,1.0
