0,1,2,3,4,5,6,7,8,9,10,11,12,13,14,15,16,17,18
1.0,0.7091601405507507,0.9091121345594844,0.6088905993802163,0.35729371593498144,0.46569842408738316,0.23879184803125006,0.43453523061699034,0.0038431155836911113,0.3965581698395749,0.59645831488149,0.3784491170044368,0.4185043815960864,0.4749585442353596,0.008956011896971471,0.2909366893757405,0.6209456338653151,0.4972464011777799,0.3093483114636445
0.7091601405507507,1.0,0.633523406038465,0.839166850647042,0.24424069593281061,0.41271042756824267,0.09482968287925395,0.36809994213573227,-0.10463578838334663,0.2987277876745887,0.619088297027804,0.6405678335139519,0.3392251015141355,0.5043350479031525,-0.012803151138787317,0.22393541997356428,0.6558939272316244,0.46346887448772134,0.11052929023605855
0.9091121345594844,0.633523406038465,1.0,0.6487197123685173,0.4910749404622037,0.4586858867876512,0.318965071013678,0.4234762926992063,0.04046136471724444,0.3757973838300796,0.4313886150374545,0.39861320954849766,0.47622516761932704,0.49557605646541447,0.026302471389061582,0.22635283198930511,0.7349950541626966,0.5194179635540929,0.35901268242402734
0.6088905993802163,0.839166850647042,0.6487197123685173,1.0,0.36935210288555625,0.5763830072286624,0.20782553118338576,0.5164944492635525,-0.04083560026578175,0.40314311405603026,0.40280490563128374,0.6670020955685994,0.3776398391970361,0.6775695020630094,0.07102002942176307,0.2972056821757427,0.8065792864459342,0.566231709763826,0.2681430311658718
0.35729371593498144,0.24424069593281061,0.4910749404622037,0.36935210288555625,1.0,0.40310680366307505,0.6889276358916246,0.38596736502294604,0.23950393190023447,0.35947988044172435,0.06767259131276589,0.16520428527286726,0.7327654947707967,0.4127975001571409,0.2952474869415194,0.19172092178769473,0.39328312793546005,0.6230309151321022,0.5268606587557969
0.46569842408738316,0.41271042756824267,0.4586858867876512,0.5763830072286624,0.40310680366307505,1.0,0.4265170954765605,0.971560637347507,0.19979705275226117,0.846194602245654,0.3619502952898011,0.2261007795943609,0.4647341419331225,0.8530807038181033,0.2711493045810113,0.6094821249504138,0.4413061541054044,0.6063299247221088,0.5864477445902626
0.23879184803125006,0.09482968287925395,0.318965071013678,0.20782553118338576,0.6889276358916246,0.4265170954765605,1.0,0.46205005729267923,0.7534605061995998,0.5402575557843226,-0.15783818984569487,0.040142769194470754,0.47838234041234357,0.3480642615507184,0.45333390190860706,0.25036293492107936,0.24226327427188665,0.39574565058083166,0.691325145718115
0.43453523061699034,0.36809994213573227,0.4234762926992063,0.5164944492635525,0.38596736502294604,0.971560637347507,0.46205005729267923,1.0,0.2406286757890997,0.9148614603827375,0.3338884534337604,0.20290719907897553,0.44857470087931384,0.8300376155825148,0.2953762177989983,0.6368709037445993,0.39041287055712465,0.5650609881814951,0.6136173425862511
0.0038431155836911113,-0.10463578838334663,0.04046136471724444,-0.04083560026578175,0.23950393190023447,0.19979705275226117,0.7534605061995998,0.2406286757890997,1.0,0.366308476614232,-0.2896237412025557,-0.11700964523707325,0.058751846243490474,0.12452172369376849,0.2548325745031055,0.11324918189699172,0.02127154460902455,0.10182793931042491,0.5510657006463465
0.3965581698395749,0.2987277876745887,0.3757973838300796,0.40314311405603026,0.35947988044172435,0.846194602245654,0.5402575557843226,0.9148614603827375,0.366308476614232,1.0,0.290252601544472,0.09689208540250971,0.4428379399434666,0.7127791006146014,0.3612639573639849,0.6886351926184775,0.3112567675904378,0.444423185242004,0.6354405826671073
0.59645831488149,0.619088297027804,0.4313886150374545,0.40280490563128374,0.06767259131276589,0.3619502952898011,-0.15783818984569487,0.3338884534337604,-0.2896237412025557,0.290252601544472,1.0,0.14591361686593513,0.38385660792648796,0.3757884559715017,-0.19896606012848572,0.3879231257650655,0.16062431546052,0.36889772593971365,-0.10118833151905855
0.3784491170044368,0.6405678335139519,0.39861320954849766,0.6670020955685994,0.16520428527286726,0.2261007795943609,0.040142769194470754,0.20290719907897553,-0.11700964523707325,0.09689208540250971,0.14591361686593513,1.0,0.16803761501886927,0.4763195624030058,-0.11274119183296777,0.14044601668475012,0.4956363929383632,0.23267261907431494,0.0969466355746994
0.4185043815960864,0.3392251015141355,0.47622516761932704,0.3776398391970361,0.7327654947707967,0.4647341419331225,0.47838234041234357,0.44857470087931384,0.058751846243490474,0.4428379399434666,0.38385660792648796,0.16803761501886927,1.0,0.4930148377937897,0.4062836388353228,0.4591764388671461,0.2866142289623159,0.49873364273712384,0.2731110372985621
0.4749585442353596,0.5043350479031525,0.49557605646541447,0.6775695020630094,0.4127975001571409,0.8530807038181033,0.3480642615507184,0.8300376155825148,0.12452172369376849,0.7127791006146014,0.3757884559715017,0.4763195624030058,0.4930148377937897,1.0,0.15121211107601634,0.6108799534636284,0.49022704883479845,0.5472257850589156,0.5044888984369126
0.008956011896971471,-0.012803151138787317,0.026302471389061582,0.07102002942176307,0.2952474869415194,0.2711493045810113,0.45333390190860706,0.2953762177989983,0.2548325745031055,0.3612639573639849,-0.19896606012848572,-0.11274119183296777,0.4062836388353228,0.15121211107601634,1.0,0.3499668390926785,-0.06584114546491655,0.15594454686792092,0.11634501824197233
0.2909366893757405,0.22393541997356428,0.22635283198930511,0.2972056821757427,0.19172092178769473,0.6094821249504138,0.25036293492107936,0.6368709037445993,0.11324918189699172,0.6886351926184775,0.3879231257650655,0.14044601668475012,0.4591764388671461,0.6108799534636284,0.3499668390926785,1.0,0.1687446374064881,0.16186859847537466,0.30105093861128174
0.6209456338653151,0.6558939272316244,0.7349950541626966,0.8065792864459342,0.39328312793546005,0.4413061541054044,0.24226327427188665,0.39041287055712465,0.02127154460902455,0.3112567675904378,0.16062431546052,0.4956363929383632,0.2866142289623159,0.49022704883479845,-0.06584114546491655,0.1687446374064881,1.0,0.5218384300686312,0.3631549790773515
0.4972464011777799,0.46346887448772134,0.5194179635540929,0.566231709763826,0.6230309151321022,0.6063299247221088,0.39574565058083166,0.5650609881814951,0.10182793931042491,0.444423185242004,0.36889772593971365,0.23267261907431494,0.49873364273712384,0.5472257850589156,0.15594454686792092,0.16186859847537466,0.5218384300686312,1.0,0.5690193340386761
0.3093483114636445,0.11052929023605855,0.35901268242402734,0.2681430311658718,0.5268606587557969,0.5864477445902626,0.691325145718115,0.6136173425862511,0.5510657006463465,0.6354405826671073,-0.10118833151905855,0.0969466355746994,0.2731110372985621,0.5044888984369126,0.11634501824197233,0.30105093861128174,0.3631549790773515,0.5690193340386761,1.0
