0,1,2,3,4,5,6,7,8,9,10,11,12,13,14,15,16,17,18
1.0,0.6895563342584009,0.9323975227496109,0.6154063412991416,0.3277084378313234,0.27086873565471453,0.12917673094132626,0.1997532752071676,-0.04754437213774727,0.11505475230669109,0.5278942976241636,0.4501226438289142,0.33948653334441614,0.42415216656042076,-0.18983755173495526,0.0992597425337456,0.6738458519811972,0.29738409425329854,0.1249062960629677
0.6895563342584009,1.0,0.6351846157134639,0.8237509827923795,0.16880027934693728,0.24608022171066365,0.055857002963470175,0.20065866525230192,-0.07098658670998532,0.13273773280685186,0.5285876161025559,0.6383238780243995,0.17337924122454376,0.4263382464009169,-0.1450978221835894,0.0004248493499755385,0.6423888588943796,0.24952872553700056,0.016757769104578775
0.9323975227496109,0.6351846157134639,1.0,0.6791124812827675,0.461639346673391,0.35646074907352243,0.2741364552783695,0.2915112043143184,0.06135907406867677,0.20942054668056745,0.36250475087136813,0.49778563231030787,0.4126857575372907,0.5130345413882668,-0.11601462148253136,0.08496574714551207,0.7862090783980374,0.39299799993953316,0.2719447641464039
0.6154063412991416,0.8237509827923795,0.6791124812827675,1.0,0.3715358746907785,0.4582486657155397,0.25028360407008554,0.40426969080153224,0.06782189079811926,0.3030393465006074,0.33335137768618256,0.6856408837307675,0.2981401030757036,0.6558411283670839,-0.04263455148553184,0.10546949623999982,0.7981458059205501,0.4690704559529235,0.24678257679252766
0.3277084378313234,0.16880027934693728,0.461639346673391,0.3715358746907785,1.0,0.5183782372210229,0.7239953556025363,0.4758346378602724,0.37917321822876454,0.4232025016865564,-0.08571851693331096,0.26306870928365816,0.7119635977406662,0.4903532251398028,0.33740900561083353,0.2250788736700962,0.4020616247898294,0.6657552383420868,0.5963830803936072
0.27086873565471453,0.24608022171066365,0.35646074907352243,0.4582486657155397,0.5183782372210229,1.0,0.532012801818281,0.9623251728103799,0.3713983441137772,0.8612708504284348,0.18379210958120737,0.11444049102222124,0.4720039224209147,0.7875884838723687,0.24843851470306758,0.5197922723390184,0.3538276505725139,0.6573243553103126,0.6558984847442646
0.12917673094132626,0.055857002963470175,0.2741364552783695,0.25028360407008554,0.7239953556025363,0.532012801818281,1.0,0.5374641545997609,0.8227245790086962,0.5738877916583176,-0.32724832864159914,0.17409324572370863,0.4826720593709338,0.41277358710463796,0.48164093209256703,0.2717276605892378,0.3017529970959345,0.532284410722849,0.7605243607538617
0.1997532752071676,0.20065866525230192,0.2915112043143184,0.40426969080153224,0.4758346378602724,0.9623251728103799,0.5374641545997609,1.0,0.4298839996627025,0.9290857655440372,0.13463861896991916,0.0867308864148879,0.38857939185035334,0.7667363020779261,0.24195297747492817,0.5189737502494718,0.2897988804380655,0.5861840549482454,0.6664947050975754
-0.04754437213774727,-0.07098658670998532,0.06135907406867677,0.06782189079811926,0.37917321822876454,0.3713983441137772,0.8227245790086962,0.4298839996627025,1.0,0.5407094748544558,-0.34037101023776195,0.02810819839399902,0.2062176799977057,0.2316990946865457,0.3900295567396107,0.2273626882238266,0.06507985715918344,0.2816610442982252,0.6145881913407424
0.11505475230669109,0.13273773280685186,0.20942054668056745,0.3030393465006074,0.4232025016865564,0.8612708504284348,0.5738877916583176,0.9290857655440372,0.5407094748544558,1.0,0.08910060792440537,0.009203445188541643,0.3217309263503719,0.6604109324213402,0.2518464436028284,0.49858692363866186,0.18418920613741885,0.4793343902541685,0.6586340643647589
0.5278942976241636,0.5285876161025559,0.36250475087136813,0.33335137768618256,-0.08571851693331096,0.18379210958120737,-0.32724832864159914,0.13463861896991916,-0.34037101023776195,0.08910060792440537,1.0,-0.0020377828097445905,0.15824327372455518,0.24192834410489944,-0.46875247979681917,0.2144238577731739,0.1120404156241219,0.1357982601052774,-0.26182749059845983
0.4501226438289142,0.6383238780243995,0.49778563231030787,0.6856408837307675,0.26306870928365816,0.11444049102222124,0.17409324572370863,0.0867308864148879,0.02810819839399902,0.009203445188541643,-0.0020377828097445905,1.0,0.16387452674324793,0.39272141251627046,-0.03969828879776492,-0.050895251138593146,0.5538933642199471,0.1758129552098032,0.11623761306391972
0.33948653334441614,0.17337924122454376,0.4126857575372907,0.2981401030757036,0.7119635977406662,0.4720039224209147,0.4826720593709338,0.38857939185035334,0.2062176799977057,0.3217309263503719,0.15824327372455518,0.16387452674324793,1.0,0.45565654686558926,0.42975980860121293,0.4448472137384031,0.2665616304470944,0.46806941475008956,0.3044313992085262
0.42415216656042076,0.4263382464009169,0.5130345413882668,0.6558411283670839,0.4903532251398028,0.7875884838723687,0.41277358710463796,0.7667363020779261,0.2316990946865457,0.6604109324213402,0.24192834410489944,0.39272141251627046,0.45565654686558926,1.0,0.1076169990531543,0.5352389721909404,0.5449917473054403,0.5327530220081874,0.49824452752829224
-0.18983755173495526,-0.1450978221835894,-0.11601462148253136,-0.04263455148553184,0.33740900561083353,0.24843851470306758,0.48164093209256703,0.24195297747492817,0.3900295567396107,0.2518464436028284,-0.46875247979681917,-0.03969828879776492,0.42975980860121293,0.1076169990531543,1.0,0.2823775646086819,-0.11890121223711954,0.18879315764012142,0.1864644138318331
0.0992597425337456,0.0004248493499755385,0.08496574714551207,0.10546949623999982,0.2250788736700962,0.5197922723390184,0.2717276605892378,0.5189737502494718,0.2273626882238266,0.49858692363866186,0.2144238577731739,-0.050895251138593146,0.4448472137384031,0.5352389721909404,0.2823775646086819,1.0,0.050592140996515496,0.10328838887835697,0.270332666657141
0.6738458519811972,0.6423888588943796,0.7862090783980374,0.7981458059205501,0.4020616247898294,0.3538276505725139,0.3017529970959345,0.2897988804380655,0.06507985715918344,0.18418920613741885,0.1120404156241219,0.5538933642199471,0.2665616304470944,0.5449917473054403,-0.11890121223711954,0.050592140996515496,1.0,0.43000098497509864,0.3313937924403073
0.29738409425329854,0.24952872553700056,0.39299799993953316,0.4690704559529235,0.6657552383420868,0.6573243553103126,0.532284410722849,0.5861840549482454,0.2816610442982252,0.4793343902541685,0.1357982601052774,0.1758129552098032,0.46806941475008956,0.5327530220081874,0.18879315764012142,0.10328838887835697,0.43000098497509864,1.0,0.6687612691250968
0.1249062960629677,0.016757769104578775,0.2719447641464039,0.24678257679252766,0.5963830803936072,0.6558984847442646,0.7605243607538617,0.6664947050975754,0.6145881913407424,0.6586340643647589,-0.26182749059845983,0.11623761306391972,0.3044313992085262,0.49824452752829224,0.1864644138318331,0.270332666657141,0.3313937924403073,0.6687612691250968,1.0
