0,1,2,3,4,5,6,7,8,9,10,11,12,13,14,15,16,17,18
1.0,0.6511159977398651,0.917659010925607,0.616538009462959,0.358170506174358,0.3699387287892829,0.11291503277219778,0.3223612712021274,-0.12587331915862343,0.20076335574823498,0.47394360581804007,0.4685610116124091,0.37290882201525033,0.4827662036383424,-0.06507464318813537,0.11898610477676431,0.6829750567029478,0.4295665425389229,0.2656660208045261
0.6511159977398651,1.0,0.6496729999563569,0.8016572532015939,0.28469716195360084,0.2829316269074455,0.11729705728297456,0.22210025535612637,-0.11609250372376693,0.12426371699593075,0.41397178714197386,0.728742600499606,0.32079819671919535,0.4535604112541785,0.0764464350531514,-0.01723543032008165,0.6686409962867,0.41336521095278267,0.1169492994759784
0.917659010925607,0.6496729999563569,1.0,0.7132364606859959,0.47329618737667567,0.433606260003533,0.22087656285169818,0.37664994226463244,-0.04434559224925389,0.2618507119648737,0.34693180804529855,0.5169596568955156,0.44031742461431983,0.5515972599570212,0.02076570305735507,0.1293797845179557,0.7920349380873389,0.5298551075846908,0.3460728490280084
0.616538009462959,0.8016572532015939,0.7132364606859959,1.0,0.3944570948936344,0.484915226261935,0.19686757345532283,0.4053663151357311,-0.0649854660469908,0.27911035452874394,0.2614020238532225,0.7286871616882561,0.32683723868439857,0.6758602276630653,0.0954032408441615,0.10628721780640513,0.8189491050376098,0.5636404391394532,0.2436141263041704
0.358170506174358,0.28469716195360084,0.47329618737667567,0.3944570948936344,1.0,0.5078416874951966,0.7019936145380662,0.47789661447394666,0.2514085012428962,0.3869657504269607,-0.06336083682671624,0.21477858801706343,0.688109118502505,0.43625726016450994,0.3310563792362098,0.1660527559244004,0.462433830129126,0.6889047204475801,0.5843591522780491
0.3699387287892829,0.2829316269074455,0.433606260003533,0.484915226261935,0.5078416874951966,1.0,0.3767088720795129,0.9661202160357922,0.1147433388970157,0.8391937571421332,0.2248211368900458,0.19331565541996937,0.3878548812047087,0.8232162824040965,0.1912448422815954,0.42318243705757563,0.4084379660333667,0.5901977579346916,0.540435262314428
0.11291503277219778,0.11729705728297456,0.22087656285169818,0.19686757345532283,0.7019936145380662,0.3767088720795129,1.0,0.4079830729678436,0.7423950293699959,0.49819331770625547,-0.28418241199428784,0.08151016828497679,0.3975707117332135,0.2766813587833923,0.4398552557343024,0.13668106850790376,0.22010166697567957,0.48824788851445877,0.6543923219361434
0.3223612712021274,0.22210025535612637,0.37664994226463244,0.4053663151357311,0.47789661447394666,0.9661202160357922,0.4079830729678436,1.0,0.17014673987175571,0.907188384477369,0.1970123075576638,0.15352123110087434,0.3375147928855948,0.7859929758859598,0.19465233991771524,0.44701010391322515,0.3237194069420718,0.5208986621983762,0.5527145435941901
-0.12587331915862343,-0.11609250372376693,-0.04434559224925389,-0.0649854660469908,0.2514085012428962,0.1147433388970157,0.7423950293699959,0.17014673987175571,1.0,0.35367867210173803,-0.4356114974718688,-0.09274716696173883,0.0015051496220202015,0.03369392143473602,0.35024454176488745,0.030388714258096906,-0.0430856555063853,0.1334204521088878,0.415238087162182
0.20076335574823498,0.12426371699593075,0.2618507119648737,0.27911035452874394,0.3869657504269607,0.8391937571421332,0.49819331770625547,0.907188384477369,0.35367867210173803,1.0,0.0882467087966108,0.07924907741084697,0.20447216257491727,0.6577802929180131,0.22632650107204608,0.4171545960064014,0.20777553644398344,0.4200697529934702,0.5701876929523058
0.47394360581804007,0.41397178714197386,0.34693180804529855,0.2614020238532225,-0.06336083682671624,0.2248211368900458,-0.28418241199428784,0.1970123075576638,-0.4356114974718688,0.0882467087966108,1.0,0.1582570021925929,0.2268472862899042,0.29334916963575114,-0.34594549407398295,0.2365862618740414,0.11524381251928886,0.20397448494149287,-0.16747274422318484
0.4685610116124091,0.728742600499606,0.5169596568955156,0.7286871616882561,0.21477858801706343,0.19331565541996937,0.08151016828497679,0.15352123110087434,-0.09274716696173883,0.07924907741084697,0.1582570021925929,1.0,0.15979550661245184,0.48107069686823617,-0.0269074661477986,-0.022205482726756143,0.5134799877547541,0.3249790072764442,0.08470742811552213
0.37290882201525033,0.32079819671919535,0.44031742461431983,0.32683723868439857,0.688109118502505,0.3878548812047087,0.3975707117332135,0.3375147928855948,0.0015051496220202015,0.20447216257491727,0.2268472862899042,0.15979550661245184,1.0,0.37139126091208197,0.43569221547161446,0.30818432179994243,0.33959441645394867,0.48109956299790063,0.23473569539792263
0.4827662036383424,0.4535604112541785,0.5515972599570212,0.6758602276630653,0.43625726016450994,0.8232162824040965,0.2766813587833923,0.7859929758859598,0.03369392143473602,0.6577802929180131,0.29334916963575114,0.48107069686823617,0.37139126091208197,1.0,0.1152950994953975,0.44674814492811654,0.5270705116073194,0.5413873928965176,0.40211007149274053
-0.06507464318813537,0.0764464350531514,0.02076570305735507,0.0954032408441615,0.3310563792362098,0.1912448422815954,0.4398552557343024,0.19465233991771524,0.35024454176488745,0.22632650107204608,-0.34594549407398295,-0.0269074661477986,0.43569221547161446,0.1152950994953975,1.0,0.22475025756770722,-0.028958577720214197,0.15264302972783683,-0.001322941818757604
0.11898610477676431,-0.01723543032008165,0.1293797845179557,0.10628721780640513,0.1660527559244004,0.42318243705757563,0.13668106850790376,0.44701010391322515,0.030388714258096906,0.4171545960064014,0.2365862618740414,-0.022205482726756143,0.30818432179994243,0.44674814492811654,0.22475025756770722,1.0,0.12149817038102177,0.004759290532247733,0.10603358867999857
0.6829750567029478,0.6686409962867,0.7920349380873389,0.8189491050376098,0.462433830129126,0.4084379660333667,0.22010166697567957,0.3237194069420718,-0.0430856555063853,0.20777553644398344,0.11524381251928886,0.5134799877547541,0.33959441645394867,0.5270705116073194,-0.028958577720214197,0.12149817038102177,1.0,0.5613712742952405,0.3485940684648214
0.4295665425389229,0.41336521095278267,0.5298551075846908,0.5636404391394532,0.6889047204475801,0.5901977579346916,0.48824788851445877,0.5208986621983762,0.1334204521088878,0.4200697529934702,0.20397448494149287,0.3249790072764442,0.48109956299790063,0.5413873928965176,0.15264302972783683,0.004759290532247733,0.5613712742952405,1.0,0.6324659557081953
0.2656660208045261,0.1169492994759784,0.3460728490280084,0.2436141263041704,0.5843591522780491,0.540435262314428,0.6543923219361434,0.5527145435941901,0.415238087162182,0.5701876929523058,-0.16747274422318484,0.08470742811552213,0.23473569539792263,0.40211007149274053,-0.001322941818757604,0.10603358867999857,0.3485940684648214,0.6324659557081953,1.0
