0,1,2,3,4,5,6,7,8,9,10,11,12,13,14,15,16,17,18
1.0,0.8654832536712429,0.9298467278996044,0.627871686201955,0.43901658381488917,0.3211518276662562,0.28351223100260653,0.2785266529527786,0.09402799404305004,0.19209444629669878,0.4277374377712472,0.7728127983417111,0.5376894876278263,0.480883592783013,0.28881540378287773,0.3170016748025769,0.6596842883107421,0.2631863320934575,0.2272687445987385
0.8654832536712429,1.0,0.8168838781072093,0.7807810245045078,0.4038503220485619,0.276242211513985,0.2560643319342571,0.20843473624868983,0.09232801046480496,0.10026848783343117,0.3350500520152464,0.8541481867764849,0.4796746379422657,0.4698299775718318,0.3488665082217767,0.19806771255878275,0.739967400239296,0.25623964538736993,0.11560869682719886
0.9298467278996044,0.8168838781072093,1.0,0.7371915892457169,0.5680007143693244,0.42280561011244183,0.37122293431873576,0.36931247755722846,0.10867336090433385,0.24867207262570504,0.33464417608831126,0.7280396191786771,0.6042171674672048,0.5818324442420204,0.333904253096299,0.32767971605292445,0.7733185588650494,0.3572275977944902,0.27283562625804714
0.627871686201955,0.7807810245045078,0.7371915892457169,1.0,0.47789134317749393,0.4636637087926266,0.2894936016081968,0.37800521301332707,0.070639471001284,0.18677765566542043,0.12491881619030995,0.713505274908678,0.4298222878200243,0.6583912037148749,0.31601261959389787,0.18813811732552124,0.8848625752629113,0.43971517955993505,0.156600796524263
0.43901658381488917,0.4038503220485619,0.5680007143693244,0.47789134317749393,1.0,0.5299861739434603,0.7395501222249005,0.5055501471717649,0.3757311018493362,0.42691232834120857,0.013575350687517746,0.3219554285496173,0.7608471595519599,0.5576566659369688,0.4933595155692624,0.33338998916269674,0.4967453963877577,0.6400492537071618,0.5494554628467687
0.3211518276662562,0.276242211513985,0.42280561011244183,0.4636637087926266,0.5299861739434603,1.0,0.5400075133940807,0.9620981873105315,0.3674640247525417,0.8288001100061944,0.12225592326889789,0.1604262290870218,0.4733459696163427,0.800728790023913,0.2616782885639789,0.4367468368656584,0.44733289813637,0.6429375696265562,0.6855460272505284
0.28351223100260653,0.2560643319342571,0.37122293431873576,0.2894936016081968,0.7395501222249005,0.5400075133940807,1.0,0.5448565735717116,0.8087958637613731,0.5766672263397982,-0.21359856880621075,0.20670024855113298,0.6097757114286064,0.47354042971220545,0.5902722998621417,0.35877899612257647,0.3114019135085366,0.4555920305272854,0.705623668059249
0.2785266529527786,0.20843473624868983,0.36931247755722846,0.37800521301332707,0.5055501471717649,0.9620981873105315,0.5448565735717116,1.0,0.38088632652990706,0.9021545436298969,0.08537492398349099,0.11773291376095055,0.42304584026339703,0.763974371805876,0.24830811198272068,0.436216089562262,0.3649741530634342,0.5894612842830795,0.7146303334559646
0.09402799404305004,0.09232801046480496,0.10867336090433385,0.070639471001284,0.3757311018493362,0.3674640247525417,0.8087958637613731,0.38088632652990706,1.0,0.5097023415366096,-0.3641114469625985,0.0663766438913162,0.3005552953550872,0.23345983409196056,0.4748763978274399,0.21925500890459587,0.08894820384495256,0.2031183196299355,0.6249369663645262
0.19209444629669878,0.10026848783343117,0.24867207262570504,0.18677765566542043,0.42691232834120857,0.8288001100061944,0.5766672263397982,0.9021545436298969,0.5097023415366096,1.0,0.00018138768144279637,0.006775559172049927,0.3306275960697614,0.5985012044620813,0.23731044141082577,0.4288368720778588,0.22353686786292765,0.46657774593770746,0.7736231864501658
0.4277374377712472,0.3350500520152464,0.33464417608831126,0.12491881619030995,0.013575350687517746,0.12225592326889789,-0.21359856880621075,0.08537492398349099,-0.3641114469625985,0.00018138768144279637,1.0,0.14629093369823973,0.2993775607902328,0.14189024665751077,-0.342643318774031,0.24101314884094766,0.0484127382094479,0.2017674782089454,-0.15253026733028013
0.7728127983417111,0.8541481867764849,0.7280396191786771,0.713505274908678,0.3219554285496173,0.1604262290870218,0.20670024855113298,0.11773291376095055,0.0663766438913162,0.006775559172049927,0.14629093369823973,1.0,0.37319748459063495,0.4658569498306231,0.35586211803486095,0.23624380534159078,0.6069989657923266,0.12786530107600427,0.039298536355903475
0.5376894876278263,0.4796746379422657,0.6042171674672048,0.4298222878200243,0.7608471595519599,0.4733459696163427,0.6097757114286064,0.42304584026339703,0.3005552953550872,0.3306275960697614,0.2993775607902328,0.37319748459063495,1.0,0.5362480899497942,0.4993442465072175,0.5016313394359568,0.426889938627664,0.4735567825398732,0.3883496051729318
0.480883592783013,0.4698299775718318,0.5818324442420204,0.6583912037148749,0.5576566659369688,0.800728790023913,0.47354042971220545,0.763974371805876,0.23345983409196056,0.5985012044620813,0.14189024665751077,0.4658569498306231,0.5362480899497942,1.0,0.3491338522568843,0.5004257233174007,0.5726258933238129,0.5216638305972143,0.47193826034333874
0.28881540378287773,0.3488665082217767,0.333904253096299,0.31601261959389787,0.4933595155692624,0.2616782885639789,0.5902722998621417,0.24830811198272068,0.4748763978274399,0.23731044141082577,-0.342643318774031,0.35586211803486095,0.4993442465072175,0.3491338522568843,1.0,0.36884615314292324,0.2596496883339271,0.1959779227960116,0.21531966667841637
0.3170016748025769,0.19806771255878275,0.32767971605292445,0.18813811732552124,0.33338998916269674,0.4367468368656584,0.35877899612257647,0.436216089562262,0.21925500890459587,0.4288368720778588,0.24101314884094766,0.23624380534159078,0.5016313394359568,0.5004257233174007,0.36884615314292324,1.0,0.21937196914587223,0.14994682614316093,0.36386015592545606
0.6596842883107421,0.739967400239296,0.7733185588650494,0.8848625752629113,0.4967453963877577,0.44733289813637,0.3114019135085366,0.3649741530634342,0.08894820384495256,0.22353686786292765,0.0484127382094479,0.6069989657923266,0.426889938627664,0.5726258933238129,0.2596496883339271,0.21937196914587223,1.0,0.46017697786023937,0.2574541837797867
0.2631863320934575,0.25623964538736993,0.3572275977944902,0.43971517955993505,0.6400492537071618,0.6429375696265562,0.4555920305272854,0.5894612842830795,0.2031183196299355,0.46657774593770746,0.2017674782089454,0.12786530107600427,0.4735567825398732,0.5216638305972143,0.1959779227960116,0.14994682614316093,0.46017697786023937,1.0,0.5526207069414387
0.2272687445987385,0.11560869682719886,0.27283562625804714,0.156600796524263,0.5494554628467687,0.6855460272505284,0.705623668059249,0.7146303334559646,0.6249369663645262,0.7736231864501658,-0.15253026733028013,0.039298536355903475,0.3883496051729318,0.47193826034333874,0.21531966667841637,0.36386015592545606,0.2574541837797867,0.5526207069414387,1.0
