0,1,2,3,4,5,6,7,8,9,10,11,12,13,14,15,16,17,18
1.0,0.5623804638060462,0.9053455692692436,0.43930322478551376,0.16657344893082335,0.1680890756274645,-0.027551398335127954,0.10208152460192636,-0.07959779082564893,0.0037332897679178286,0.47981730873021716,0.3776896737658272,0.23489898662065595,0.32472677066694405,-0.1373234906805786,0.1393808982558454,0.5595493660981095,0.21454402388472896,0.049610414612053795
0.5623804638060462,1.0,0.5505148738182223,0.7697491838942917,0.09921244380060508,0.10440100458344423,-0.04148487810570726,0.039310151039819725,-0.15887806373855815,-0.07041882789899623,0.500668868717602,0.6125641447563874,0.21556736074100036,0.34580462315991484,-0.02585697537733234,-0.0305877503725899,0.6107243912561524,0.23035131644091753,-0.12610062921783616
0.9053455692692436,0.5505148738182223,1.0,0.5534089325253561,0.3073167561552497,0.26245194084723067,0.10700672464927467,0.19389539454068563,-0.023415273052139664,0.0942085662620399,0.35245579051720616,0.40465279645861507,0.3415686698487635,0.40006597850277176,-0.04040683420054999,0.17260090328921693,0.7062444302424195,0.28873684857675574,0.10303991098348511
0.43930322478551376,0.7697491838942917,0.5534089325253561,1.0,0.2930254309270036,0.4242279656736967,0.1608451540972683,0.3302385021726713,-0.021713722579852213,0.187874210335415,0.2730916338236965,0.5981550366467607,0.304156865624054,0.6162058616886467,0.08134012559451616,0.14057170249223241,0.777407688886544,0.5109942284678308,0.15099033428826875
0.16657344893082335,0.09921244380060508,0.3073167561552497,0.2930254309270036,1.0,0.36028118109513435,0.6719809324655239,0.31429218725452684,0.24994954718863477,0.2527006493054559,-0.09654554351166354,0.07804656289078934,0.7270790308607126,0.3070465680653913,0.32550601807343016,0.17490936898450504,0.30504278198483303,0.6287000517779809,0.50012430818021
0.1680890756274645,0.10440100458344423,0.26245194084723067,0.4242279656736967,0.36028118109513435,1.0,0.4207944489555596,0.964052752224642,0.2831941635910342,0.8417756909588799,-0.010673465507190928,0.018759709311752262,0.23730970087870148,0.7696161334109386,0.17104481159509485,0.43480619311733004,0.39016816959743295,0.5416807137782508,0.6260555836334364
-0.027551398335127954,-0.04148487810570726,0.10700672464927467,0.1608451540972683,0.6719809324655239,0.4207944489555596,1.0,0.4194215420653233,0.7577837247918442,0.4302466771836663,-0.35892143557618006,-0.08552281799045179,0.46980252052531224,0.25374909539020324,0.4601246419535046,0.19792458764390286,0.18155997165880197,0.4434767635729573,0.639756797568114
0.10208152460192636,0.039310151039819725,0.19389539454068563,0.3302385021726713,0.31429218725452684,0.964052752224642,0.4194215420653233,1.0,0.3034123892242061,0.9164013007646123,-0.059872641354603504,-0.044293143674790425,0.20180612476410612,0.7181177863392999,0.17370199396588368,0.4531963106768767,0.31255074370822244,0.4492209345006456,0.6416521105317752
-0.07959779082564893,-0.15887806373855815,-0.023415273052139664,-0.021713722579852213,0.24994954718863477,0.2831941635910342,0.7577837247918442,0.3034123892242061,1.0,0.3740372654074431,-0.4088362602039799,-0.1754662835188655,0.0775326541371138,0.09835448444430717,0.298406716995642,0.09964713340585943,0.028166320355520857,0.17013260389812948,0.49711110923853097
0.0037332897679178286,-0.07041882789899623,0.0942085662620399,0.187874210335415,0.2527006493054559,0.8417756909588799,0.4302466771836663,0.9164013007646123,0.3740372654074431,1.0,-0.12793264128203263,-0.13524849817025264,0.13910383610431226,0.57672251271144,0.1846628197654182,0.449708417489929,0.1915867253088456,0.33707477892413334,0.6478664784004488
0.47981730873021716,0.500668868717602,0.35245579051720616,0.2730916338236965,-0.09654554351166354,-0.010673465507190928,-0.35892143557618006,-0.059872641354603504,-0.4088362602039799,-0.12793264128203263,1.0,0.16507360054826511,0.1353673010639957,0.2071781706652602,-0.411568855543896,0.10085561929225378,0.09528054530727399,0.116156003146392,-0.354286891875257
0.3776896737658272,0.6125641447563874,0.40465279645861507,0.5981550366467607,0.07804656289078934,0.018759709311752262,-0.08552281799045179,-0.044293143674790425,-0.1754662835188655,-0.13524849817025264,0.16507360054826511,1.0,0.10392123762864573,0.3297475469960382,-0.09416278218492298,0.0362833236577597,0.3452233656760471,0.0391339075034831,-0.15321598607200854
0.23489898662065595,0.21556736074100036,0.3415686698487635,0.304156865624054,0.7270790308607126,0.23730970087870148,0.46980252052531224,0.20180612476410612,0.0775326541371138,0.13910383610431226,0.1353673010639957,0.10392123762864573,1.0,0.3267124116020106,0.45134282479755955,0.3182574952863894,0.24546732215254777,0.43415584843637817,0.216667934175959
0.32472677066694405,0.34580462315991484,0.40006597850277176,0.6162058616886467,0.3070465680653913,0.7696161334109386,0.25374909539020324,0.7181177863392999,0.09835448444430717,0.57672251271144,0.2071781706652602,0.3297475469960382,0.3267124116020106,1.0,0.10679791878422809,0.5262988240838306,0.4627802715863161,0.42882017324318605,0.35229066825195465
-0.1373234906805786,-0.02585697537733234,-0.04040683420054999,0.08134012559451616,0.32550601807343016,0.17104481159509485,0.4601246419535046,0.17370199396588368,0.298406716995642,0.1846628197654182,-0.411568855543896,-0.09416278218492298,0.45134282479755955,0.10679791878422809,1.0,0.26442408112823845,-0.03054727653649648,0.21002573810742142,0.10193985017702088
0.1393808982558454,-0.0305877503725899,0.17260090328921693,0.14057170249223241,0.17490936898450504,0.43480619311733004,0.19792458764390286,0.4531963106768767,0.09964713340585943,0.449708417489929,0.10085561929225378,0.0362833236577597,0.3182574952863894,0.5262988240838306,0.26442408112823845,1.0,0.15790539533153372,0.05391763947615467,0.20068113338544447
0.5595493660981095,0.6107243912561524,0.7062444302424195,0.777407688886544,0.30504278198483303,0.39016816959743295,0.18155997165880197,0.31255074370822244,0.028166320355520857,0.1915867253088456,0.09528054530727399,0.3452233656760471,0.24546732215254777,0.4627802715863161,-0.03054727653649648,0.15790539533153372,1.0,0.4816855586445182,0.2685698514263817
0.21454402388472896,0.23035131644091753,0.28873684857675574,0.5109942284678308,0.6287000517779809,0.5416807137782508,0.4434767635729573,0.4492209345006456,0.17013260389812948,0.33707477892413334,0.116156003146392,0.0391339075034831,0.43415584843637817,0.42882017324318605,0.21002573810742142,0.05391763947615467,0.4816855586445182,1.0,0.5928161790997356
0.049610414612053795,-0.12610062921783616,0.10303991098348511,0.15099033428826875,0.50012430818021,0.6260555836334364,0.639756797568114,0.6416521105317752,0.49711110923853097,0.6478664784004488,-0.354286891875257,-0.15321598607200854,0.216667934175959,0.35229066825195465,0.10193985017702088,0.20068113338544447,0.2685698514263817,0.5928161790997356,1.0
