0,1,2,3,4,5,6,7,8,9,10,11,12,13,14,15,16,17,18
1.0,0.5061590138331986,0.8485422251199521,0.48851115786909843,0.6595026890440873,0.4626637188261131,0.22051499851153375,0.28222847209470087,-0.4059975973724897,0.023587701988639853,0.39967860513292475,0.5511654053005368,0.5696207307948935,0.3962342016786493,-0.04848079838452718,0.00017971088131074332,0.7787042613152525,0.5326950818968338,0.2759243339026668
0.5061590138331986,1.0,0.397035110220528,0.9161976067282653,0.24871982642717375,0.8823247461965044,0.12245583437445733,0.6422482672307119,-0.14623098240335472,0.5346677983127578,0.2109474635058603,0.882158705035797,0.22903717428541606,0.8006248102147184,-0.044583447473648126,0.39705892057826886,0.573212614481732,0.8378079245335182,0.07943448232623289
0.8485422251199521,0.397035110220528,1.0,0.4749305853341528,0.8645250084108537,0.47303626904800655,0.3559804159232249,0.26086622162945244,-0.30131683979757884,0.005243318831545168,0.38427448091903543,0.46949453246308553,0.6360251803860726,0.3650648346860288,-0.00812357727382271,-0.01387083761803707,0.7438172599420988,0.540161951885999,0.4131089610168306
0.48851115786909843,0.9161976067282653,0.4749305853341528,1.0,0.38147274577608153,0.9870070270758552,0.24276747238475563,0.737824396508422,-0.08843119253892723,0.5855185546328391,0.2606789017241019,0.9052187574223182,0.3386054966056936,0.9112295342518882,-0.007051734508765649,0.4687850335964574,0.5232529011913708,0.9221283025466376,0.23610861671695285
0.6595026890440873,0.24871982642717375,0.8645250084108537,0.38147274577608153,1.0,0.41715925470673587,0.5060658741448616,0.2915982033662207,-0.15367318796550203,0.02173761012474786,0.5254448472225872,0.3928037261256383,0.6401394508714999,0.33413244735972636,0.08865600381849266,0.0019418121684195507,0.5584411223725863,0.47440548818388883,0.5538996924494407
0.4626637188261131,0.8823247461965044,0.47303626904800655,0.9870070270758552,0.41715925470673587,1.0,0.25363140734794426,0.7599261437143487,-0.06535750744800467,0.5979927496140628,0.3218811651898523,0.8978283820378364,0.33375759540949085,0.9262521978768324,7.536842320948055e-05,0.492945197115721,0.48228242125634707,0.9219668731746543,0.2651876537721524
0.22051499851153375,0.12245583437445733,0.3559804159232249,0.24276747238475563,0.5060658741448616,0.25363140734794426,1.0,0.5135251699212287,0.43950617910807005,0.3261816151463476,-0.003263355507298047,0.3166953101519875,0.6935130869247127,0.35551166162072007,0.5143293754511373,0.23295982496308615,0.15285453519761857,0.30502794400883654,0.7756764865140507
0.28222847209470087,0.6422482672307119,0.26086622162945244,0.737824396508422,0.2915982033662207,0.7599261437143487,0.5135251699212287,1.0,0.2832400336297488,0.848597661185841,0.22782515867457523,0.6809250394172536,0.42250993818458105,0.82129777211744,0.24965260437136083,0.6577281866973204,0.18240812671861423,0.720057935144809,0.5230180452972428
-0.4059975973724897,-0.14623098240335472,-0.30131683979757884,-0.08843119253892723,-0.15367318796550203,-0.06535750744800467,0.43950617910807005,0.2832400336297488,1.0,0.40793148736117707,-0.3914551197335626,0.031033201377671286,-0.022101160353129066,0.08162937543325931,0.6517671141878036,0.39011063282517,-0.3667392383265557,-0.08580337679894835,0.25554519347484334
0.023587701988639853,0.5346677983127578,0.005243318831545168,0.5855185546328391,0.02173761012474786,0.5979927496140628,0.3261816151463476,0.848597661185841,0.40793148736117707,1.0,0.022320869671528992,0.5646027073200656,0.18172567491786365,0.6975940582063176,0.31141504863865177,0.8171704457205559,-0.0074956920344888475,0.5558509902095713,0.2727901902756534
0.39967860513292475,0.2109474635058603,0.38427448091903543,0.2606789017241019,0.5254448472225872,0.3218811651898523,-0.003263355507298047,0.22782515867457523,-0.3914551197335626,0.022320869671528992,1.0,0.3244059118384551,0.23365613530179324,0.24508491866355248,-0.23311327705684728,0.025464092909524127,0.19984296217675637,0.34846064043560315,0.08555291218350931
0.5511654053005368,0.882158705035797,0.46949453246308553,0.9052187574223182,0.3928037261256383,0.8978283820378364,0.3166953101519875,0.6809250394172536,0.031033201377671286,0.5646027073200656,0.3244059118384551,1.0,0.40256243403430614,0.8966299031026818,0.14375188876746905,0.46570746432449356,0.5612191082688417,0.8123997321248941,0.28639712218217644
0.5696207307948935,0.22903717428541606,0.6360251803860726,0.3386054966056936,0.6401394508714999,0.33375759540949085,0.6935130869247127,0.42250993818458105,-0.022101160353129066,0.18172567491786365,0.23365613530179324,0.40256243403430614,1.0,0.38471808268186586,0.2801555305160308,0.12261968146342055,0.43535147395968027,0.40470517235814235,0.6058013723765842
0.3962342016786493,0.8006248102147184,0.3650648346860288,0.9112295342518882,0.33413244735972636,0.9262521978768324,0.35551166162072007,0.82129777211744,0.08162937543325931,0.6975940582063176,0.24508491866355248,0.8966299031026818,0.38471808268186586,1.0,0.14463380522012834,0.5935874439615773,0.3776002111640497,0.8398977888566148,0.3430779847809612
-0.04848079838452718,-0.044583447473648126,-0.00812357727382271,-0.007051734508765649,0.08865600381849266,7.536842320948055e-05,0.5143293754511373,0.24965260437136083,0.6517671141878036,0.31141504863865177,-0.23311327705684728,0.14375188876746905,0.2801555305160308,0.14463380522012834,1.0,0.34437443699218456,-0.03922895761493411,0.004067622407073134,0.35228426141358793
0.00017971088131074332,0.39705892057826886,-0.01387083761803707,0.4687850335964574,0.0019418121684195507,0.492945197115721,0.23295982496308615,0.6577281866973204,0.39011063282517,0.8171704457205559,0.025464092909524127,0.46570746432449356,0.12261968146342055,0.5935874439615773,0.34437443699218456,1.0,-0.04329374661047425,0.4321280492613677,0.18264234665727144
0.7787042613152525,0.573212614481732,0.7438172599420988,0.5232529011913708,0.5584411223725863,0.48228242125634707,0.15285453519761857,0.18240812671861423,-0.3667392383265557,-0.0074956920344888475,0.19984296217675637,0.5612191082688417,0.43535147395968027,0.3776002111640497,-0.03922895761493411,-0.04329374661047425,1.0,0.4997925029169087,0.17551502234369143
0.5326950818968338,0.8378079245335182,0.540161951885999,0.9221283025466376,0.47440548818388883,0.9219668731746543,0.30502794400883654,0.720057935144809,-0.08580337679894835,0.5558509902095713,0.34846064043560315,0.8123997321248941,0.40470517235814235,0.8398977888566148,0.004067622407073134,0.4321280492613677,0.4997925029169087,1.0,0.2920742953488929
0.2759243339026668,0.07943448232623289,0.4131089610168306,0.23610861671695285,0.5538996924494407,0.2651876537721524,0.7756764865140507,0.5230180452972428,0.25554519347484334,0.2727901902756534,0.08555291218350931,0.28639712218217644,0.6058013723765842,0.3430779847809612,0.35228426141358793,0.18264234665727144,0.17551502234369143,0.2920742953488929,1.0
