0,1,2,3,4,5,6,7,8,9,10,11,12,13,14,15,16,17,18
1.0,0.6323818664394688,0.8336192972637777,0.5773147585489717,0.755044312800155,0.5698241050946911,0.34296528957074524,0.5178016256362535,0.11560679061383297,0.41820589175886724,0.28398299412867445,0.6209461671009064,0.5755819349856548,0.537861704304896,0.24129468597115053,0.3826681920574826,0.43611576022246196,0.6217450921076441,0.3234426477190194
0.6323818664394688,1.0,0.5465540996495661,0.9178028994121679,0.5342569096949472,0.9019888816865892,0.3919850258795216,0.7444649463091823,0.35560254897823745,0.7094513312349495,0.11322687509448426,0.9196049121208438,0.4862383146417391,0.8402370796823709,0.3860287153062063,0.6451791617281727,0.28826174117653497,0.8587241202680045,0.37188848913511413
0.8336192972637777,0.5465540996495661,1.0,0.574011688309188,0.8914105617141717,0.5735319686710963,0.43913170953302516,0.4683162434760715,0.18138153317939987,0.3538001162699151,0.17096362566511256,0.5467253469664914,0.6590104179912571,0.49140655128195204,0.29663812956196584,0.3415733204302285,0.44752090969916347,0.6208870215031507,0.41503924346561033
0.5773147585489717,0.9178028994121679,0.574011688309188,1.0,0.5860070796215835,0.9909654181244462,0.5090118803709129,0.8479816048180935,0.47450432017650246,0.790850418697372,0.05596633315890344,0.9291387898126674,0.6064574164401215,0.9368903801224736,0.4912670427703142,0.722038021375775,0.1616932300131616,0.9429863087850813,0.5118609460086743
0.755044312800155,0.5342569096949472,0.8914105617141717,0.5860070796215835,1.0,0.5966691392966683,0.5922006548167941,0.5596119671362874,0.31787921821096965,0.4535237558951086,0.2532221796668348,0.5892357664266132,0.7372781016832449,0.553431590667676,0.400263961404074,0.41674169565353725,0.34072060684919303,0.6455653763343473,0.530112609977813
0.5698241050946911,0.9019888816865892,0.5735319686710963,0.9909654181244462,0.5966691392966683,1.0,0.49143653451875874,0.8433698371300516,0.44759440359884783,0.7802223397628523,0.11912465462920546,0.9215753372002535,0.5979030489051017,0.9392688823597746,0.4701616873344061,0.7187116377772533,0.1261059779511108,0.9432750233657029,0.5013144533458301
0.34296528957074524,0.3919850258795216,0.43913170953302516,0.5090118803709129,0.5922006548167941,0.49143653451875874,1.0,0.7349223147514855,0.8044997023410253,0.6513894250600799,-0.24469944403462585,0.5531306793834736,0.7942529701910046,0.6091482257835318,0.7417306928976101,0.574592853420968,0.026891371278382818,0.5676142934782181,0.8591460306436072
0.5178016256362535,0.7444649463091823,0.4683162434760715,0.8479816048180935,0.5596119671362874,0.8433698371300516,0.7349223147514855,1.0,0.71244239194352,0.9422745358985031,-0.024886911898565654,0.831009736385342,0.7109622322867291,0.9203833527122418,0.6715033088741812,0.8321096615223095,0.027632221684178254,0.8435338714089741,0.7782101074518091
0.11560679061383297,0.35560254897823745,0.18138153317939987,0.47450432017650246,0.31787921821096965,0.44759440359884783,0.8044997023410253,0.71244239194352,1.0,0.7314490156339047,-0.40335596296688453,0.5440510037601028,0.5709657276556038,0.5964860586757973,0.8481652599937495,0.6707967513028328,-0.05749700458415359,0.49638630620152124,0.7236154978207067
0.41820589175886724,0.7094513312349495,0.3538001162699151,0.790850418697372,0.4535237558951086,0.7802223397628523,0.6513894250600799,0.9422745358985031,0.7314490156339047,1.0,-0.05984097373272259,0.8067832698533828,0.6268849017797681,0.8747290169914087,0.7041317916620801,0.9023178043839073,-0.033822148513967074,0.7820739655705491,0.6755752052738534
0.28398299412867445,0.11322687509448426,0.17096362566511256,0.05596633315890344,0.2532221796668348,0.11912465462920546,-0.24469944403462585,-0.024886911898565654,-0.40335596296688453,-0.05984097373272259,1.0,0.15774254460638004,0.009568134225399962,0.05659174567076829,-0.2321822229885047,-0.004962125999431904,-0.05538479324376588,0.10802445471702021,-0.257880626498338
0.6209461671009064,0.9196049121208438,0.5467253469664914,0.9291387898126674,0.5892357664266132,0.9215753372002535,0.5531306793834736,0.831009736385342,0.5440510037601028,0.8067832698533828,0.15774254460638004,1.0,0.6349351317757059,0.9315750395679043,0.5950907289727078,0.7548644705865181,0.20772560439770799,0.8718052197568383,0.5265642139941665
0.5755819349856548,0.4862383146417391,0.6590104179912571,0.6064574164401215,0.7372781016832449,0.5979030489051017,0.7942529701910046,0.7109622322867291,0.5709657276556038,0.6268849017797681,0.009568134225399962,0.6349351317757059,1.0,0.6724090558825058,0.6636560051053408,0.5902252694941645,0.09783466008461748,0.6703932621911266,0.6813093326468787
0.537861704304896,0.8402370796823709,0.49140655128195204,0.9368903801224736,0.553431590667676,0.9392688823597746,0.6091482257835318,0.9203833527122418,0.5964860586757973,0.8747290169914087,0.05659174567076829,0.9315750395679043,0.6724090558825058,1.0,0.6198325474914215,0.8085010889987607,0.06450019948499565,0.8980821484719849,0.6140859377530714
0.24129468597115053,0.3860287153062063,0.29663812956196584,0.4912670427703142,0.400263961404074,0.4701616873344061,0.7417306928976101,0.6715033088741812,0.8481652599937495,0.7041317916620801,-0.2321822229885047,0.5950907289727078,0.6636560051053408,0.6198325474914215,1.0,0.6928309627572508,0.0469729106350576,0.5138741742474746,0.6703339862289648
0.3826681920574826,0.6451791617281727,0.3415733204302285,0.722038021375775,0.41674169565353725,0.7187116377772533,0.574592853420968,0.8321096615223095,0.6707967513028328,0.9023178043839073,-0.004962125999431904,0.7548644705865181,0.5902252694941645,0.8085010889987607,0.6928309627572508,1.0,0.003810716300597303,0.7181358631129136,0.5778013289978016
0.43611576022246196,0.28826174117653497,0.44752090969916347,0.1616932300131616,0.34072060684919303,0.1261059779511108,0.026891371278382818,0.027632221684178254,-0.05749700458415359,-0.033822148513967074,-0.05538479324376588,0.20772560439770799,0.09783466008461748,0.06450019948499565,0.0469729106350576,0.003810716300597303,1.0,0.16096678903390874,0.0900267739488014
0.6217450921076441,0.8587241202680045,0.6208870215031507,0.9429863087850813,0.6455653763343473,0.9432750233657029,0.5676142934782181,0.8435338714089741,0.49638630620152124,0.7820739655705491,0.10802445471702021,0.8718052197568383,0.6703932621911266,0.8980821484719849,0.5138741742474746,0.7181358631129136,0.16096678903390874,1.0,0.5486350855732858
0.3234426477190194,0.37188848913511413,0.41503924346561033,0.5118609460086743,0.530112609977813,0.5013144533458301,0.8591460306436072,0.7782101074518091,0.7236154978207067,0.6755752052738534,-0.257880626498338,0.5265642139941665,0.6813093326468787,0.6140859377530714,0.6703339862289648,0.5778013289978016,0.0900267739488014,0.5486350855732858,1.0
