0,1,2,3,4,5,6,7,8,9,10,11,12,13,14,15,16,17,18
1.0,0.5527036138026175,0.8377476316656901,0.5062040275142152,0.7206857211342699,0.4942989467166224,0.20099601282354462,0.45000276872266726,-0.2550258188182917,0.21706043806771413,0.453295163014346,0.5502408013573776,0.5748533814566379,0.44556690375164465,0.05523633885985107,0.18221207722191807,0.7388477679889957,0.5516349791139099,0.27437065870587707
0.5527036138026175,1.0,0.4402148218429101,0.9347220807913686,0.45746804417425657,0.8880061105954042,0.18886725887218067,0.7150227018820514,-0.01397162955661372,0.6735451751799509,0.22176463061600116,0.9066301154835527,0.36537553914806026,0.8640169206108961,0.12670418839231176,0.5363765668503855,0.4943233833924953,0.8695115632333735,0.23475396716154742
0.8377476316656901,0.4402148218429101,1.0,0.4704340983860235,0.8598382701206246,0.43998034337216846,0.31365924320300237,0.3616019095287164,-0.13599006806145914,0.1724681018694879,0.39461205328239873,0.4619713143213921,0.6377943344705469,0.3701787707724057,0.07187039865329481,0.1360235014939857,0.6710378804206307,0.5398163799129295,0.33952526138105943
0.5062040275142152,0.9347220807913686,0.4704340983860235,1.0,0.5084710085012217,0.9671141699793151,0.24787978299520977,0.7761821101042454,0.040744618841028056,0.7183547005538472,0.2591299832183805,0.9153258162940953,0.4041551502519029,0.933242981611452,0.15278165467866478,0.5635056035634461,0.4495335453874972,0.9364267498913557,0.30511518152767425
0.7206857211342699,0.45746804417425657,0.8598382701206246,0.5084710085012217,1.0,0.5339417236510055,0.5507624434522848,0.4917906664972881,0.02469616898740224,0.3022412911564246,0.5050229203568516,0.5562362972248441,0.7352173618033024,0.486239085686773,0.14855461331660566,0.19006113368394273,0.5505887827058105,0.5824150379487193,0.5244197021440768
0.4942989467166224,0.8880061105954042,0.43998034337216846,0.9671141699793151,0.5339417236510055,1.0,0.29920216755718637,0.8021179307527192,0.09353487390770299,0.7121779337257373,0.2709844288761617,0.907074122047289,0.41186759913367066,0.9309875001192032,0.1673870751489515,0.5561940978494887,0.454789188543119,0.9219665912204326,0.37342854729002306
0.20099601282354462,0.18886725887218067,0.31365924320300237,0.24787978299520977,0.5507624434522848,0.29920216755718637,1.0,0.5194539555989152,0.45836868400537184,0.3421029279215385,0.019168464480812702,0.33313762866210783,0.7311240590432783,0.31916822816080415,0.24949369488231377,0.16453094505914045,0.20409373772029057,0.30685113251223445,0.758557283589229
0.45000276872266726,0.7150227018820514,0.3616019095287164,0.7761821101042454,0.4917906664972881,0.8021179307527192,0.5194539555989152,1.0,0.355996807998317,0.8461046997878976,0.2703727484003784,0.7382542391724368,0.4964760389787449,0.8220672549159329,0.30570458500920256,0.6451158686195478,0.33943812974402854,0.7570745214037216,0.6166665066829913
-0.2550258188182917,-0.01397162955661372,-0.13599006806145914,0.040744618841028056,0.02469616898740224,0.09353487390770299,0.45836868400537184,0.355996807998317,1.0,0.4039878067225235,-0.306268736322283,0.15596243929503265,0.10999577472622518,0.14674820013824175,0.5926548239129427,0.3874189147767801,-0.11996232520218685,0.05970510318157729,0.3825160838803451
0.21706043806771413,0.6735451751799509,0.1724681018694879,0.7183547005538472,0.3022412911564246,0.7121779337257373,0.3421029279215385,0.8461046997878976,0.4039878067225235,1.0,0.10120895150596657,0.7101375650324658,0.2851418190477685,0.7927875941888402,0.3212080377872781,0.7794157068649215,0.12412600186859203,0.6897850865615428,0.42488361844050876
0.453295163014346,0.22176463061600116,0.39461205328239873,0.2591299832183805,0.5050229203568516,0.2709844288761617,0.019168464480812702,0.2703727484003784,-0.306268736322283,0.10120895150596657,1.0,0.3040434551183213,0.20168413958511933,0.25861670728234903,-0.10878707147567859,0.09139858397966082,0.18087900198076987,0.274159997153725,-0.006917277001723099
0.5502408013573776,0.9066301154835527,0.4619713143213921,0.9153258162940953,0.5562362972248441,0.907074122047289,0.33313762866210783,0.7382542391724368,0.15596243929503265,0.7101375650324658,0.3040434551183213,1.0,0.4617899624038741,0.9258182514497637,0.23462846259442535,0.5506300656741948,0.5074179248261447,0.8320932320693283,0.376519843053764
0.5748533814566379,0.36537553914806026,0.6377943344705469,0.4041551502519029,0.7352173618033024,0.41186759913367066,0.7311240590432783,0.4964760389787449,0.10999577472622518,0.2851418190477685,0.20168413958511933,0.4617899624038741,1.0,0.42510368013400657,0.2185910347302974,0.15221836405971284,0.4872151632557214,0.48517082264543504,0.5759497071636515
0.44556690375164465,0.8640169206108961,0.3701787707724057,0.933242981611452,0.486239085686773,0.9309875001192032,0.31916822816080415,0.8220672549159329,0.14674820013824175,0.7927875941888402,0.25861670728234903,0.9258182514497637,0.42510368013400657,1.0,0.20067840675375037,0.6057173514479461,0.3640526258353215,0.8717148312602393,0.3890640296423332
0.05523633885985107,0.12670418839231176,0.07187039865329481,0.15278165467866478,0.14855461331660566,0.1673870751489515,0.24949369488231377,0.30570458500920256,0.5926548239129427,0.3212080377872781,-0.10878707147567859,0.23462846259442535,0.2185910347302974,0.20067840675375037,1.0,0.46571520036258574,0.0853847301821369,0.1481371820402737,0.2847063245328152
0.18221207722191807,0.5363765668503855,0.1360235014939857,0.5635056035634461,0.19006113368394273,0.5561940978494887,0.16453094505914045,0.6451158686195478,0.3874189147767801,0.7794157068649215,0.09139858397966082,0.5506300656741948,0.15221836405971284,0.6057173514479461,0.46571520036258574,1.0,0.15950939893378707,0.5235640778817493,0.2480187672664853
0.7388477679889957,0.4943233833924953,0.6710378804206307,0.4495335453874972,0.5505887827058105,0.454789188543119,0.20409373772029057,0.33943812974402854,-0.11996232520218685,0.12412600186859203,0.18087900198076987,0.5074179248261447,0.4872151632557214,0.3640526258353215,0.0853847301821369,0.15950939893378707,1.0,0.4449637334213553,0.2546826907080181
0.5516349791139099,0.8695115632333735,0.5398163799129295,0.9364267498913557,0.5824150379487193,0.9219665912204326,0.30685113251223445,0.7570745214037216,0.05970510318157729,0.6897850865615428,0.274159997153725,0.8320932320693283,0.48517082264543504,0.8717148312602393,0.1481371820402737,0.5235640778817493,0.4449637334213553,1.0,0.34792041156160913
0.27437065870587707,0.23475396716154742,0.33952526138105943,0.30511518152767425,0.5244197021440768,0.37342854729002306,0.758557283589229,0.6166665066829913,0.3825160838803451,0.42488361844050876,-0.006917277001723099,0.376519843053764,0.5759497071636515,0.3890640296423332,0.2847063245328152,0.2480187672664853,0.2546826907080181,0.34792041156160913,1.0
