0,1,2,3,4,5,6,7,8,9,10,11,12,13,14,15,16,17,18
1.0,0.7613388316587346,0.8971062128428867,0.741684677339606,0.8597156929179788,0.7603258536072729,0.5558590740170368,0.7265632805031287,0.34548282215220055,0.6885579690226284,0.6866621247009183,0.7798712515708818,0.780567398963744,0.7456146516992876,0.465198037007152,0.6844373211962613,0.12483157506728547,0.7769593965708013,0.5796963781843489
0.7613388316587346,1.0,0.6780239497405143,0.9835522007582981,0.7012807096370576,0.980430880039062,0.5925427076919894,0.9607669433539037,0.6235437142449435,0.9476247671208875,0.6231146846363055,0.9713209669453147,0.6991200219215946,0.9717321614753892,0.6730459489622928,0.9262003783583139,0.042231033370355275,0.9691747600594901,0.6174970831597691
0.8971062128428867,0.6780239497405143,1.0,0.6704499568221332,0.8084720886586012,0.68740428542541,0.5403997938565184,0.6495973399538687,0.29056468514169254,0.6207881997891932,0.5784292451028176,0.6977712111384687,0.7341424302953109,0.6646530759116763,0.37349910679855436,0.6186217876327347,0.18411997978618605,0.6991679645156664,0.5792727178510494
0.741684677339606,0.9835522007582981,0.6704499568221332,1.0,0.7041175890508767,0.9864624676943348,0.5887514523086473,0.9674097332331979,0.6254390665920289,0.9439979504662274,0.6249413908494396,0.9655788098002535,0.6940666268391101,0.9763304102827719,0.6766484750261474,0.9266382618752691,0.052269590377332885,0.9758229311635708,0.6329624377168992
0.8597156929179788,0.7012807096370576,0.8084720886586012,0.7041175890508767,1.0,0.7239237184113771,0.7420405505912306,0.7085579587669694,0.49866376285011643,0.6680974966552036,0.7223387563251114,0.7600649065188507,0.9264742845277286,0.7181564706768048,0.5880434384553425,0.6638488425016609,-0.002164541742040083,0.7506358537224723,0.7407326035343526
0.7603258536072729,0.980430880039062,0.68740428542541,0.9864624676943348,0.7239237184113771,1.0,0.6225137262170369,0.9696976107626101,0.652248873382556,0.9509940659998962,0.6355257557597913,0.9786396804930437,0.7254062546523922,0.9885866646652199,0.6999207867015445,0.9415298831438048,0.07069895780415658,0.9829693405653446,0.658090262561715
0.5558590740170368,0.5925427076919894,0.5403997938565184,0.5887514523086473,0.7420405505912306,0.6225137262170369,1.0,0.6858108474768473,0.7140933573130868,0.6528089753090603,0.4572146183798669,0.6731391551298662,0.8554726732311131,0.6508080465537605,0.6663110985965003,0.6376721922487655,-0.026932126937954267,0.6405098423580072,0.8222880757671557
0.7265632805031287,0.9607669433539037,0.6495973399538687,0.9674097332331979,0.7085579587669694,0.9696976107626101,0.6858108474768473,1.0,0.7190262980427993,0.9819123216838861,0.6336277548475925,0.9597556559760827,0.7426045245977515,0.9814457892244924,0.7331010895025996,0.9598692701182959,0.0306570225552455,0.9657919144324187,0.7297479868314661
0.34548282215220055,0.6235437142449435,0.29056468514169254,0.6254390665920289,0.49866376285011643,0.652248873382556,0.7140933573130868,0.7190262980427993,1.0,0.7328116041381111,0.36703873175777874,0.7022627263805719,0.5868182004199888,0.6909533050906993,0.8633246117894857,0.7316026054013087,-0.1965603559478562,0.6574001587185982,0.662020941646794
0.6885579690226284,0.9476247671208875,0.6207881997891932,0.9439979504662274,0.6680974966552036,0.9509940659998962,0.6528089753090603,0.9819123216838861,0.7328116041381111,1.0,0.6178315203867094,0.9484011836101787,0.7134430395000829,0.9670300326893749,0.7471367025178269,0.9730337408831421,-0.004939665885266102,0.9496148799834797,0.6911876916027274
0.6866621247009183,0.6231146846363055,0.5784292451028176,0.6249413908494396,0.7223387563251114,0.6355257557597913,0.4572146183798669,0.6336277548475925,0.36703873175777874,0.6178315203867094,1.0,0.7044238244596268,0.7087766948148209,0.6534841108716779,0.4912550838457904,0.5987289221680218,-0.09958284751624946,0.6486304608998321,0.5135604129570202
0.7798712515708818,0.9713209669453147,0.6977712111384687,0.9655788098002535,0.7600649065188507,0.9786396804930437,0.6731391551298662,0.9597556559760827,0.7022627263805719,0.9484011836101787,0.7044238244596268,1.0,0.7778264779798637,0.9825878109308102,0.7482840836616572,0.9356581188400659,0.057385525606103535,0.9623247460202468,0.7003182047893476
0.780567398963744,0.6991200219215946,0.7341424302953109,0.6940666268391101,0.9264742845277286,0.7254062546523922,0.8554726732311131,0.7426045245977515,0.5868182004199888,0.7134430395000829,0.7087766948148209,0.7778264779798637,1.0,0.7396273391227737,0.6328196656441402,0.7004354981739049,-0.0023529400235553946,0.7466554193187986,0.7821359115880866
0.7456146516992876,0.9717321614753892,0.6646530759116763,0.9763304102827719,0.7181564706768048,0.9885866646652199,0.6508080465537605,0.9814457892244924,0.6909533050906993,0.9670300326893749,0.6534841108716779,0.9825878109308102,0.7396273391227737,1.0,0.7295470693297595,0.9573737634882777,0.045448274726852575,0.9739639400247362,0.6903483233517486
0.465198037007152,0.6730459489622928,0.37349910679855436,0.6766484750261474,0.5880434384553425,0.6999207867015445,0.6663110985965003,0.7331010895025996,0.8633246117894857,0.7471367025178269,0.4912550838457904,0.7482840836616572,0.6328196656441402,0.7295470693297595,1.0,0.7623407636741161,-0.13937722828953308,0.7053587693368293,0.6638139876056133
0.6844373211962613,0.9262003783583139,0.6186217876327347,0.9266382618752691,0.6638488425016609,0.9415298831438048,0.6376721922487655,0.9598692701182959,0.7316026054013087,0.9730337408831421,0.5987289221680218,0.9356581188400659,0.7004354981739049,0.9573737634882777,0.7623407636741161,1.0,0.023623050896927275,0.9340880627108634,0.682954720593594
0.12483157506728547,0.042231033370355275,0.18411997978618605,0.052269590377332885,-0.002164541742040083,0.07069895780415658,-0.026932126937954267,0.0306570225552455,-0.1965603559478562,-0.004939665885266102,-0.09958284751624946,0.057385525606103535,-0.0023529400235553946,0.045448274726852575,-0.13937722828953308,0.023623050896927275,1.0,0.07153969376106195,-0.04354191434620575
0.7769593965708013,0.9691747600594901,0.6991679645156664,0.9758229311635708,0.7506358537224723,0.9829693405653446,0.6405098423580072,0.9657919144324187,0.6574001587185982,0.9496148799834797,0.6486304608998321,0.9623247460202468,0.7466554193187986,0.9739639400247362,0.7053587693368293,0.9340880627108634,0.07153969376106195,1.0,0.6860892068986827
0.5796963781843489,0.6174970831597691,0.5792727178510494,0.6329624377168992,0.7407326035343526,0.658090262561715,0.8222880757671557,0.7297479868314661,0.662020941646794,0.6911876916027274,0.5135604129570202,0.7003182047893476,0.7821359115880866,0.6903483233517486,0.6638139876056133,0.682954720593594,-0.04354191434620575,0.6860892068986827,1.0
