0,1,2,3,4,5,6,7,8,9,10,11,12,13,14,15,16,17,18
1.0,0.617262893862561,0.8474336833097442,0.5949190090135743,0.6918443739578395,0.5705552420693576,0.20196830331584753,0.478828843477175,-0.08431878785906272,0.3947284132684964,0.5238826156331582,0.6698727858739276,0.5222624991028469,0.5517144429885533,0.04674967405940309,0.4072808867428514,0.5479621091828769,0.6262436880365662,0.303548596956722
0.617262893862561,1.0,0.6010498954172333,0.9519018068095828,0.45398278023243155,0.9348863586711171,0.2944455167510133,0.8056364285507647,0.21285335913928116,0.7653266789555754,0.294606957373957,0.9257317473328409,0.41803705626421167,0.8866115458652318,0.16008764870056225,0.767515795963208,0.36218104252155797,0.9085918972025635,0.29511214779884587
0.8474336833097442,0.6010498954172333,1.0,0.6536180806814378,0.8232900272094678,0.6304335560356406,0.343888871427404,0.5251972200307445,0.05827954076992457,0.451782816877481,0.39930443129872906,0.6416238068762082,0.5868042807678292,0.5764350860314932,0.1450328298702566,0.4534392027568639,0.5694449443985002,0.693710162508852,0.4406210312932348
0.5949190090135743,0.9519018068095828,0.6536180806814378,1.0,0.5257272922545032,0.9879117589120686,0.392403854795791,0.8660984870551611,0.2910785612689067,0.8143076816574891,0.28302220816025486,0.931519707464563,0.48971365736917144,0.946522634779613,0.20573860289718388,0.8151219603365134,0.2953501463843899,0.9583483721371923,0.4199663477437531
0.6918443739578395,0.45398278023243155,0.8232900272094678,0.5257272922545032,1.0,0.5447504808399766,0.5921243154297787,0.46966840501326523,0.20043823920672335,0.4006385738073807,0.4958907288335692,0.5688004602855466,0.6970464558359022,0.49827215103855893,0.27934177373556873,0.3981105678688285,0.30732697934419717,0.5962204825002784,0.581445175033903
0.5705552420693576,0.9348863586711171,0.6304335560356406,0.9879117589120686,0.5447504808399766,1.0,0.403694340249598,0.8675120519280223,0.3056334141436886,0.8146850940072545,0.31418301475771565,0.9230531421743664,0.4844614395739227,0.9437226567464697,0.21362012446111645,0.8181994397494255,0.24363082635966457,0.9566894611631173,0.43165140989756673
0.20196830331584753,0.2944455167510133,0.343888871427404,0.392403854795791,0.5921243154297787,0.403694340249598,1.0,0.5817864636025472,0.6773741368426167,0.5299833125928385,0.038117893382900433,0.46338186990688596,0.7339445274432931,0.5041511188578794,0.6132497749642839,0.5088532834005182,-0.10564565318120028,0.41845131949881353,0.8143923446710484
0.478828843477175,0.8056364285507647,0.5251972200307445,0.8660984870551611,0.46966840501326523,0.8675120519280223,0.5817864636025472,1.0,0.5702537335759958,0.9555585623271388,0.24845982364183256,0.8282914178286829,0.509788901498509,0.9160082766247294,0.4077251146617169,0.918943355407124,0.08183384950593924,0.8442854603096636,0.6441908851839954
-0.08431878785906272,0.21285335913928116,0.05827954076992457,0.2910785612689067,0.20043823920672335,0.3056334141436886,0.6773741368426167,0.5702537335759958,1.0,0.6211394690525964,-0.20827586492193426,0.3547093396044531,0.344823612172395,0.4155591364547474,0.7601372300013841,0.5918945583454108,-0.3224185587260043,0.3121164056204911,0.5855070224183462
0.3947284132684964,0.7653266789555754,0.451782816877481,0.8143076816574891,0.4006385738073807,0.8146850940072545,0.5299833125928385,0.9555585623271388,0.6211394690525964,1.0,0.1700259789374294,0.7904111490820841,0.45806508352148445,0.871115272158845,0.46609262476290925,0.9582404164246828,0.007695260202295348,0.7990182049799643,0.5593316870874254
0.5238826156331582,0.294606957373957,0.39930443129872906,0.28302220816025486,0.4958907288335692,0.31418301475771565,0.038117893382900433,0.24845982364183256,-0.20827586492193426,0.1700259789374294,1.0,0.3867980294593911,0.20552831183460854,0.24284190755507848,-0.13691030875188112,0.1749557752259033,0.19453561565558866,0.32768844860109436,0.07868565040882439
0.6698727858739276,0.9257317473328409,0.6416238068762082,0.931519707464563,0.5688004602855466,0.9230531421743664,0.46338186990688596,0.8282914178286829,0.3547093396044531,0.7904111490820841,0.3867980294593911,1.0,0.5884738067458035,0.9306731042074273,0.33462213922311307,0.7988640297500492,0.31428204007770133,0.8828217606703678,0.4694870293608584
0.5222624991028469,0.41803705626421167,0.5868042807678292,0.48971365736917144,0.6970464558359022,0.4844614395739227,0.7339445274432931,0.509788901498509,0.344823612172395,0.45806508352148445,0.20552831183460854,0.5884738067458035,1.0,0.5696405458658853,0.5040787288059809,0.4735722463522398,0.11792752761765446,0.5240446022814094,0.6172141826897414
0.5517144429885533,0.8866115458652318,0.5764350860314932,0.946522634779613,0.49827215103855893,0.9437226567464697,0.5041511188578794,0.9160082766247294,0.4155591364547474,0.871115272158845,0.24284190755507848,0.9306731042074273,0.5696405458658853,1.0,0.3406264774174981,0.8812814363508578,0.17672933770316956,0.8994116470468136,0.5308869498733324
0.04674967405940309,0.16008764870056225,0.1450328298702566,0.20573860289718388,0.27934177373556873,0.21362012446111645,0.6132497749642839,0.4077251146617169,0.7601372300013841,0.46609262476290925,-0.13691030875188112,0.33462213922311307,0.5040787288059809,0.3406264774174981,1.0,0.4699501486053512,-0.12521291896046507,0.2401301549565526,0.5489464656969376
0.4072808867428514,0.767515795963208,0.4534392027568639,0.8151219603365134,0.3981105678688285,0.8181994397494255,0.5088532834005182,0.918943355407124,0.5918945583454108,0.9582404164246828,0.1749557752259033,0.7988640297500492,0.4735722463522398,0.8812814363508578,0.4699501486053512,1.0,0.030696308389118892,0.8032379277588351,0.5122401671040336
0.5479621091828769,0.36218104252155797,0.5694449443985002,0.2953501463843899,0.30732697934419717,0.24363082635966457,-0.10564565318120028,0.08183384950593924,-0.3224185587260043,0.007695260202295348,0.19453561565558866,0.31428204007770133,0.11792752761765446,0.17672933770316956,-0.12521291896046507,0.030696308389118892,1.0,0.2940121526622595,0.03242667101681601
0.6262436880365662,0.9085918972025635,0.693710162508852,0.9583483721371923,0.5962204825002784,0.9566894611631173,0.41845131949881353,0.8442854603096636,0.3121164056204911,0.7990182049799643,0.32768844860109436,0.8828217606703678,0.5240446022814094,0.8994116470468136,0.2401301549565526,0.8032379277588351,0.2940121526622595,1.0,0.4472183485597308
0.303548596956722,0.29511214779884587,0.4406210312932348,0.4199663477437531,0.581445175033903,0.43165140989756673,0.8143923446710484,0.6441908851839954,0.5855070224183462,0.5593316870874254,0.07868565040882439,0.4694870293608584,0.6172141826897414,0.5308869498733324,0.5489464656969376,0.5122401671040336,0.03242667101681601,0.4472183485597308,1.0
