0,1,2,3,4,5,6,7,8,9,10,11,12,13,14,15,16,17,18
1.0,0.19886003519038878,0.5387820038070481,0.15718856953596372,0.3855480388743418,-0.06422220486897692,0.1817887576511377,-0.14514324671651618,0.13361204156984066,-0.1770193917183816,0.6698206695766749,-0.07395027127653642,0.5912820000628077,0.09357016177886429,0.31901411148456227,-0.360197805091838,0.7746223826729662,0.2560559052050657,0.1322175855087972
0.19886003519038878,1.0,-0.012794348470187617,0.78289911937757,-0.008336924847251964,0.31920490132812035,-0.3066569757984581,-0.34245001694767835,-0.4981797416359318,-0.4526690432126981,0.11834777416126285,-0.08426209466724491,0.07815549950656166,-0.2365887310302949,-0.34910203574051657,-0.25517848011307864,0.28624165222398246,0.19292493301210223,-0.34548187101837
0.5387820038070481,-0.012794348470187617,1.0,0.16865109455803437,0.8201956989270652,-0.039047382702694006,0.4417704656765714,-0.10366381713000795,0.3605179202041089,-0.07654173131780831,0.5232298669721552,-0.23069162779562535,0.5462453512124289,0.003086671391327552,0.5329602141927231,-0.30319115350370773,0.6269211691544256,0.5604915396221374,0.4147845773636342
0.15718856953596372,0.78289911937757,0.16865109455803437,1.0,0.20522087776721093,0.6131946000282129,-0.17810748861126655,-0.18265245778884057,-0.40512592348562576,-0.40683357398128034,0.18308268911358672,-0.14550703357842804,0.19827551794524442,-0.3036004002716429,-0.26443551961161854,-0.2449174995279903,0.2369341520460577,0.3876634817139997,-0.20463227161073402
0.3855480388743418,-0.008336924847251964,0.8201956989270652,0.20522087776721093,1.0,0.1810480242261104,0.6068111027623871,0.11209116594219841,0.3553183910092202,0.09733412747074233,0.6271544024281241,-0.21340193296312546,0.6913765398349028,-0.3442068680536258,0.4978706972608042,-0.15243003501360364,0.46851288186058637,0.4841245695234203,0.614468098727552
-0.06422220486897692,0.31920490132812035,-0.039047382702694006,0.6131946000282129,0.1810480242261104,1.0,0.07744639444499803,0.33510613471209094,-0.20335406023680794,-0.04821718763389652,0.12830629927254925,-0.3380768342751048,0.19114744275745352,-0.3648785857500149,-0.12261349109589126,0.15565788575097456,-0.05834648626082273,0.21197326842679262,0.11976132050871621
0.1817887576511377,-0.3066569757984581,0.4417704656765714,-0.17810748861126655,0.6068111027623871,0.07744639444499803,1.0,0.2734234064754645,0.6898954625260454,0.27480328489981865,0.506726910203484,-0.25570388223103363,0.5601750106761616,-0.28352395254921603,0.8698362563278711,-0.00747384581143884,0.28427476153439707,0.11850519073728084,0.6835676406941857
-0.14514324671651618,-0.34245001694767835,-0.10366381713000795,-0.18265245778884057,0.11209116594219841,0.33510613471209094,0.2734234064754645,1.0,0.31340648300535007,0.6829692077019407,0.1230847606038092,-0.30709164161340624,0.1500080341407894,-0.23739316615535092,0.1566561624477834,0.17676279313800008,-0.14415910662591208,-0.07209637112586523,0.48601438823379245
0.13361204156984066,-0.4981797416359318,0.3605179202041089,-0.40512592348562576,0.3553183910092202,-0.20335406023680794,0.6898954625260454,0.31340648300535007,1.0,0.49806231599226464,0.2729349962035562,-0.20558022409945248,0.2864454542425425,-0.10194101041069475,0.7642659168290152,-0.05676943212319174,0.2528886252646591,-0.055992525461017656,0.5821366957345568
-0.1770193917183816,-0.4526690432126981,-0.07654173131780831,-0.40683357398128034,0.09733412747074233,-0.04821718763389652,0.27480328489981865,0.6829692077019407,0.49806231599226464,1.0,0.04427491956634836,-0.34624165949333685,0.04353788348742751,-0.2950901090658435,0.2071791534982562,0.33644652739992004,-0.1451055308734799,-0.2681687590178534,0.4326602419077478
0.6698206695766749,0.11834777416126285,0.5232298669721552,0.18308268911358672,0.6271544024281241,0.12830629927254925,0.506726910203484,0.1230847606038092,0.2729349962035562,0.04427491956634836,1.0,-0.11810525650902655,0.948286264015506,-0.29243461547806915,0.49992423452360174,-0.09561289526290735,0.5923495308160647,0.3336090895612896,0.43577043456277365
-0.07395027127653642,-0.08426209466724491,-0.23069162779562535,-0.14550703357842804,-0.21340193296312546,-0.3380768342751048,-0.25570388223103363,-0.30709164161340624,-0.20558022409945248,-0.34624165949333685,-0.11810525650902655,1.0,-0.0818476878460058,0.4037759461612429,-0.22496781532535706,-0.45673292847752106,-0.09672121937599579,-0.38244571559862284,-0.2578789103876966
0.5912820000628077,0.07815549950656166,0.5462453512124289,0.19827551794524442,0.6913765398349028,0.19114744275745352,0.5601750106761616,0.1500080341407894,0.2864454542425425,0.04353788348742751,0.948286264015506,-0.0818476878460058,1.0,-0.3150092815443643,0.5209345666108336,-0.10887709814247698,0.5276559657928583,0.3340939143302835,0.489643783955446
0.09357016177886429,-0.2365887310302949,0.003086671391327552,-0.3036004002716429,-0.3442068680536258,-0.3648785857500149,-0.28352395254921603,-0.23739316615535092,-0.10194101041069475,-0.2950901090658435,-0.29243461547806915,0.4037759461612429,-0.3150092815443643,1.0,-0.04196237203815917,-0.3886054362546409,0.02764425400939455,-0.2688818198117039,-0.38721295255773597
0.31901411148456227,-0.34910203574051657,0.5329602141927231,-0.26443551961161854,0.4978706972608042,-0.12261349109589126,0.8698362563278711,0.1566561624477834,0.7642659168290152,0.2071791534982562,0.49992423452360174,-0.22496781532535706,0.5209345666108336,-0.04196237203815917,1.0,-0.11132648193990023,0.4240212157739915,0.13340194853279372,0.5527704079310888
-0.360197805091838,-0.25517848011307864,-0.30319115350370773,-0.2449174995279903,-0.15243003501360364,0.15565788575097456,-0.00747384581143884,0.17676279313800008,-0.05676943212319174,0.33644652739992004,-0.09561289526290735,-0.45673292847752106,-0.10887709814247698,-0.3886054362546409,-0.11132648193990023,1.0,-0.32739544648797414,-0.17965183830559509,0.030481378322778044
0.7746223826729662,0.28624165222398246,0.6269211691544256,0.2369341520460577,0.46851288186058637,-0.05834648626082273,0.28427476153439707,-0.14415910662591208,0.2528886252646591,-0.1451055308734799,0.5923495308160647,-0.09672121937599579,0.5276559657928583,0.02764425400939455,0.4240212157739915,-0.32739544648797414,1.0,0.31261655468346405,0.2408834140592856
0.2560559052050657,0.19292493301210223,0.5604915396221374,0.3876634817139997,0.4841245695234203,0.21197326842679262,0.11850519073728084,-0.07209637112586523,-0.055992525461017656,-0.2681687590178534,0.3336090895612896,-0.38244571559862284,0.3340939143302835,-0.2688818198117039,0.13340194853279372,-0.17965183830559509,0.31261655468346405,1.0,0.17726269070478837
0.1322175855087972,-0.34548187101837,0.4147845773636342,-0.20463227161073402,0.614468098727552,0.11976132050871621,0.6835676406941857,0.48601438823379245,0.5821366957345568,0.4326602419077478,0.43577043456277365,-0.2578789103876966,0.489643783955446,-0.38721295255773597,0.5527704079310888,0.030481378322778044,0.2408834140592856,0.17726269070478837,1.0
