0,1,2,3,4,5,6,7,8,9,10,11,12,13,14,15,16,17,18
1.0,0.39605258322745057,0.1709778357746785,0.22536154440361855,-0.24931266258045073,-0.07868295154410361,-0.5856358544654112,-0.09814613863268204,-0.39271127608640855,-0.22278421413964514,0.13865815806915813,-0.09739193247134835,0.011673035972402048,0.26163011353542764,-0.5000771035693673,-0.32488478091797474,0.6541857325425039,0.05723052151900122,-0.4796608354568835
0.39605258322745057,1.0,-0.03012754811393023,0.6959466007121106,-0.11198103466824748,0.04337821336466665,-0.4979705800127623,-0.43857874216765985,-0.6300191699098427,-0.4874783808406431,0.1587685551457086,-0.15386989115427382,0.10858627180680466,-0.1399247254866739,-0.5817408281717252,-0.2324736461116145,0.6045948480610706,0.1331438736825875,-0.5813647950497882
0.1709778357746785,-0.03012754811393023,1.0,0.2779796003567458,0.6612275135417562,0.19838432116940938,-0.05610498480419391,0.09414848183255128,-0.10425280618652576,-0.11102669856526083,0.04586386323912296,-0.04430106351945353,0.15503302301361707,0.28025960073990275,0.046205592444505145,-0.401561261002307,0.1512400740706293,0.4959704945387,0.11018026658101661
0.22536154440361855,0.6959466007121106,0.2779796003567458,1.0,0.2835918138025447,0.4795281865341402,-0.3445536292410877,-0.34298265945135986,-0.5890421456512576,-0.4266707570433386,0.23855468360512763,-0.1662100903793857,0.23301646096607437,-0.2208848222951409,-0.463304203021255,-0.19170579461106133,0.47968424089660244,0.48362527702105906,-0.40093473763152626
-0.24931266258045073,-0.11198103466824748,0.6612275135417562,0.2835918138025447,1.0,0.3083550720324173,0.3396380074655902,-0.0777200135398576,-0.07910514166767127,-0.06828638554388815,0.3780166431971411,0.14832495757925157,0.5182362786208339,-0.16290705414501164,0.156398612725841,-0.08577293376582253,-0.21365065400342959,0.4289164653978657,0.21336394662147828
-0.07868295154410361,0.04337821336466665,0.19838432116940938,0.4795281865341402,0.3083550720324173,1.0,0.1390398687635133,0.20992494077926097,-0.09464762966521434,0.057751357920947495,0.1905087292139285,-0.3289997749576158,0.1882891696529784,-0.24024303713477888,0.04969815795466563,0.11478791415733713,0.032626470034102364,0.4409719162618767,0.1503779675512097
-0.5856358544654112,-0.4979705800127623,-0.05610498480419391,-0.3445536292410877,0.3396380074655902,0.1390398687635133,1.0,0.14236159910077079,0.5247927244242303,0.17255639097416797,0.15866870417273662,0.15313161782657084,0.280145813894391,-0.19088338773094163,0.8517534712623714,0.10477290880377833,-0.612050485743242,-0.07133740173459646,0.49694346499065706
-0.09814613863268204,-0.43857874216765985,0.09414848183255128,-0.34298265945135986,-0.0777200135398576,0.20992494077926097,0.14236159910077079,1.0,0.4478400487635552,0.7319046546803133,-0.2635597059175236,-0.48500290179942135,-0.2832189557553744,0.05451651506610385,0.31085058178804553,-0.028402734873401364,-0.10277746730518307,0.20240198596570952,0.6035624065354126
-0.39271127608640855,-0.6300191699098427,-0.10425280618652576,-0.5890421456512576,-0.07910514166767127,-0.09464762966521434,0.5247927244242303,0.4478400487635552,1.0,0.5705692904066827,-0.242558163142705,-0.14345754412210165,-0.25021927378922,-0.007145644888603235,0.6742531572973711,0.08782145340085805,-0.41214135070808444,-0.1715289551935007,0.5405520630278249
-0.22278421413964514,-0.4874783808406431,-0.11102669856526083,-0.4266707570433386,-0.06828638554388815,0.057751357920947495,0.17255639097416797,0.7319046546803133,0.5705692904066827,1.0,-0.1926076251302774,-0.41248818182211283,-0.21935015344081105,-0.22169553218158203,0.2633926558545633,0.24791692770384421,-0.20165006076114306,-0.02153953102413421,0.5138370470239811
0.13865815806915813,0.1587685551457086,0.04586386323912296,0.23855468360512763,0.3780166431971411,0.1905087292139285,0.15866870417273662,-0.2635597059175236,-0.242558163142705,-0.1926076251302774,1.0,0.2834420983784161,0.8814813241016047,-0.318180606735569,-0.07238255241296525,0.12701957144274795,-0.09140648967683221,0.07287927499122028,-0.1926497049036229
-0.09739193247134835,-0.15386989115427382,-0.04430106351945353,-0.1662100903793857,0.14832495757925157,-0.3289997749576158,0.15313161782657084,-0.48500290179942135,-0.14345754412210165,-0.41248818182211283,0.2834420983784161,1.0,0.3222722709701752,0.2906923699371526,0.02087542953732119,-0.2704526248739562,-0.2424974410791641,-0.46683729743386077,-0.12349436299838099
0.011673035972402048,0.10858627180680466,0.15503302301361707,0.23301646096607437,0.5182362786208339,0.1882891696529784,0.280145813894391,-0.2832189557553744,-0.25021927378922,-0.21935015344081105,0.8814813241016047,0.3222722709701752,1.0,-0.32336556290817886,0.019532656381535698,0.12545488686601855,-0.15799605079842197,0.1119466520831046,-0.14809134818964653
0.26163011353542764,-0.1399247254866739,0.28025960073990275,-0.2208848222951409,-0.16290705414501164,-0.24024303713477888,-0.19088338773094163,0.05451651506610385,-0.007145644888603235,-0.22169553218158203,-0.318180606735569,0.2906923699371526,-0.32336556290817886,1.0,0.0384439760237341,-0.6292241726306236,0.10604707725380087,-0.23759157481395834,-0.03973839173742042
-0.5000771035693673,-0.5817408281717252,0.046205592444505145,-0.463304203021255,0.156398612725841,0.04969815795466563,0.8517534712623714,0.31085058178804553,0.6742531572973711,0.2633926558545633,-0.07238255241296525,0.02087542953732119,0.019532656381535698,0.0384439760237341,1.0,0.007415239230994885,-0.5669062989186869,-0.11339736626073858,0.5210039022350141
-0.32488478091797474,-0.2324736461116145,-0.401561261002307,-0.19170579461106133,-0.08577293376582253,0.11478791415733713,0.10477290880377833,-0.028402734873401364,0.08782145340085805,0.24791692770384421,0.12701957144274795,-0.2704526248739562,0.12545488686601855,-0.6292241726306236,0.007415239230994885,1.0,-0.21137860711135906,-0.13787865007519057,0.03866669965167298
0.6541857325425039,0.6045948480610706,0.1512400740706293,0.47968424089660244,-0.21365065400342959,0.032626470034102364,-0.612050485743242,-0.10277746730518307,-0.41214135070808444,-0.20165006076114306,-0.09140648967683221,-0.2424974410791641,-0.15799605079842197,0.10604707725380087,-0.5669062989186869,-0.21137860711135906,1.0,0.21858825132325901,-0.4026937818832315
0.05723052151900122,0.1331438736825875,0.4959704945387,0.48362527702105906,0.4289164653978657,0.4409719162618767,-0.07133740173459646,0.20240198596570952,-0.1715289551935007,-0.02153953102413421,0.07287927499122028,-0.46683729743386077,0.1119466520831046,-0.23759157481395834,-0.11339736626073858,-0.13787865007519057,0.21858825132325901,1.0,0.008965931717723027
-0.4796608354568835,-0.5813647950497882,0.11018026658101661,-0.40093473763152626,0.21336394662147828,0.1503779675512097,0.49694346499065706,0.6035624065354126,0.5405520630278249,0.5138370470239811,-0.1926497049036229,-0.12349436299838099,-0.14809134818964653,-0.03973839173742042,0.5210039022350141,0.03866669965167298,-0.4026937818832315,0.008965931717723027,1.0
