0,1,2,3,4,5,6,7,8,9,10,11,12,13,14,15,16,17,18
1.0,0.22583278996086253,0.473056566977037,0.14413110602215345,-0.013484538749451375,-0.14176642815681328,-0.4575785146617337,-0.02123204014046434,-0.23187664469437552,-0.11115982335966908,0.13118043234640556,-0.29008415447254693,0.09848495254764106,0.4500061150889087,-0.4165102269816942,-0.4885719451312232,0.6087044889708125,0.14876572506848068,-0.2572069916675813
0.22583278996086253,1.0,0.16099700665494218,0.7334596309828958,0.21666978394473982,0.23441561589825421,-0.1599659284329893,-0.44090482703687595,-0.5028091693648573,-0.5012020844270985,0.22898310725390386,0.11914208546546426,0.20729225533383497,-0.15987459007027088,-0.16327096377248476,-0.359907817060056,0.5059649548043798,0.20677140083045745,-0.4568374730334544
0.473056566977037,0.16099700665494218,1.0,0.3719852254872796,0.5427620876403961,0.11664931311698971,-0.16331781142663232,0.019549616918539573,-0.21918336173620315,-0.11447197685126079,0.13809536564460756,-0.20733566152623326,0.19296195721353426,0.23948090674681174,-0.15509411137157536,-0.47539416892402453,0.3506312843551829,0.5287460257956147,-0.06429810321669686
0.14413110602215345,0.7334596309828958,0.3719852254872796,1.0,0.5617333050472607,0.6322983651264502,0.05582069710999003,-0.3031357853354727,-0.4835527905080616,-0.42978116258047794,0.4443257468131058,0.07776729750294584,0.4219191212155879,-0.3435255562271899,0.01989852938529964,-0.2856605976213482,0.39101908761061643,0.599106830392494,-0.37253201737946234
-0.013484538749451375,0.21666978394473982,0.5427620876403961,0.5617333050472607,1.0,0.6077956027707602,0.4541676379239294,-0.12650437404274706,-0.3389024967855388,-0.18641910474563073,0.6402361914328203,0.16957594618330177,0.6648385236014435,-0.5059213177734273,0.31520786837777415,0.03285466675768394,0.12300023958008745,0.6798758067461158,-0.11536542870125933
-0.14176642815681328,0.23441561589825421,0.11664931311698971,0.6322983651264502,0.6077956027707602,1.0,0.3985023037451481,0.034074099775462705,-0.2824158173263387,-0.14995602622462573,0.48599724682307266,0.02295936087033891,0.4280685299711283,-0.5204659999068085,0.28542226699364504,0.1476328177113984,0.11732959050650044,0.5558903511918291,0.02623074590356862
-0.4575785146617337,-0.1599659284329893,-0.16331781142663232,0.05582069710999003,0.4541676379239294,0.3985023037451481,1.0,-0.04715694753822406,0.1287699677741601,-0.009703465289287628,0.5263371173759331,0.2620868001501078,0.5188686428401132,-0.6531602563550734,0.8815399539750748,0.34485710299197136,-0.28535616583065687,0.24760214236767394,0.09822634155679298
-0.02123204014046434,-0.44090482703687595,0.019549616918539573,-0.3031357853354727,-0.12650437404274706,0.034074099775462705,-0.04715694753822406,1.0,0.27156822350480936,0.7160156119815656,-0.11376489957371548,-0.30253393649733895,-0.11086840685431801,0.13465029052624022,-0.08456509919687807,-0.09120931367667054,-0.19967011052689437,-0.06652974394962151,0.6561084526787643
-0.23187664469437552,-0.5028091693648573,-0.21918336173620315,-0.4835527905080616,-0.3389024967855388,-0.2824158173263387,0.1287699677741601,0.27156822350480936,1.0,0.4644364814692106,-0.2852924593296416,-0.27559782413459716,-0.30582419064295796,0.19648022855728262,0.17517324705030063,0.00830735160964899,-0.28813361232204193,-0.2669623540856742,0.3266087061188327
-0.11115982335966908,-0.5012020844270985,-0.11447197685126079,-0.42978116258047794,-0.18641910474563073,-0.14995602622462573,-0.009703465289287628,0.7160156119815656,0.4644364814692106,1.0,-0.13675551180955794,-0.2907486710496942,-0.18682228822447758,0.04371081705105493,-0.0004202744815953486,0.06271658933483511,-0.2911125432450697,-0.26892328494140827,0.48132822889343263
0.13118043234640556,0.22898310725390386,0.13809536564460756,0.4443257468131058,0.6402361914328203,0.48599724682307266,0.5263371173759331,-0.11376489957371548,-0.2852924593296416,-0.13675551180955794,1.0,0.29213144510436606,0.933582788183931,-0.5829533776344392,0.4317836859106488,0.1966805434594354,0.16556665742030893,0.46377765220789036,-0.3157539614117528
-0.29008415447254693,0.11914208546546426,-0.20733566152623326,0.07776729750294584,0.16957594618330177,0.02295936087033891,0.2620868001501078,-0.30253393649733895,-0.27559782413459716,-0.2907486710496942,0.29213144510436606,1.0,0.31152369902309174,-0.3657308865678083,0.3563708179058783,0.04253052738329307,-0.0587410851660651,-0.19806281558770075,-0.24622084020266866
0.09848495254764106,0.20729225533383497,0.19296195721353426,0.4219191212155879,0.6648385236014435,0.4280685299711283,0.5188686428401132,-0.11086840685431801,-0.30582419064295796,-0.18682228822447758,0.933582788183931,0.31152369902309174,1.0,-0.5579868307874883,0.39742170634498714,0.19503647369129345,0.11823428298206644,0.4736870003967962,-0.2968092070816505
0.4500061150889087,-0.15987459007027088,0.23948090674681174,-0.3435255562271899,-0.5059213177734273,-0.5204659999068085,-0.6531602563550734,0.13465029052624022,0.19648022855728262,0.04371081705105493,-0.5829533776344392,-0.3657308865678083,-0.5579868307874883,1.0,-0.5452003672377537,-0.5088225075853297,0.19784236340630545,-0.32650319127575145,0.09839345262153075
-0.4165102269816942,-0.16327096377248476,-0.15509411137157536,0.01989852938529964,0.31520786837777415,0.28542226699364504,0.8815399539750748,-0.08456509919687807,0.17517324705030063,-0.0004202744815953486,0.4317836859106488,0.3563708179058783,0.39742170634498714,-0.5452003672377537,1.0,0.20611340765488886,-0.2731435562804363,0.13928535120183133,0.009655624300796292
-0.4885719451312232,-0.359907817060056,-0.47539416892402453,-0.2856605976213482,0.03285466675768394,0.1476328177113984,0.34485710299197136,-0.09120931367667054,0.00830735160964899,0.06271658933483511,0.1966805434594354,0.04253052738329307,0.19503647369129345,-0.5088225075853297,0.20611340765488886,1.0,-0.2964287141870621,-0.1613899228956181,-0.011712151845797315
0.6087044889708125,0.5059649548043798,0.3506312843551829,0.39101908761061643,0.12300023958008745,0.11732959050650044,-0.28535616583065687,-0.19967011052689437,-0.28813361232204193,-0.2911125432450697,0.16556665742030893,-0.0587410851660651,0.11823428298206644,0.19784236340630545,-0.2731435562804363,-0.2964287141870621,1.0,0.17011087855511528,-0.2899059814842454
0.14876572506848068,0.20677140083045745,0.5287460257956147,0.599106830392494,0.6798758067461158,0.5558903511918291,0.24760214236767394,-0.06652974394962151,-0.2669623540856742,-0.26892328494140827,0.46377765220789036,-0.19806281558770075,0.4736870003967962,-0.32650319127575145,0.13928535120183133,-0.1613899228956181,0.17011087855511528,1.0,-0.14572960423659026
-0.2572069916675813,-0.4568374730334544,-0.06429810321669686,-0.37253201737946234,-0.11536542870125933,0.02623074590356862,0.09822634155679298,0.6561084526787643,0.3266087061188327,0.48132822889343263,-0.3157539614117528,-0.24622084020266866,-0.2968092070816505,0.09839345262153075,0.009655624300796292,-0.011712151845797315,-0.2899059814842454,-0.14572960423659026,1.0
