0,1,2,3,4,5,6,7,8,9,10,11,12,13,14,15,16,17,18
1.0,0.7058571206468346,0.25420637150636693,0.1755864405527422,-0.39228775117861164,0.14726254407499334,0.19359101321964606,0.07884906817136575,0.03363476638014207,0.07987126630712424,0.2497548612665046,0.057935661246365955,0.2603744243269738,0.11653533609794428,0.22389116349875346,0.03134238306430605,0.30132562065552193,0.1375946692685515,0.10929559144701437
0.7058571206468346,1.0,0.3307698123033099,0.48081233528403317,-0.0017151647204589197,0.4076924825539308,0.19806188230643768,0.28952575696769,0.10594999420892484,0.25501960270734503,0.35486484460394735,0.4161267818955078,0.25391566557712375,0.4112292852760517,0.16539305312672692,0.07456325408832044,0.3287462822441215,0.326573473955767,0.1405999952111802
0.25420637150636693,0.3307698123033099,1.0,0.5404126741747233,0.4876023821012499,0.501675572009166,0.6815372408516139,0.20546460406499797,0.4223178231356979,0.19122192486704048,0.2947151847592116,0.231667617110378,0.5349387178988246,0.23543881358444643,0.34300636271274026,-0.0982865869391296,0.8388357199401509,0.5634270297538109,0.5469092979080288
0.1755864405527422,0.48081233528403317,0.5404126741747233,1.0,0.5194877242223691,0.9153176921580743,0.41910826138906704,0.6598089330720361,0.3049513972586646,0.5541568435446975,0.27865380933489453,0.5129742453212135,0.312155884518605,0.7447205733202329,0.21108333451575234,0.05784461014820605,0.5444611178143909,0.758476593661505,0.4024974651412019
-0.39228775117861164,-0.0017151647204589197,0.4876023821012499,0.5194877242223691,1.0,0.5544537877883753,0.4638649351806458,0.6387172213855297,0.4082993662786319,0.2478915948689727,0.400233674347859,0.5859441273051205,0.35030798324243034,0.3606062935924548,0.11815616682452691,-0.04942824442945074,0.34077866590699546,0.4854670288232611,0.47491902350483256
0.14726254407499334,0.4076924825539308,0.501675572009166,0.9153176921580743,0.5544537877883753,1.0,0.4748689872409535,0.7282580445534651,0.34201612866811937,0.671553731873558,0.3055143468168208,0.43407955348295685,0.31871355863786655,0.7444467218872599,0.24850805628525857,-0.00519302384126639,0.5210935190082719,0.8064309659175172,0.49189877531350973
0.19359101321964606,0.19806188230643768,0.6815372408516139,0.41910826138906704,0.4638649351806458,0.4748689872409535,1.0,0.21148759760571942,0.8183502794674621,0.4003423279087871,0.04273116246617466,0.05960659358106341,0.5708612519562899,0.2427562034167931,0.5225975480962439,-0.06328224229251694,0.6909709065793301,0.6120048718257819,0.7935809483712092
0.07884906817136575,0.28952575696769,0.20546460406499797,0.6598089330720361,0.6387172213855297,0.7282580445534651,0.21148759760571942,1.0,0.1839214776266527,0.4877947469810279,0.4023085369152025,0.5793040162303007,0.14574728466627634,0.6592546093960744,0.06982821248435513,-0.040307009034575694,0.1507453954424079,0.46869802067600547,0.32132175528021495
0.03363476638014207,0.10594999420892484,0.4223178231356979,0.3049513972586646,0.4082993662786319,0.34201612866811937,0.8183502794674621,0.1839214776266527,1.0,0.44696393740318663,-0.0919780809434567,0.03862998452362565,0.3591041102602642,0.1990813508343387,0.4050004848740101,0.021746028327411737,0.4621026902648221,0.4307858473392167,0.7195909002421368
0.07987126630712424,0.25501960270734503,0.19122192486704048,0.5541568435446975,0.2478915948689727,0.671553731873558,0.4003423279087871,0.4877947469810279,0.44696393740318663,1.0,0.0027277221799570425,0.1278692416919899,0.17118154672735467,0.5884523966311659,0.24408107889672853,0.04200012127571836,0.23716285147840152,0.5786761873201793,0.41018365007529545
0.2497548612665046,0.35486484460394735,0.2947151847592116,0.27865380933489453,0.400233674347859,0.3055143468168208,0.04273116246617466,0.4023085369152025,-0.0919780809434567,0.0027277221799570425,1.0,0.39798601397159616,0.21190478260891385,0.10392025923599836,0.028324169908988964,-0.1374727858265183,0.14461112755019573,0.15901985037550184,0.018026786704378198
0.057935661246365955,0.4161267818955078,0.231667617110378,0.5129742453212135,0.5859441273051205,0.43407955348295685,0.05960659358106341,0.5793040162303007,0.03862998452362565,0.1278692416919899,0.39798601397159616,1.0,0.09482670594194045,0.49361339871006793,-0.07801926055470122,0.08648209942640132,0.17230240254580492,0.208955895109966,0.11920226886756291
0.2603744243269738,0.25391566557712375,0.5349387178988246,0.312155884518605,0.35030798324243034,0.31871355863786655,0.5708612519562899,0.14574728466627634,0.3591041102602642,0.17118154672735467,0.21190478260891385,0.09482670594194045,1.0,0.15239694284095007,0.6532483846097183,0.04796942197563329,0.423727292431298,0.34969672179726907,0.3294010881720302
0.11653533609794428,0.4112292852760517,0.23543881358444643,0.7447205733202329,0.3606062935924548,0.7444467218872599,0.2427562034167931,0.6592546093960744,0.1990813508343387,0.5884523966311659,0.10392025923599836,0.49361339871006793,0.15239694284095007,1.0,0.13676931951496188,0.08279895684683866,0.2531049202435329,0.5611269454234835,0.26824993065796215
0.22389116349875346,0.16539305312672692,0.34300636271274026,0.21108333451575234,0.11815616682452691,0.24850805628525857,0.5225975480962439,0.06982821248435513,0.4050004848740101,0.24408107889672853,0.028324169908988964,-0.07801926055470122,0.6532483846097183,0.13676931951496188,1.0,-0.05604403566158341,0.306841046412105,0.301895522489828,0.28355694011224014
0.03134238306430605,0.07456325408832044,-0.0982865869391296,0.05784461014820605,-0.04942824442945074,-0.00519302384126639,-0.06328224229251694,-0.040307009034575694,0.021746028327411737,0.04200012127571836,-0.1374727858265183,0.08648209942640132,0.04796942197563329,0.08279895684683866,-0.05604403566158341,1.0,-0.0888130518119932,-0.02186304535703056,-0.07006549138436856
0.30132562065552193,0.3287462822441215,0.8388357199401509,0.5444611178143909,0.34077866590699546,0.5210935190082719,0.6909709065793301,0.1507453954424079,0.4621026902648221,0.23716285147840152,0.14461112755019573,0.17230240254580492,0.423727292431298,0.2531049202435329,0.306841046412105,-0.0888130518119932,1.0,0.6013515860941232,0.6739982974516067
0.1375946692685515,0.326573473955767,0.5634270297538109,0.758476593661505,0.4854670288232611,0.8064309659175172,0.6120048718257819,0.46869802067600547,0.4307858473392167,0.5786761873201793,0.15901985037550184,0.208955895109966,0.34969672179726907,0.5611269454234835,0.301895522489828,-0.02186304535703056,0.6013515860941232,1.0,0.6208336334705606
0.10929559144701437,0.1405999952111802,0.5469092979080288,0.4024974651412019,0.47491902350483256,0.49189877531350973,0.7935809483712092,0.32132175528021495,0.7195909002421368,0.41018365007529545,0.018026786704378198,0.11920226886756291,0.3294010881720302,0.26824993065796215,0.28355694011224014,-0.07006549138436856,0.6739982974516067,0.6208336334705606,1.0
