0,1,2,3,4,5,6,7,8,9,10,11,12,13,14,15,16,17,18
1.0,0.6431520313145929,0.19725450493152474,0.3428692866721301,-0.3258028155287305,0.26131521224254994,0.2751591563883521,0.19815810320356805,-0.0058496793415218065,0.13243247103419115,0.28079366368216785,0.09290841983847128,0.26384897974252935,0.37565752903103033,0.1364987791450404,-0.1339029333917616,0.3566073835696165,0.3220746330266258,0.22707165262706647
0.6431520313145929,1.0,0.5501732841160931,0.7501728768201101,0.34069299099729855,0.6931797552622083,0.45166033752828016,0.5926963848367831,0.09946188389233478,0.38520037749647074,0.6926076717703008,0.5229182018669445,0.5538093622779955,0.6562178324935256,0.27764947576538224,-0.16101824072859355,0.6101771500891976,0.6733107035075777,0.3218367994312046
0.19725450493152474,0.5501732841160931,1.0,0.7326265136911868,0.71735955869529,0.6898795479553733,0.6939788782776734,0.5774276185683843,0.30846242779058347,0.3420567891398929,0.5944242110366103,0.5586100117400974,0.7737904630900182,0.5302620529521646,0.4510094702282574,-0.1415142959124057,0.8297324664057049,0.6691880377616634,0.4324072043909095
0.3428692866721301,0.7501728768201101,0.7326265136911868,1.0,0.5891724321299083,0.9435528113229851,0.5733102599289793,0.7753712484971546,0.22171319500108633,0.5976616722480422,0.6071460232414543,0.559451378944589,0.7034027455132139,0.850470968724685,0.39511041341926456,-0.24211166413692886,0.7669678926982422,0.8322642500758309,0.4372215289240776
-0.3258028155287305,0.34069299099729855,0.71735955869529,0.5891724321299083,1.0,0.6753990692374292,0.49601176693679006,0.705242207085506,0.37699460241676463,0.4503477083900964,0.6277626646870468,0.6409932021827575,0.620707669660555,0.3837420911046208,0.35716741429364246,-0.25733999168567534,0.4925698801668055,0.5244117101336119,0.32223541923489274
0.26131521224254994,0.6931797552622083,0.6898795479553733,0.9435528113229851,0.6753990692374292,1.0,0.5726994128161769,0.8850452010212153,0.28345718895428673,0.7234766933050392,0.661300013584562,0.5545382647506408,0.6820437537622174,0.8234324766281673,0.37795554981975765,-0.362335348533155,0.6822890390242716,0.8227928040012789,0.4768910868548598
0.2751591563883521,0.45166033752828016,0.6939788782776734,0.5733102599289793,0.49601176693679006,0.5726994128161769,1.0,0.3951332463030867,0.7027485468767395,0.3849256029165325,0.30728418408224106,0.2961814498663783,0.6586795785723197,0.4685224184828669,0.45106453548795605,-0.014037952433747425,0.703256853653558,0.7095012361004719,0.7328841712896211
0.19815810320356805,0.5926963848367831,0.5774276185683843,0.7753712484971546,0.705242207085506,0.8850452010212153,0.3951332463030867,1.0,0.23259425764807448,0.7272004170555029,0.7493882225191695,0.5125105498996253,0.6174558092228808,0.7201918253365936,0.3477244813432566,-0.5050452187793522,0.4505444308125718,0.6243590187049768,0.3208954483885593
-0.0058496793415218065,0.09946188389233478,0.30846242779058347,0.22171319500108633,0.37699460241676463,0.28345718895428673,0.7027485468767395,0.23259425764807448,1.0,0.3322719808614303,0.11651145019600512,0.10149113186173248,0.3381526434573699,0.1538220488468579,0.32490843982269696,-0.03957319128581107,0.27576445099636876,0.34249198530138286,0.5531703732248849
0.13243247103419115,0.38520037749647074,0.3420567891398929,0.5976616722480422,0.4503477083900964,0.7234766933050392,0.3849256029165325,0.7272004170555029,0.3322719808614303,1.0,0.43417028503243293,0.2887701807016831,0.4297363333844939,0.576180456169263,0.24024912442782126,-0.3454847259934363,0.2978510430578635,0.5482558996628148,0.41763223954085055
0.28079366368216785,0.6926076717703008,0.5944242110366103,0.6071460232414543,0.6277626646870468,0.661300013584562,0.30728418408224106,0.7493882225191695,0.11651145019600512,0.43417028503243293,1.0,0.46338688841952047,0.6261934438548619,0.4266816682313246,0.28925132037283624,-0.4191850148932466,0.4092835642974299,0.49444212989827174,0.09450527034235133
0.09290841983847128,0.5229182018669445,0.5586100117400974,0.559451378944589,0.6409932021827575,0.5545382647506408,0.2961814498663783,0.5125105498996253,0.10149113186173248,0.2887701807016831,0.46338688841952047,1.0,0.38039669301607026,0.3626358356711495,0.24260945608761175,-0.3604461537269189,0.5398374690721084,0.31657042713074995,0.2681093714186706
0.26384897974252935,0.5538093622779955,0.7737904630900182,0.7034027455132139,0.620707669660555,0.6820437537622174,0.6586795785723197,0.6174558092228808,0.3381526434573699,0.4297363333844939,0.6261934438548619,0.38039669301607026,1.0,0.5651271197885902,0.6838424536306689,-0.11444182358754167,0.6151407655233858,0.6475134111684943,0.3110507074944122
0.37565752903103033,0.6562178324935256,0.5302620529521646,0.850470968724685,0.3837420911046208,0.8234324766281673,0.4685224184828669,0.7201918253365936,0.1538220488468579,0.576180456169263,0.4266816682313246,0.3626358356711495,0.5651271197885902,1.0,0.33935489415879405,-0.14933058485022907,0.5881635547429525,0.7275716578216604,0.41841261063968616
0.1364987791450404,0.27764947576538224,0.4510094702282574,0.39511041341926456,0.35716741429364246,0.37795554981975765,0.45106453548795605,0.3477244813432566,0.32490843982269696,0.24024912442782126,0.28925132037283624,0.24260945608761175,0.6838424536306689,0.33935489415879405,1.0,-0.0009316193650248963,0.34392546013634673,0.3529220305419708,0.15791661832802614
-0.1339029333917616,-0.16101824072859355,-0.1415142959124057,-0.24211166413692886,-0.25733999168567534,-0.362335348533155,-0.014037952433747425,-0.5050452187793522,-0.03957319128581107,-0.3454847259934363,-0.4191850148932466,-0.3604461537269189,-0.11444182358754167,-0.14933058485022907,-0.0009316193650248963,1.0,-0.0707682796164527,-0.06802697941184574,-0.03908649839339928
0.3566073835696165,0.6101771500891976,0.8297324664057049,0.7669678926982422,0.4925698801668055,0.6822890390242716,0.703256853653558,0.4505444308125718,0.27576445099636876,0.2978510430578635,0.4092835642974299,0.5398374690721084,0.6151407655233858,0.5881635547429525,0.34392546013634673,-0.0707682796164527,1.0,0.741183225283883,0.5765691042269026
0.3220746330266258,0.6733107035075777,0.6691880377616634,0.8322642500758309,0.5244117101336119,0.8227928040012789,0.7095012361004719,0.6243590187049768,0.34249198530138286,0.5482558996628148,0.49444212989827174,0.31657042713074995,0.6475134111684943,0.7275716578216604,0.3529220305419708,-0.06802697941184574,0.741183225283883,1.0,0.6019179032427077
0.22707165262706647,0.3218367994312046,0.4324072043909095,0.4372215289240776,0.32223541923489274,0.4768910868548598,0.7328841712896211,0.3208954483885593,0.5531703732248849,0.41763223954085055,0.09450527034235133,0.2681093714186706,0.3110507074944122,0.41841261063968616,0.15791661832802614,-0.03908649839339928,0.5765691042269026,0.6019179032427077,1.0
