0,1,2,3,4,5,6,7,8,9,10,11,12,13,14,15,16,17,18
1.0,0.7749958366836603,0.614133271809292,0.45748432984957765,0.20445049322979705,0.2936944772630241,0.253855074251785,0.21296570553986696,0.10376412752430396,0.09116925453780993,0.623669213517742,0.5877853649012365,0.3792427394201723,0.32967149259360123,0.16394782529666024,-0.09639175144492919,0.4985247131188549,0.2235764878764074,0.09746170511117029
0.7749958366836603,1.0,0.44734158692682097,0.5515927335619593,0.2775760003513503,0.40225823900080343,0.15053247391223323,0.28058113550521735,0.08692099631584647,0.16214083223937018,0.5396496354727415,0.7276128593980696,0.23891887168531203,0.3844779165681074,0.1290788713035821,-0.17107204940029078,0.360557200723346,0.27013582068574016,0.04469049716188019
0.614133271809292,0.44734158692682097,1.0,0.6051751989760934,0.6658074203417287,0.5205675680844241,0.5891095531450642,0.3911062714178023,0.33175646449366386,0.20951516898481076,0.5587388027499346,0.5252725767342147,0.528064035044763,0.39779217975248177,0.22301656210535006,-0.1233162794859769,0.7719650831625937,0.5394636898055466,0.33376432390060384
0.45748432984957765,0.5515927335619593,0.6051751989760934,1.0,0.6048536249801993,0.8696377123602843,0.39717813911909766,0.5824313557144357,0.26489334164301737,0.44601385129653437,0.4809950994849567,0.6924039714977406,0.356537339755115,0.5739044170319515,0.15318072592791734,-0.2548316335703038,0.6506139494672273,0.6371434443789458,0.3276546868144584
0.20445049322979705,0.2775760003513503,0.6658074203417287,0.6048536249801993,1.0,0.6672291660797364,0.6632783692773165,0.7435144089829547,0.5959091689844123,0.4349587729659799,0.5818685627645205,0.5872613140797808,0.5280841584689313,0.31516266724724296,0.31233065133602944,-0.39578228745423005,0.4295851491722463,0.6502178147728811,0.49483211428693213
0.2936944772630241,0.40225823900080343,0.5205675680844241,0.8696377123602843,0.6672291660797364,1.0,0.4748428888698303,0.7160956233394152,0.36998523702064473,0.6560328487513721,0.40002139924552027,0.5321185479436156,0.2861044173346279,0.5674786981889476,0.15209894875476207,-0.3273559074823907,0.5702620600068853,0.6861821299754831,0.48797854048489436
0.253855074251785,0.15053247391223323,0.5891095531450642,0.39717813911909766,0.6632783692773165,0.4748428888698303,1.0,0.23939861103731933,0.8035124363966,0.38617380707587173,0.2198167876671354,0.1355119904680451,0.5982626974119736,0.3421664394047021,0.30987763696684234,0.04980105611758064,0.5340748652484224,0.6721543301852625,0.7124120985473336
0.21296570553986696,0.28058113550521735,0.3911062714178023,0.5824313557144357,0.7435144089829547,0.7160956233394152,0.23939861103731933,1.0,0.3017420256465756,0.6172162451389651,0.5774240199549514,0.5857468672767475,0.10294637955289859,0.29600940658465724,0.2127271884216349,-0.6904333143377552,0.2162714961415513,0.32965651733330065,0.2789306960986553
0.10376412752430396,0.08692099631584647,0.33175646449366386,0.26489334164301737,0.5959091689844123,0.36998523702064473,0.8035124363966,0.3017420256465756,1.0,0.4162191918122097,0.14935999588288926,0.08141755874048447,0.4090085188834127,0.27843741248944176,0.3049051391754724,0.00693329716127309,0.24958091962759543,0.4961753073551882,0.6556233247762628
0.09116925453780993,0.16214083223937018,0.20951516898481076,0.44601385129653437,0.4349587729659799,0.6560328487513721,0.38617380707587173,0.6172162451389651,0.4162191918122097,1.0,0.18955791493506724,0.19311688213113032,0.12214894420833156,0.30732271966447255,0.0697162611328256,-0.2782478244417433,0.2022154441690417,0.37378383868952825,0.43490389290287473
0.623669213517742,0.5396496354727415,0.5587388027499346,0.4809950994849567,0.5818685627645205,0.40002139924552027,0.2198167876671354,0.5774240199549514,0.14935999588288926,0.18955791493506724,1.0,0.6512720958178194,0.35065113978688234,0.13461603915116632,0.2185274230149077,-0.5048092178581458,0.27842213608427574,0.26669357182425346,0.03717780903691324
0.5877853649012365,0.7276128593980696,0.5252725767342147,0.6924039714977406,0.5872613140797808,0.5321185479436156,0.1355119904680451,0.5857468672767475,0.08141755874048447,0.19311688213113032,0.6512720958178194,1.0,0.22953290185115255,0.4035385765687451,0.178591209214528,-0.3899280122613866,0.39179133052961507,0.306039127654338,0.04243212273715991
0.3792427394201723,0.23891887168531203,0.528064035044763,0.356537339755115,0.5280841584689313,0.2861044173346279,0.5982626974119736,0.10294637955289859,0.4090085188834127,0.12214894420833156,0.35065113978688234,0.22953290185115255,1.0,0.2390639048292479,0.47585329612983235,0.11971029198482669,0.3497696553538491,0.45599509710043495,0.2669767517121113
0.32967149259360123,0.3844779165681074,0.39779217975248177,0.5739044170319515,0.31516266724724296,0.5674786981889476,0.3421664394047021,0.29600940658465724,0.27843741248944176,0.30732271966447255,0.13461603915116632,0.4035385765687451,0.2390639048292479,1.0,0.17067100581075925,0.2512710030981096,0.5017395060653296,0.4730316809054157,0.4007950565701475
0.16394782529666024,0.1290788713035821,0.22301656210535006,0.15318072592791734,0.31233065133602944,0.15209894875476207,0.30987763696684234,0.2127271884216349,0.3049051391754724,0.0697162611328256,0.2185274230149077,0.178591209214528,0.47585329612983235,0.17067100581075925,1.0,-0.023729800208033478,0.05908734573591885,0.24301311738415948,0.12640328313831703
-0.09639175144492919,-0.17107204940029078,-0.1233162794859769,-0.2548316335703038,-0.39578228745423005,-0.3273559074823907,0.04980105611758064,-0.6904333143377552,0.00693329716127309,-0.2782478244417433,-0.5048092178581458,-0.3899280122613866,0.11971029198482669,0.2512710030981096,-0.023729800208033478,1.0,0.03860222691929136,0.015566819994380358,0.11591543685382656
0.4985247131188549,0.360557200723346,0.7719650831625937,0.6506139494672273,0.4295851491722463,0.5702620600068853,0.5340748652484224,0.2162714961415513,0.24958091962759543,0.2022154441690417,0.27842213608427574,0.39179133052961507,0.3497696553538491,0.5017395060653296,0.05908734573591885,0.03860222691929136,1.0,0.6197273925712662,0.4453210918265062
0.2235764878764074,0.27013582068574016,0.5394636898055466,0.6371434443789458,0.6502178147728811,0.6861821299754831,0.6721543301852625,0.32965651733330065,0.4961753073551882,0.37378383868952825,0.26669357182425346,0.306039127654338,0.45599509710043495,0.4730316809054157,0.24301311738415948,0.015566819994380358,0.6197273925712662,1.0,0.6642114958515858
0.09746170511117029,0.04469049716188019,0.33376432390060384,0.3276546868144584,0.49483211428693213,0.48797854048489436,0.7124120985473336,0.2789306960986553,0.6556233247762628,0.43490389290287473,0.03717780903691324,0.04243212273715991,0.2669767517121113,0.4007950565701475,0.12640328313831703,0.11591543685382656,0.4453210918265062,0.6642114958515858,1.0
