0,1,2,3,4,5,6,7,8,9,10,11,12,13,14,15,16,17,18
1.0,0.49609640985000897,0.752444561124338,0.30674402076716495,-0.25086898643872946,0.09274982953702139,-0.14563853621213477,-0.08997304468272259,-0.22080107702085913,-0.07598624276478108,0.6356668801187021,0.3384666914945731,-0.10706646607141826,0.021001333969545267,-0.1709703330946756,-0.0696584378008997,0.3865193495702117,0.17191698157850843,-0.20220825518102986
0.49609640985000897,1.0,0.3416102350476491,0.5120252795374906,-0.16248286429371867,0.32500667088589025,0.03520119833682614,0.031032104323565943,-0.11123780148972268,-0.0017205734969097078,0.17932954918647906,0.8300572404378419,-0.040137078255318884,0.3145328702694472,-0.18110508313034182,-0.020117349513849796,0.3789995528068725,0.23128158537528826,-0.03667692571003244
0.752444561124338,0.3416102350476491,1.0,0.3808706292648191,-0.1809071947746676,0.1661542190031414,-0.031092032336100906,-0.20385076897358778,-0.1844968085162157,-0.19538571649567466,0.5875562404135068,0.23416417429245306,0.0853742699667599,-0.0088403474409099,-0.05234301137992686,-0.08840163763936765,0.6165411555393743,0.22438172393494532,-0.1634468779780882
0.30674402076716495,0.5120252795374906,0.3808706292648191,1.0,-0.05692389615187956,0.6555984013749622,-0.021991902783260412,0.06788847022794074,-0.25373800240193983,0.00610693733429121,0.20960666566555822,0.4305487932753303,-0.043628419211940245,0.1836753572779636,-0.23823896991008153,-0.027865405204604995,0.5079245737483431,0.4230981167324854,-0.14710085713251897
-0.25086898643872946,-0.16248286429371867,-0.1809071947746676,-0.05692389615187956,1.0,-0.12394471096072637,-0.2619639114588112,-0.27595116538116743,-0.3766741270301769,-0.19883369491529804,-0.2591422354396243,-0.17501690352660637,-0.20248538915944722,-0.14897806982811984,-0.36075784267448735,-0.12001455252001308,-0.18498065264726118,0.06107164836742519,-0.33343251590551604
0.09274982953702139,0.32500667088589025,0.1661542190031414,0.6555984013749622,-0.12394471096072637,1.0,-0.06773304123420891,0.30649925450030713,-0.048925647897905836,0.21865494285322906,0.1360592906834788,0.2868414544828505,0.1791484810760041,0.32586671295918435,0.1092736516092576,0.18665066652235354,0.2387792867924331,0.5665774551211248,-0.14817347638783127
-0.14563853621213477,0.03520119833682614,-0.031092032336100906,-0.021991902783260412,-0.2619639114588112,-0.06773304123420891,1.0,0.1442944144692534,0.7538882574402876,0.14488040217961456,-0.16925073568311383,0.12780111882272457,0.5241839230078261,-0.06069351482055281,0.6621252854664167,0.022152984148941728,0.1320061432015473,0.027054739889370377,0.7850837890492977
-0.08997304468272259,0.031032104323565943,-0.20385076897358778,0.06788847022794074,-0.27595116538116743,0.30649925450030713,0.1442944144692534,1.0,0.46964690512111534,0.9311712307635676,-0.02093735148117912,0.022372315638629257,0.15950479835245918,0.26113592577943845,0.3650341017744689,0.5152811872333415,-0.20406201075834957,0.24246292255418506,0.32766535280740333
-0.22080107702085913,-0.11123780148972268,-0.1844968085162157,-0.25373800240193983,-0.3766741270301769,-0.048925647897905836,0.7538882574402876,0.46964690512111534,1.0,0.48855741219637,-0.21000081993198116,0.012448799368421132,0.4538432785516216,0.030179243061502645,0.7729019364802538,0.2530391173525808,-0.06532284027551681,-0.17728333656951326,0.853733632430847
-0.07598624276478108,-0.0017205734969097078,-0.19538571649567466,0.00610693733429121,-0.19883369491529804,0.21865494285322906,0.14488040217961456,0.9311712307635676,0.48855741219637,1.0,-0.055583808543318326,0.023164689731954728,0.15539607876239603,0.21560734625091535,0.35602669068131554,0.5218458586843193,-0.21620713862556212,0.17886043806323632,0.32508324328519217
0.6356668801187021,0.17932954918647906,0.5875562404135068,0.20960666566555822,-0.2591422354396243,0.1360592906834788,-0.16925073568311383,-0.02093735148117912,-0.21000081993198116,-0.055583808543318326,1.0,0.0813939265043113,0.10210906925967062,0.2008628736193348,-0.09445345565376964,0.00602887959801857,0.16541110556087424,0.06512521318972918,-0.24778842604105197
0.3384666914945731,0.8300572404378419,0.23416417429245306,0.4305487932753303,-0.17501690352660637,0.2868414544828505,0.12780111882272457,0.022372315638629257,0.012448799368421132,0.023164689731954728,0.0813939265043113,1.0,0.09083680941846112,0.39979449659361205,-0.04974272006338067,-0.0229227498145777,0.35499813711471556,0.10798599024078605,0.03061140239528551
-0.10706646607141826,-0.040137078255318884,0.0853742699667599,-0.043628419211940245,-0.20248538915944722,0.1791484810760041,0.5241839230078261,0.15950479835245918,0.4538432785516216,0.15539607876239603,0.10210906925967062,0.09083680941846112,1.0,0.1978968727844138,0.69879300921808,0.11606336341267677,0.08258641058041401,-0.11722415301784983,0.33750702008917327
0.021001333969545267,0.3145328702694472,-0.0088403474409099,0.1836753572779636,-0.14897806982811984,0.32586671295918435,-0.06069351482055281,0.26113592577943845,0.030179243061502645,0.21560734625091535,0.2008628736193348,0.39979449659361205,0.1978968727844138,1.0,0.015277090852285246,0.3416189523453013,0.07838829147339034,0.07668696552252643,-0.0834637629213453
-0.1709703330946756,-0.18110508313034182,-0.05234301137992686,-0.23823896991008153,-0.36075784267448735,0.1092736516092576,0.6621252854664167,0.3650341017744689,0.7729019364802538,0.35602669068131554,-0.09445345565376964,-0.04974272006338067,0.69879300921808,0.015277090852285246,1.0,0.2719216332404798,-0.002687593364948246,-0.2192916584210339,0.6634191827279103
-0.0696584378008997,-0.020117349513849796,-0.08840163763936765,-0.027865405204604995,-0.12001455252001308,0.18665066652235354,0.022152984148941728,0.5152811872333415,0.2530391173525808,0.5218458586843193,0.00602887959801857,-0.0229227498145777,0.11606336341267677,0.3416189523453013,0.2719216332404798,1.0,-0.08546458089092224,0.047165522976198644,0.08361557976380712
0.3865193495702117,0.3789995528068725,0.6165411555393743,0.5079245737483431,-0.18498065264726118,0.2387792867924331,0.1320061432015473,-0.20406201075834957,-0.06532284027551681,-0.21620713862556212,0.16541110556087424,0.35499813711471556,0.08258641058041401,0.07838829147339034,-0.002687593364948246,-0.08546458089092224,1.0,0.2644906419470977,0.04266992855453021
0.17191698157850843,0.23128158537528826,0.22438172393494532,0.4230981167324854,0.06107164836742519,0.5665774551211248,0.027054739889370377,0.24246292255418506,-0.17728333656951326,0.17886043806323632,0.06512521318972918,0.10798599024078605,-0.11722415301784983,0.07668696552252643,-0.2192916584210339,0.047165522976198644,0.2644906419470977,1.0,-0.028667365651450248
-0.20220825518102986,-0.03667692571003244,-0.1634468779780882,-0.14710085713251897,-0.33343251590551604,-0.14817347638783127,0.7850837890492977,0.32766535280740333,0.853733632430847,0.32508324328519217,-0.24778842604105197,0.03061140239528551,0.33750702008917327,-0.0834637629213453,0.6634191827279103,0.08361557976380712,0.04266992855453021,-0.028667365651450248,1.0
