0,1,2,3,4,5,6,7,8,9,10,11,12,13,14,15,16,17,18
1.0,0.40360993503566595,0.6486647048745923,0.25962282022172534,0.12341449134080834,0.06334462314362801,-0.3592714505880807,-0.11852315821760918,-0.3183274418952978,-0.09052387784885184,0.7037633672505141,0.33116067220486334,-0.11184766204688172,0.13054308534456094,-0.3423061895703034,0.0742301857053203,0.23253037516816674,0.06759623608669187,-0.3689397354191607
0.40360993503566595,1.0,0.22298667053144758,0.5301009568132761,0.06527592514077098,0.3672304617648083,-0.17966113206109766,0.07646663840680078,-0.2747770474281184,0.034694630344523136,0.10679035628092098,0.7675130715747912,-0.021677773553601624,0.42778687929714204,-0.3265863375956103,0.2505005294736544,0.3105906645475141,0.21713334783971366,-0.23975783748243193
0.6486647048745923,0.22298667053144758,1.0,0.3851578189556265,0.10728934737881594,0.18411170198088264,-0.275021231779249,-0.041023437842476945,-0.3163392602026378,-0.044236785618749455,0.6146797320868685,0.0026259433989639144,0.046843887771251355,0.12552597093110668,-0.16822161941380054,0.0029996703169688395,0.41178029425051316,0.18358788201438056,-0.35314724319958946
0.25962282022172534,0.5301009568132761,0.3851578189556265,1.0,0.10659362940318569,0.7593157298212985,-0.12869537224754254,0.2659838256703707,-0.29222387410992107,0.1673152976124333,0.1786851952499707,0.33851775466775086,0.049596380698226306,0.3463728827034052,-0.19395030124243573,0.2457950797780016,0.5235234856240533,0.5401911364046902,-0.23138806635174397
0.12341449134080834,0.06527592514077098,0.10728934737881594,0.10659362940318569,1.0,0.03307403854578958,-0.06327992707769739,-0.19865438451069622,-0.27870333247239687,-0.13118434361787965,0.10127472228734735,0.11274346813126268,0.13606534905413026,-0.0736557432137812,-0.11983723300266026,0.010644396698178087,0.12685799936877754,0.14050695352548573,-0.1965298677647845
0.06334462314362801,0.3672304617648083,0.18411170198088264,0.7593157298212985,0.03307403854578958,1.0,-0.20635448177936785,0.34352547209562706,-0.23372346553017653,0.20874573184800377,0.1406104528586972,0.20841930598904782,0.09411446931068329,0.3639592923700255,0.05093888873976861,0.3581531767082579,0.31716497136670496,0.6960019051014521,-0.28605774339986495
-0.3592714505880807,-0.17966113206109766,-0.275021231779249,-0.12869537224754254,-0.06327992707769739,-0.20635448177936785,1.0,0.04694437563797491,0.6335050550505529,0.03139309918941097,-0.2945006195704047,-0.11386344395923584,0.48498011507818534,-0.10016676783169083,0.5928296356059077,-0.13012966431516929,-0.17022683867997848,-0.03692373674898847,0.687183614701831
-0.11852315821760918,0.07646663840680078,-0.041023437842476945,0.2659838256703707,-0.19865438451069622,0.34352547209562706,0.04694437563797491,1.0,0.38770460238415116,0.9325838317969151,-0.02898431153505443,-0.05815517992047588,0.0036635369111194574,0.19802608453589002,0.3862568423004983,0.5659227940330227,-0.17334013238784132,0.23002179985858662,0.19377780275375298
-0.3183274418952978,-0.2747770474281184,-0.3163392602026378,-0.29222387410992107,-0.27870333247239687,-0.23372346553017653,0.6335050550505529,0.38770460238415116,1.0,0.40258065048169556,-0.28150311641533615,-0.23976910160940432,0.08081820058712234,-0.158914194479054,0.5239940853738271,0.08192250430128441,-0.33314517322859555,-0.2463566698264245,0.7839843163467357
-0.09052387784885184,0.034694630344523136,-0.044236785618749455,0.1673152976124333,-0.13118434361787965,0.20874573184800377,0.03139309918941097,0.9325838317969151,0.40258065048169556,1.0,-0.03462483357165158,-0.050935922590038804,-0.022549259033860725,0.10025221448587039,0.35884116819742745,0.550244748448666,-0.2107657588196037,0.11759781689731322,0.17953858635152983
0.7037633672505141,0.10679035628092098,0.6146797320868685,0.1786851952499707,0.10127472228734735,0.1406104528586972,-0.2945006195704047,-0.02898431153505443,-0.28150311641533615,-0.03462483357165158,1.0,-0.03076074667913962,0.053736382193731454,0.18061588724758704,-0.15017924677499528,0.06498877732148076,0.018462353412082477,0.06874624501798018,-0.348972531461841
0.33116067220486334,0.7675130715747912,0.0026259433989639144,0.33851775466775086,0.11274346813126268,0.20841930598904782,-0.11386344395923584,-0.05815517992047588,-0.23976910160940432,-0.050935922590038804,-0.03076074667913962,1.0,0.04826220963800677,0.36483109371013733,-0.2932069739564521,0.28521634513815286,0.3038447968693349,0.15398837596638845,-0.19757342467357755
-0.11184766204688172,-0.021677773553601624,0.046843887771251355,0.049596380698226306,0.13606534905413026,0.09411446931068329,0.48498011507818534,0.0036635369111194574,0.08081820058712234,-0.022549259033860725,0.053736382193731454,0.04826220963800677,1.0,0.15675500533733838,0.49918393654999826,0.013353646612940927,0.0008242501832094307,0.053079195248072565,0.09348327059520978
0.13054308534456094,0.42778687929714204,0.12552597093110668,0.3463728827034052,-0.0736557432137812,0.3639592923700255,-0.10016676783169083,0.19802608453589002,-0.158914194479054,0.10025221448587039,0.18061588724758704,0.36483109371013733,0.15675500533733838,1.0,-0.06283538104761853,0.32345301122167175,0.2198465636500259,0.26324610384593206,-0.10619382883788012
-0.3423061895703034,-0.3265863375956103,-0.16822161941380054,-0.19395030124243573,-0.11983723300266026,0.05093888873976861,0.5928296356059077,0.3862568423004983,0.5239940853738271,0.35884116819742745,-0.15017924677499528,-0.2932069739564521,0.49918393654999826,-0.06283538104761853,1.0,0.1902571070553828,-0.345325471701164,-0.14147812242533966,0.47223911682381153
0.0742301857053203,0.2505005294736544,0.0029996703169688395,0.2457950797780016,0.010644396698178087,0.3581531767082579,-0.13012966431516929,0.5659227940330227,0.08192250430128441,0.550244748448666,0.06498877732148076,0.28521634513815286,0.013353646612940927,0.32345301122167175,0.1902571070553828,1.0,-0.09384188222909157,0.12778431411894758,-0.1564274706038933
0.23253037516816674,0.3105906645475141,0.41178029425051316,0.5235234856240533,0.12685799936877754,0.31716497136670496,-0.17022683867997848,-0.17334013238784132,-0.33314517322859555,-0.2107657588196037,0.018462353412082477,0.3038447968693349,0.0008242501832094307,0.2198465636500259,-0.345325471701164,-0.09384188222909157,1.0,0.44412337499663407,-0.20870507972010208
0.06759623608669187,0.21713334783971366,0.18358788201438056,0.5401911364046902,0.14050695352548573,0.6960019051014521,-0.03692373674898847,0.23002179985858662,-0.2463566698264245,0.11759781689731322,0.06874624501798018,0.15398837596638845,0.053079195248072565,0.26324610384593206,-0.14147812242533966,0.12778431411894758,0.44412337499663407,1.0,-0.061250311516579864
-0.3689397354191607,-0.23975783748243193,-0.35314724319958946,-0.23138806635174397,-0.1965298677647845,-0.28605774339986495,0.687183614701831,0.19377780275375298,0.7839843163467357,0.17953858635152983,-0.348972531461841,-0.19757342467357755,0.09348327059520978,-0.10619382883788012,0.47223911682381153,-0.1564274706038933,-0.20870507972010208,-0.061250311516579864,1.0
