0,1,2,3,4,5,6,7,8,9,10,11,12,13,14,15,16,17,18
1.0,0.3762570858929743,0.6750939034608257,0.25048758850880287,0.04574658421958067,0.14826261640460872,-0.2745916657191456,-0.11606912624909382,-0.2851749736056465,-0.07705172182001732,0.26543500447853946,0.2562000123962186,-0.09387059120459582,-0.07394369607726277,-0.058807423074647966,-0.017056904232130975,0.27031755158209736,0.09433658457105744,-0.26000875729383705
0.3762570858929743,1.0,0.28339757938293525,0.5903568504356177,0.22129262955080042,0.43410411298499657,-0.056362533536521424,0.01941035850961917,-0.2231000869346016,0.02165885033947912,0.013656120439218405,0.8089369700969379,-0.02891123332102022,0.2273565523095324,-0.11555099452643366,-0.02549430769561609,0.3248753393477277,0.24202513556469504,-0.152049187018707
0.6750939034608257,0.28339757938293525,1.0,0.3435001516895604,0.2481198047693482,0.11372881749011898,-0.2469007807435264,-0.26075161946908165,-0.3928913639452814,-0.23381892362552825,0.49605929017118783,0.22579858313448356,0.008988053688382026,-0.10890379783606728,-0.19955577843404193,-0.18274152009125444,0.4826109969424034,0.10398725963605514,-0.3937483141195942
0.25048758850880287,0.5903568504356177,0.3435001516895604,1.0,0.2830577867164061,0.730850952325838,-0.12263812111950402,0.10410738573253395,-0.2781340391981226,0.08368910243838358,0.09477770319963937,0.5286612970078841,-0.022266850671390843,0.26956371611422075,-0.19368666585935296,0.016908324892512476,0.5371961376761549,0.46554069969195633,-0.258830779008872
0.04574658421958067,0.22129262955080042,0.2481198047693482,0.2830577867164061,1.0,0.2010079484161943,0.4134543683907448,0.012606966693662548,0.007962823020622824,0.05385912567327987,-0.11009893075128512,0.26490274336608355,0.47219447357487077,0.20674445933444197,0.26073706999167756,0.032588086216211044,0.2835044417622263,0.27235553120254286,0.05901092237968795
0.14826261640460872,0.43410411298499657,0.11372881749011898,0.730850952325838,0.2010079484161943,1.0,-0.0705842084547695,0.30771040498021973,-0.047059176414515895,0.2488657677701906,0.026997160540528933,0.376018659777237,0.1413351929012133,0.33117820737809855,0.1535606952355636,0.2558674507608425,0.31835804390270067,0.6957211138928304,-0.1446257669382071
-0.2745916657191456,-0.056362533536521424,-0.2469007807435264,-0.12263812111950402,0.4134543683907448,-0.0705842084547695,1.0,0.16651451638535134,0.626224982395174,0.15150993249599362,-0.36177430962584933,-0.01448338366309217,0.5824505530098132,0.07597836626770287,0.6625262161374218,0.1784437342654013,-0.11139591509818095,0.11492752644408762,0.714453942118634
-0.11606912624909382,0.01941035850961917,-0.26075161946908165,0.10410738573253395,0.012606966693662548,0.30771040498021973,0.16651451638535134,1.0,0.5840043191763139,0.9375177142266711,-0.07155295005706555,0.007230256014625728,0.19121037408963332,0.258870922525731,0.44240346161935235,0.5772274395175563,-0.2165301265787481,0.20756723598911905,0.378521544517865
-0.2851749736056465,-0.2231000869346016,-0.3928913639452814,-0.2781340391981226,0.007962823020622824,-0.047059176414515895,0.626224982395174,0.5840043191763139,1.0,0.5665048961488134,-0.2376527360741609,-0.14242515468994943,0.30715949779298174,0.07149499832974403,0.6312994334383151,0.3951563488407467,-0.3252221773104034,-0.11227692750208418,0.7990273742363658
-0.07705172182001732,0.02165885033947912,-0.23381892362552825,0.08368910243838358,0.05385912567327987,0.2488657677701906,0.15150993249599362,0.9375177142266711,0.5665048961488134,1.0,-0.043359730736704204,0.030223731845226993,0.17921194561512374,0.2439993468128322,0.39889239384401787,0.5748618125737144,-0.22333230364627718,0.15574515653303514,0.3426424824574653
0.26543500447853946,0.013656120439218405,0.49605929017118783,0.09477770319963937,-0.11009893075128512,0.026997160540528933,-0.36177430962584933,-0.07155295005706555,-0.2376527360741609,-0.043359730736704204,1.0,-0.014922345436430196,-0.19410526008459256,-0.21373755524236485,-0.36526705257075,-0.04718234585090843,0.09990260758523528,-0.006069050116140741,-0.33455692006557186
0.2562000123962186,0.8089369700969379,0.22579858313448356,0.5286612970078841,0.26490274336608355,0.376018659777237,-0.01448338366309217,0.007230256014625728,-0.14242515468994943,0.030223731845226993,-0.014922345436430196,1.0,0.05708020219813778,0.3428089059863494,-0.02789583878435901,0.016777188447776058,0.34160107044117094,0.12921902368511118,-0.09883091447934653
-0.09387059120459582,-0.02891123332102022,0.008988053688382026,-0.022266850671390843,0.47219447357487077,0.1413351929012133,0.5824505530098132,0.19121037408963332,0.30715949779298174,0.17921194561512374,-0.19410526008459256,0.05708020219813778,1.0,0.2490328006395026,0.6457930782947442,0.3281431979854994,-0.01763783702275427,0.15033040576273704,0.33364076583132923
-0.07394369607726277,0.2273565523095324,-0.10890379783606728,0.26956371611422075,0.20674445933444197,0.33117820737809855,0.07597836626770287,0.258870922525731,0.07149499832974403,0.2439993468128322,-0.21373755524236485,0.3428089059863494,0.2490328006395026,1.0,0.19070973616060483,0.39946877240751194,0.09026125132515726,0.11755911548853766,-0.012089904584374589
-0.058807423074647966,-0.11555099452643366,-0.19955577843404193,-0.19368666585935296,0.26073706999167756,0.1535606952355636,0.6625262161374218,0.44240346161935235,0.6312994334383151,0.39889239384401787,-0.36526705257075,-0.02789583878435901,0.6457930782947442,0.19070973616060483,1.0,0.49344234349668986,-0.1380942175502566,0.0016313660664601846,0.6372076992225666
-0.017056904232130975,-0.02549430769561609,-0.18274152009125444,0.016908324892512476,0.032588086216211044,0.2558674507608425,0.1784437342654013,0.5772274395175563,0.3951563488407467,0.5748618125737144,-0.04718234585090843,0.016777188447776058,0.3281431979854994,0.39946877240751194,0.49344234349668986,1.0,-0.18769830416230124,0.08103732755395232,0.23754807151366797
0.27031755158209736,0.3248753393477277,0.4826109969424034,0.5371961376761549,0.2835044417622263,0.31835804390270067,-0.11139591509818095,-0.2165301265787481,-0.3252221773104034,-0.22333230364627718,0.09990260758523528,0.34160107044117094,-0.01763783702275427,0.09026125132515726,-0.1380942175502566,-0.18769830416230124,1.0,0.26892281934500945,-0.26252336142640165
0.09433658457105744,0.24202513556469504,0.10398725963605514,0.46554069969195633,0.27235553120254286,0.6957211138928304,0.11492752644408762,0.20756723598911905,-0.11227692750208418,0.15574515653303514,-0.006069050116140741,0.12921902368511118,0.15033040576273704,0.11755911548853766,0.0016313660664601846,0.08103732755395232,0.26892281934500945,1.0,0.02224640983544502
-0.26000875729383705,-0.152049187018707,-0.3937483141195942,-0.258830779008872,0.05901092237968795,-0.1446257669382071,0.714453942118634,0.378521544517865,0.7990273742363658,0.3426424824574653,-0.33455692006557186,-0.09883091447934653,0.33364076583132923,-0.012089904584374589,0.6372076992225666,0.23754807151366797,-0.26252336142640165,0.02224640983544502,1.0
