0,1,2,3,4,5,6,7,8,9,10,11,12,13,14,15,16,17,18
1.0,0.4660371028541922,0.6731877725601898,0.1737835806467188,0.054729070588206544,-0.024328013140701397,-0.2699412859516361,-0.24848617301199227,-0.27607216698277603,-0.20351004317411572,0.5689129791136067,0.30812295961295033,-0.06675517045392089,0.01608100384081231,-0.2880557670084644,-0.1240569117274152,0.3452710076901049,-0.023000908258145828,-0.31347353620626356
0.4660371028541922,1.0,0.3255219336314032,0.6132092808414105,-0.1525378000485186,0.4324797669718694,-0.12528751281160708,0.18004565843929835,-0.2747519935524606,0.17057274161496044,0.18806531620462202,0.8148370187566912,-0.046131339892422026,0.34840812565311985,-0.23205028396997487,0.2644352438292984,0.3467147654922308,0.32897331271601127,-0.21601440655006718
0.6731877725601898,0.3255219336314032,1.0,0.3272283724820522,0.16061667761401316,0.1193375926168158,-0.050877836230050155,-0.2652658925876068,-0.28356335627960066,-0.2687029867319744,0.5958642275230253,0.3161138873550097,0.19300581350060408,0.1360231254552282,-0.06888115016850224,-0.16245680233964396,0.5705501823305008,0.15782675881992253,-0.2256379304048252
0.1737835806467188,0.6132092808414105,0.3272283724820522,1.0,-0.02115903565823025,0.7504250025885948,-0.029181362884000413,0.2296526121167862,-0.24639139813469108,0.16571443388676535,-0.005258182003009124,0.5129609485699617,-0.05592591638493666,0.35232229197739384,-0.14160879262796583,0.20479093658216443,0.5017731523996783,0.5121817491192976,-0.18952225188453956
0.054729070588206544,-0.1525378000485186,0.16061667761401316,-0.02115903565823025,1.0,-0.06868313197338209,0.16530484237205512,-0.2655902952476594,0.025367825342694588,-0.2123725729007454,0.09229201881987016,-0.054589893666189306,0.0974683996008895,-0.037741362571340545,0.04079901419197544,-0.17237935880127925,0.09001256383067968,-0.043382439393205116,0.004075088468864692
-0.024328013140701397,0.4324797669718694,0.1193375926168158,0.7504250025885948,-0.06868313197338209,1.0,-0.10135207375976008,0.4519464332315911,-0.07620718030711601,0.35784332155830706,-0.01162017928259989,0.3254859132250548,0.040479616968801826,0.4325142027629279,0.17345951275694824,0.3910612132151358,0.26272245565068664,0.6839593555153135,-0.16875435037076464
-0.2699412859516361,-0.12528751281160708,-0.050877836230050155,-0.029181362884000413,0.16530484237205512,-0.10135207375976008,1.0,0.09949920891753687,0.6598450721125888,0.09225396949491968,-0.02128370319173496,0.0217923924214757,0.525644753695496,-0.01986931953740722,0.6121639196061981,0.05262395951057138,0.038037297662187025,0.09297176734512144,0.74791439293831
-0.24848617301199227,0.18004565843929835,-0.2652658925876068,0.2296526121167862,-0.2655902952476594,0.4519464332315911,0.09949920891753687,1.0,0.4023986886379851,0.9412850825469166,-0.1275907681807186,0.07638854084395096,0.17636164569409224,0.2718158041422564,0.46355374364527385,0.6737588465018093,-0.20733316922959066,0.377899785691422,0.2639124990446262
-0.27607216698277603,-0.2747519935524606,-0.28356335627960066,-0.24639139813469108,0.025367825342694588,-0.07620718030711601,0.6598450721125888,0.4023986886379851,1.0,0.41379986299981214,-0.1396736753414261,-0.19593839359982773,0.3259325003479533,-0.051551881247850886,0.6788311103957393,0.20092541162210617,-0.20855364931803436,-0.11827798039397674,0.838783248946318
-0.20351004317411572,0.17057274161496044,-0.2687029867319744,0.16571443388676535,-0.2123725729007454,0.35784332155830706,0.09225396949491968,0.9412850825469166,0.41379986299981214,1.0,-0.13617158372815477,0.08066263289443307,0.16693965184542695,0.1925622603070846,0.4283392537032485,0.6995595155127897,-0.2256000166242575,0.3229667619840178,0.2692162579361579
0.5689129791136067,0.18806531620462202,0.5958642275230253,-0.005258182003009124,0.09229201881987016,-0.01162017928259989,-0.02128370319173496,-0.1275907681807186,-0.1396736753414261,-0.13617158372815477,1.0,0.21060766889538873,0.4759912348117301,0.22268733819688752,0.13846380201858163,0.028421347619953866,0.21584951995877216,-0.03617699253605116,-0.08954470758593913
0.30812295961295033,0.8148370187566912,0.3161138873550097,0.5129609485699617,-0.054589893666189306,0.3254859132250548,0.0217923924214757,0.07638854084395096,-0.19593839359982773,0.08066263289443307,0.21060766889538873,1.0,0.10219860620100046,0.37885650210835964,-0.10363450353507653,0.25555879066114373,0.3162523036390689,0.20371736009411434,-0.12392008055586971
-0.06675517045392089,-0.046131339892422026,0.19300581350060408,-0.05592591638493666,0.0974683996008895,0.040479616968801826,0.525644753695496,0.17636164569409224,0.3259325003479533,0.16693965184542695,0.4759912348117301,0.10219860620100046,1.0,0.2215877587073514,0.6619721565906017,0.2588342062031511,0.09557444278296673,0.047658073642961735,0.38829467558836916
0.01608100384081231,0.34840812565311985,0.1360231254552282,0.35232229197739384,-0.037741362571340545,0.4325142027629279,-0.01986931953740722,0.2718158041422564,-0.051551881247850886,0.1925622603070846,0.22268733819688752,0.37885650210835964,0.2215877587073514,1.0,0.10855912952756798,0.2986705672791009,0.16641704152756676,0.21548725791964018,-0.10764754932919766
-0.2880557670084644,-0.23205028396997487,-0.06888115016850224,-0.14160879262796583,0.04079901419197544,0.17345951275694824,0.6121639196061981,0.46355374364527385,0.6788311103957393,0.4283392537032485,0.13846380201858163,-0.10363450353507653,0.6619721565906017,0.10855912952756798,1.0,0.41084532987699723,-0.1722470747937385,0.008262108057060928,0.6362740908219287
-0.1240569117274152,0.2644352438292984,-0.16245680233964396,0.20479093658216443,-0.17237935880127925,0.3910612132151358,0.05262395951057138,0.6737588465018093,0.20092541162210617,0.6995595155127897,0.028421347619953866,0.25555879066114373,0.2588342062031511,0.2986705672791009,0.41084532987699723,1.0,-0.12309797766638514,0.25993464201643574,0.11127904824831455
0.3452710076901049,0.3467147654922308,0.5705501823305008,0.5017731523996783,0.09001256383067968,0.26272245565068664,0.038037297662187025,-0.20733316922959066,-0.20855364931803436,-0.2256000166242575,0.21584951995877216,0.3162523036390689,0.09557444278296673,0.16641704152756676,-0.1722470747937385,-0.12309797766638514,1.0,0.3533047224989346,-0.13500275764826905
-0.023000908258145828,0.32897331271601127,0.15782675881992253,0.5121817491192976,-0.043382439393205116,0.6839593555153135,0.09297176734512144,0.377899785691422,-0.11827798039397674,0.3229667619840178,-0.03617699253605116,0.20371736009411434,0.047658073642961735,0.21548725791964018,0.008262108057060928,0.25993464201643574,0.3533047224989346,1.0,-0.01573084341610147
-0.31347353620626356,-0.21601440655006718,-0.2256379304048252,-0.18952225188453956,0.004075088468864692,-0.16875435037076464,0.74791439293831,0.2639124990446262,0.838783248946318,0.2692162579361579,-0.08954470758593913,-0.12392008055586971,0.38829467558836916,-0.10764754932919766,0.6362740908219287,0.11127904824831455,-0.13500275764826905,-0.01573084341610147,1.0
