0,1,2,3,4,5,6,7,8,9,10,11,12,13,14,15,16,17,18
1.0,0.47042862673715913,0.6214146469242046,0.3371798898302001,-0.0005253852396650368,0.1841252213259358,-0.41635485712315945,-0.14125778313531295,-0.40399234632593867,-0.1287201869502322,0.5875494069416874,0.3532776641606314,-0.10734854300457336,0.2474308776859187,-0.43028582972217205,-0.0781044196910133,0.18932864989309175,0.048968005574693836,-0.5336314815227484
0.47042862673715913,1.0,0.24536117216904266,0.6561031409469616,0.03365819626766286,0.5214329161732084,-0.20540099772528517,0.16015062882300968,-0.3252800747115866,0.13132785887979564,-0.003983032268303587,0.8716466477214447,-0.09744897485179826,0.4244305589088701,-0.4005019795650827,0.2177167500133009,0.261262201607823,0.31805213844352936,-0.3924054076145711
0.6214146469242046,0.24536117216904266,1.0,0.37705730438334556,0.1958595095903693,0.14169127425780517,-0.14126518354315196,-0.3410575417223387,-0.40529907187271785,-0.3356764434310555,0.5782756857362719,0.08733736174409695,0.08341608826413838,0.06501375891287027,-0.23324124211525565,-0.178249241224621,0.5042631187547717,0.11035591991707029,-0.4415743871910872
0.3371798898302001,0.6561031409469616,0.37705730438334556,1.0,0.08308307777398789,0.7510836266675764,-0.17048884236670625,0.16332975733071323,-0.4019585440021363,0.09200223491437984,0.137336411280345,0.5419243902459066,-0.13152023199772936,0.3539635716610649,-0.36012414497950285,0.17633691858356154,0.4393282347083941,0.4730375712043782,-0.3972297085445478
-0.0005253852396650368,0.03365819626766286,0.1958595095903693,0.08308307777398789,1.0,0.07377140733398661,0.357870024747474,-0.13782436440003415,0.07993780225938768,-0.048190326483975664,0.04489325283136043,0.044161313650142114,0.33530562183188817,0.0090178552646671,0.18323876620136997,-0.11163751908113428,0.13016173581731727,0.17523029394341794,0.08260362334897774
0.1841252213259358,0.5214329161732084,0.14169127425780517,0.7510836266675764,0.07377140733398661,1.0,-0.15725861828027,0.30478240678552865,-0.18439086447810005,0.2039965144154818,0.05857834516284273,0.46266673439189376,-0.007713854157210757,0.41548533731949655,-0.03353931793854609,0.3129732010120606,0.19722342814884553,0.6031329036238557,-0.32323932781088427
-0.41635485712315945,-0.20540099772528517,-0.14126518354315196,-0.17048884236670625,0.357870024747474,-0.15725861828027,1.0,-0.051815903508114936,0.6443516277129977,-0.04531286715019248,-0.21982563707231875,-0.11697198602058648,0.5488180186896695,-0.17010295840412623,0.6601872910409607,-0.09946066354412429,0.04675024702679259,0.045615642796841986,0.6790590823704856
-0.14125778313531295,0.16015062882300968,-0.3410575417223387,0.16332975733071323,-0.13782436440003415,0.30478240678552865,-0.051815903508114936,1.0,0.34870508055514465,0.9438043153705323,-0.19390254789687042,0.15086205572190964,-0.12174166347190972,0.17668130587721917,0.20174303382461,0.5989629369873734,-0.23854301841027648,0.2635961748719621,0.1771158418534979
-0.40399234632593867,-0.3252800747115866,-0.40529907187271785,-0.4019585440021363,0.07993780225938768,-0.18439086447810005,0.6443516277129977,0.34870508055514465,1.0,0.3846426582859811,-0.27448124240840455,-0.1994997837336961,0.28474910839111833,-0.1899169542987491,0.7230039636751185,0.1617892679344524,-0.18042531216423063,-0.20962798925912784,0.8385317926742826
-0.1287201869502322,0.13132785887979564,-0.3356764434310555,0.09200223491437984,-0.048190326483975664,0.2039965144154818,-0.04531286715019248,0.9438043153705323,0.3846426582859811,1.0,-0.18979548731190857,0.12888426780629486,-0.1150672883422451,0.1168393746959598,0.20455050288575286,0.5912436025724307,-0.24794726804026893,0.17356049811939966,0.20256779024856444
0.5875494069416874,-0.003983032268303587,0.5782756857362719,0.137336411280345,0.04489325283136043,0.05857834516284273,-0.21982563707231875,-0.19390254789687042,-0.27448124240840455,-0.18979548731190857,1.0,-0.09578881364146888,0.20655145344316586,0.04501249243399756,-0.08247125950509031,-0.1309466453601147,0.15541104277271245,-0.0850413867914591,-0.2923522687621831
0.3532776641606314,0.8716466477214447,0.08733736174409695,0.5419243902459066,0.044161313650142114,0.46266673439189376,-0.11697198602058648,0.15086205572190964,-0.1994997837336961,0.12888426780629486,-0.09578881364146888,1.0,0.014361092554705145,0.49018914387250595,-0.2669745993497166,0.22954790263597458,0.2864050792854481,0.27123224408499336,-0.2520797294066429
-0.10734854300457336,-0.09744897485179826,0.08341608826413838,-0.13152023199772936,0.33530562183188817,-0.007713854157210757,0.5488180186896695,-0.12174166347190972,0.28474910839111833,-0.1150672883422451,0.20655145344316586,0.014361092554705145,1.0,0.14273818480294792,0.6150051915876955,-0.09295420990194744,0.1520116173046843,-0.11247265071873612,0.25630156057029124
0.2474308776859187,0.4244305589088701,0.06501375891287027,0.3539635716610649,0.0090178552646671,0.41548533731949655,-0.17010295840412623,0.17668130587721917,-0.1899169542987491,0.1168393746959598,0.04501249243399756,0.49018914387250595,0.14273818480294792,1.0,-0.10691583750133098,0.2668063882622467,0.05098779129935759,0.14371150975063143,-0.3103680808078735
-0.43028582972217205,-0.4005019795650827,-0.23324124211525565,-0.36012414497950285,0.18323876620136997,-0.03353931793854609,0.6601872910409607,0.20174303382461,0.7230039636751185,0.20455050288575286,-0.08247125950509031,-0.2669745993497166,0.6150051915876955,-0.10691583750133098,1.0,0.17149320554617886,-0.12444471143233757,-0.21514038836389243,0.6540575985370114
-0.0781044196910133,0.2177167500133009,-0.178249241224621,0.17633691858356154,-0.11163751908113428,0.3129732010120606,-0.09946066354412429,0.5989629369873734,0.1617892679344524,0.5912436025724307,-0.1309466453601147,0.22954790263597458,-0.09295420990194744,0.2668063882622467,0.17149320554617886,1.0,-0.23070310364858918,0.06786153870444,-0.02691438878119454
0.18932864989309175,0.261262201607823,0.5042631187547717,0.4393282347083941,0.13016173581731727,0.19722342814884553,0.04675024702679259,-0.23854301841027648,-0.18042531216423063,-0.24794726804026893,0.15541104277271245,0.2864050792854481,0.1520116173046843,0.05098779129935759,-0.12444471143233757,-0.23070310364858918,1.0,0.25748955413394564,-0.06460009670746092
0.048968005574693836,0.31805213844352936,0.11035591991707029,0.4730375712043782,0.17523029394341794,0.6031329036238557,0.045615642796841986,0.2635961748719621,-0.20962798925912784,0.17356049811939966,-0.0850413867914591,0.27123224408499336,-0.11247265071873612,0.14371150975063143,-0.21514038836389243,0.06786153870444,0.25748955413394564,1.0,-0.0973061913914381
-0.5336314815227484,-0.3924054076145711,-0.4415743871910872,-0.3972297085445478,0.08260362334897774,-0.32323932781088427,0.6790590823704856,0.1771158418534979,0.8385317926742826,0.20256779024856444,-0.2923522687621831,-0.2520797294066429,0.25630156057029124,-0.3103680808078735,0.6540575985370114,-0.02691438878119454,-0.06460009670746092,-0.0973061913914381,1.0
