0,1,2,3,4,5,6,7,8,9,10,11,12,13,14,15,16,17,18
1.0,0.6652823173726841,0.8118618910210016,0.7685631442385221,0.613100268115377,0.37763588396401715,0.021362626697633568,-0.0464324517350997,-0.05452999147081246,-0.03432279566516709,0.9115526382474801,0.7381737763049893,0.6753517313636028,0.6059992407136271,0.39708442236806996,0.3983779328567975,0.5456919946925523,0.2770586189684169,0.09176025220602521
0.6652823173726841,1.0,0.7316574680304676,0.5830247134934387,0.4529710931079715,0.6078672551974054,0.31153319656473605,0.3036023420026249,0.17478617404352917,0.27920444344784723,0.5676256479626728,0.5874446945957736,0.5277661910668195,0.5006242683645733,0.32706264930161144,0.33556325642712537,0.6631714688821903,0.5324805654869176,0.2935952497427232
0.8118618910210016,0.7316574680304676,1.0,0.7099992004278628,0.6718205553737674,0.5442177508046763,0.04720419410457287,0.07954110301728884,-0.09743535860806726,0.0733920072863747,0.7037775946580026,0.6895177657226116,0.6895446082040332,0.6186085207287115,0.3793864752012668,0.4135578259982828,0.6635976252785751,0.4885233434192514,0.11877608500960615
0.7685631442385221,0.5830247134934387,0.7099992004278628,1.0,0.8309504908823375,0.5601516544486408,0.26215873937374173,0.1937470086573106,0.24092504229116538,0.23344888036976058,0.8408835433970417,0.8728615044699785,0.8162386759941598,0.815413306539088,0.7438017649910952,0.6695668169901133,0.5282144906682605,0.3863920534794315,0.32089906624495973
0.613100268115377,0.4529710931079715,0.6718205553737674,0.8309504908823375,1.0,0.636039152252566,0.4805684648035132,0.26607833693023475,0.31638648660218277,0.3068377128256161,0.6776206627777783,0.7536021301295645,0.8399644172158329,0.7623093418077969,0.7264721109909391,0.6258502679026456,0.4926227473338359,0.5422385546672511,0.5196730679355055
0.37763588396401715,0.6078672551974054,0.5442177508046763,0.5601516544486408,0.636039152252566,1.0,0.6827260072408435,0.7556545214987428,0.44061831515253147,0.7129333374217165,0.3548371650086399,0.36972660076649805,0.5920284194398819,0.6214167475630943,0.4141844565983498,0.5195161453594908,0.6606558390987104,0.8548577131768291,0.6890676319226695
0.021362626697633568,0.31153319656473605,0.04720419410457287,0.26215873937374173,0.4805684648035132,0.6827260072408435,1.0,0.7266126711527988,0.6751097858183936,0.7066418697911334,0.07712366420800797,0.10061494365980454,0.3220879171957658,0.28694103753180067,0.2798809464854609,0.3343089793335061,0.34764588756250436,0.6965582011798546,0.8649718176476697
-0.0464324517350997,0.3036023420026249,0.07954110301728884,0.1937470086573106,0.26607833693023475,0.7556545214987428,0.7266126711527988,1.0,0.577702112146144,0.9637780150787432,0.002418405623068932,0.029251708059180915,0.21604031599068343,0.2918608630965902,0.19743703159202866,0.45735658533730345,0.31492486136821485,0.6862800032897708,0.7258556215709627
-0.05452999147081246,0.17478617404352917,-0.09743535860806726,0.24092504229116538,0.31638648660218277,0.44061831515253147,0.6751097858183936,0.577702112146144,1.0,0.6296212819534367,0.02482542393656795,0.16224751163428272,0.09304062407559772,0.2415996145286708,0.37503735378340286,0.359731549554308,0.052511079597887055,0.4405981274920562,0.6863817251364285
-0.03432279566516709,0.27920444344784723,0.0733920072863747,0.23344888036976058,0.3068377128256161,0.7129333374217165,0.7066418697911334,0.9637780150787432,0.6296212819534367,1.0,0.03394507821493217,0.07511798815014498,0.2391637462008549,0.3226901250991034,0.2621316034243797,0.5000009839990582,0.27740893235073766,0.6555943107338259,0.7329784452458956
0.9115526382474801,0.5676256479626728,0.7037775946580026,0.8408835433970417,0.6776206627777783,0.3548371650086399,0.07712366420800797,0.002418405623068932,0.02482542393656795,0.03394507821493217,1.0,0.838479723673521,0.7226597472938405,0.6400359653047071,0.5452310804371846,0.5146172766231064,0.40511070964156,0.23213713666874816,0.1371781350987745
0.7381737763049893,0.5874446945957736,0.6895177657226116,0.8728615044699785,0.7536021301295645,0.36972660076649805,0.10061494365980454,0.029251708059180915,0.16224751163428272,0.07511798815014498,0.838479723673521,1.0,0.7208574473344818,0.7479597624486222,0.7346930767799071,0.6394019470326762,0.3249537292045985,0.22299460265095952,0.18298859984793325
0.6753517313636028,0.5277661910668195,0.6895446082040332,0.8162386759941598,0.8399644172158329,0.5920284194398819,0.3220879171957658,0.21604031599068343,0.09304062407559772,0.2391637462008549,0.7226597472938405,0.7208574473344818,1.0,0.7833484981165993,0.6331125107286614,0.6315962553731332,0.539553461033993,0.5199339081499965,0.3259859469956198
0.6059992407136271,0.5006242683645733,0.6186085207287115,0.815413306539088,0.7623093418077969,0.6214167475630943,0.28694103753180067,0.2918608630965902,0.2415996145286708,0.3226901250991034,0.6400359653047071,0.7479597624486222,0.7833484981165993,1.0,0.7343517871921631,0.8169166403511896,0.46453972341821964,0.40698683018189175,0.37886146657068664
0.39708442236806996,0.32706264930161144,0.3793864752012668,0.7438017649910952,0.7264721109909391,0.4141844565983498,0.2798809464854609,0.19743703159202866,0.37503735378340286,0.2621316034243797,0.5452310804371846,0.7346930767799071,0.6331125107286614,0.7343517871921631,1.0,0.7114402413514348,0.06871225706712167,0.2908441273746018,0.27685952564209754
0.3983779328567975,0.33556325642712537,0.4135578259982828,0.6695668169901133,0.6258502679026456,0.5195161453594908,0.3343089793335061,0.45735658533730345,0.359731549554308,0.5000009839990582,0.5146172766231064,0.6394019470326762,0.6315962553731332,0.8169166403511896,0.7114402413514348,1.0,0.2808224217990282,0.3285950913802522,0.41778184017572906
0.5456919946925523,0.6631714688821903,0.6635976252785751,0.5282144906682605,0.4926227473338359,0.6606558390987104,0.34764588756250436,0.31492486136821485,0.052511079597887055,0.27740893235073766,0.40511070964156,0.3249537292045985,0.539553461033993,0.46453972341821964,0.06871225706712167,0.2808224217990282,1.0,0.6864876470672616,0.391014158711401
0.2770586189684169,0.5324805654869176,0.4885233434192514,0.3863920534794315,0.5422385546672511,0.8548577131768291,0.6965582011798546,0.6862800032897708,0.4405981274920562,0.6555943107338259,0.23213713666874816,0.22299460265095952,0.5199339081499965,0.40698683018189175,0.2908441273746018,0.3285950913802522,0.6864876470672616,1.0,0.6610495057721637
0.09176025220602521,0.2935952497427232,0.11877608500960615,0.32089906624495973,0.5196730679355055,0.6890676319226695,0.8649718176476697,0.7258556215709627,0.6863817251364285,0.7329784452458956,0.1371781350987745,0.18298859984793325,0.3259859469956198,0.37886146657068664,0.27685952564209754,0.41778184017572906,0.391014158711401,0.6610495057721637,1.0
