0,1,2,3,4,5,6,7,8,9,10,11,12,13,14,15,16,17,18
1.0,0.8241158485977588,0.8723072270052833,0.7247379503641788,0.22578242797190373,0.3949616269605568,-0.10296385250424901,0.08362377434960387,-0.2920939932487081,0.039924221332463754,0.8497568235327956,0.7128241065966007,0.25034759667358253,0.38595966737958715,-0.39188477751137496,-0.009200879532576013,0.7497553647988633,0.34887667613963996,-0.05583245752522148
0.8241158485977588,1.0,0.8237718303672134,0.8223550977049691,0.31518479200942856,0.47836022955937507,0.08637094067698599,0.20987998705474756,-0.08160236758929575,0.19798306358587026,0.6509315269201239,0.8402418175697012,0.32252169477610476,0.4864537927119193,-0.15122770708553987,0.06716619657372502,0.8001208593035624,0.41542198490578586,0.095727923802247
0.8723072270052833,0.8237718303672134,1.0,0.8819367290581095,0.3718665794413235,0.5985052447573788,0.01562160746955242,0.24424264409313942,-0.26925841774317033,0.19640526804660616,0.6549140846793631,0.6382803639170423,0.37756429809865816,0.5060312744442979,-0.4431784487395064,0.07393650528206126,0.9100102109822277,0.5468857987595255,0.049274219341618436
0.7247379503641788,0.8223550977049691,0.8819367290581095,1.0,0.4327379279880568,0.742236160458236,0.18511125260269642,0.4138014960157824,-0.06152064861055871,0.36129327185689386,0.5112874416330271,0.6630006279180504,0.41991275584713184,0.6361373140698282,-0.241795250004269,0.15042975073669723,0.9128796352688033,0.6175799238633367,0.1954611446957884
0.22578242797190373,0.31518479200942856,0.3718665794413235,0.4327379279880568,1.0,0.7185597423109938,0.8322212296655218,0.5603780883877166,0.4396894841185349,0.5248235851940791,0.16283137887328622,0.23698393915670207,0.7319672449735913,0.2928622955286297,0.2787336428068407,0.280460506769511,0.4128500677988809,0.8236529577437759,0.7409651895306532
0.3949616269605568,0.47836022955937507,0.5985052447573788,0.742236160458236,0.7185597423109938,1.0,0.6053001781449022,0.7547255765223181,0.29688626508831806,0.6619555837603913,0.24448738483197785,0.34339992583285356,0.6049787964847089,0.6298884743720303,0.04987322360663634,0.35123979254806437,0.6451651876639969,0.8604210152863534,0.5942849228792546
-0.10296385250424901,0.08637094067698599,0.01562160746955242,0.18511125260269642,0.8322212296655218,0.6053001781449022,1.0,0.6584442612257891,0.7189499288971103,0.6276952424784503,-0.14842307531204582,0.05004751566610932,0.5298308468688958,0.20559822155896862,0.45550339464048034,0.3686753922663724,0.09328239359996322,0.6770612442492122,0.8626982933697166
0.08362377434960387,0.20987998705474756,0.24424264409313942,0.4138014960157824,0.5603780883877166,0.7547255765223181,0.6584442612257891,1.0,0.5263853414932023,0.955164454509591,-0.04470024922185664,0.11681325286030197,0.37497645556118353,0.47312581189784797,0.19106617224500086,0.5666577337123312,0.2854101033145941,0.6504537372660224,0.6642081864227389
-0.2920939932487081,-0.08160236758929575,-0.26925841774317033,-0.06152064861055871,0.4396894841185349,0.29688626508831806,0.7189499288971103,0.5263853414932023,1.0,0.5552220756697146,-0.3223634082636879,-0.14390968632080392,0.0958644543216313,-0.030079988501694663,0.4753594173715751,0.33070760325831006,-0.1665680646005972,0.36042827989437237,0.7107070617757698
0.039924221332463754,0.19798306358587026,0.19640526804660616,0.36129327185689386,0.5248235851940791,0.6619555837603913,0.6276952424784503,0.955164454509591,0.5552220756697146,1.0,-0.07430226372743509,0.09721628758027122,0.3246864195968025,0.4150237538673231,0.2190349681682526,0.5714310705248542,0.2378462908179233,0.5874608367078067,0.6478519980864221
0.8497568235327956,0.6509315269201239,0.6549140846793631,0.5112874416330271,0.16283137887328622,0.24448738483197785,-0.14842307531204582,-0.04470024922185664,-0.3223634082636879,-0.07430226372743509,1.0,0.6221143935556298,0.2897993658194401,0.26419935855326426,-0.23923753978134618,-0.05887688662574411,0.48327187421067697,0.23813513210227036,-0.11411022685549851
0.7128241065966007,0.8402418175697012,0.6382803639170423,0.6630006279180504,0.23698393915670207,0.34339992583285356,0.05004751566610932,0.11681325286030197,-0.14390968632080392,0.09721628758027122,0.6221143935556298,1.0,0.31308460011085115,0.4963897894935324,-0.12510058147887043,0.013273040812080436,0.5858414076813119,0.2589565690477672,0.0546951458868808
0.25034759667358253,0.32252169477610476,0.37756429809865816,0.41991275584713184,0.7319672449735913,0.6049787964847089,0.5298308468688958,0.37497645556118353,0.0958644543216313,0.3246864195968025,0.2897993658194401,0.31308460011085115,1.0,0.39775529315985203,0.21038974562626697,0.21673356311197783,0.33138783104933034,0.6796434602941794,0.3838583220339728
0.38595966737958715,0.4864537927119193,0.5060312744442979,0.6361373140698282,0.2928622955286297,0.6298884743720303,0.20559822155896862,0.47312581189784797,-0.030079988501694663,0.4150237538673231,0.26419935855326426,0.4963897894935324,0.39775529315985203,1.0,-0.08145317504165091,0.46370981443695425,0.5358149342108027,0.37507492341095694,0.19816935005793154
-0.39188477751137496,-0.15122770708553987,-0.4431784487395064,-0.241795250004269,0.2787336428068407,0.04987322360663634,0.45550339464048034,0.19106617224500086,0.4753594173715751,0.2190349681682526,-0.23923753978134618,-0.12510058147887043,0.21038974562626697,-0.08145317504165091,1.0,0.27477431065833957,-0.41454693805994386,0.18476367820396247,0.28356831336615856
-0.009200879532576013,0.06716619657372502,0.07393650528206126,0.15042975073669723,0.280460506769511,0.35123979254806437,0.3686753922663724,0.5666577337123312,0.33070760325831006,0.5714310705248542,-0.05887688662574411,0.013273040812080436,0.21673356311197783,0.46370981443695425,0.27477431065833957,1.0,0.0879034675070102,0.2120483364508606,0.38115497332691256
0.7497553647988633,0.8001208593035624,0.9100102109822277,0.9128796352688033,0.4128500677988809,0.6451651876639969,0.09328239359996322,0.2854101033145941,-0.1665680646005972,0.2378462908179233,0.48327187421067697,0.5858414076813119,0.33138783104933034,0.5358149342108027,-0.41454693805994386,0.0879034675070102,1.0,0.5935890818180501,0.1594842853790954
0.34887667613963996,0.41542198490578586,0.5468857987595255,0.6175799238633367,0.8236529577437759,0.8604210152863534,0.6770612442492122,0.6504537372660224,0.36042827989437237,0.5874608367078067,0.23813513210227036,0.2589565690477672,0.6796434602941794,0.37507492341095694,0.18476367820396247,0.2120483364508606,0.5935890818180501,1.0,0.6211118470643879
-0.05583245752522148,0.095727923802247,0.049274219341618436,0.1954611446957884,0.7409651895306532,0.5942849228792546,0.8626982933697166,0.6642081864227389,0.7107070617757698,0.6478519980864221,-0.11411022685549851,0.0546951458868808,0.3838583220339728,0.19816935005793154,0.28356831336615856,0.38115497332691256,0.1594842853790954,0.6211118470643879,1.0
