0,1,2,3,4,5,6,7,8,9,10,11,12,13,14,15,16,17,18
1.0,0.724919269173195,0.8514799614512842,0.7597472144531009,0.43315032665476466,0.5564807837952389,0.20271914152376844,0.4019054496500503,0.05894029363974118,0.36849259989889427,0.8865996768247248,0.6030765671050686,0.4875138854086433,0.507809170840469,0.27161151250684473,0.478776748582955,0.7313351424965243,0.5205769342404698,0.2090783601937733
0.724919269173195,1.0,0.768724743419522,0.7435706993872809,0.36279386331220453,0.6638675594860626,0.4706511500784353,0.6210613381803504,0.3451746885994966,0.5832191145040602,0.6660443487722266,0.865832588729884,0.5177098550012096,0.5927877055552414,0.378037186405867,0.5439032198794832,0.6927621817789008,0.6270059794799364,0.39144317176725046
0.8514799614512842,0.768724743419522,1.0,0.8488602116959835,0.5909952611861636,0.6897539396858058,0.31971438858030277,0.5006854333085003,0.11802125075702506,0.47363162324299646,0.7530221272792088,0.6261429733749706,0.6502130010406686,0.6183530369335207,0.2982589936435563,0.5519259970579251,0.8447336856164357,0.6842927717724289,0.3081612596874338
0.7597472144531009,0.7435706993872809,0.8488602116959835,1.0,0.6953141513659074,0.8395339705150002,0.5123499828011624,0.666521240483317,0.36485928200388357,0.6401469726910836,0.7012423279265672,0.6592065814595977,0.7590809703199682,0.7923916693135884,0.5953070852078777,0.7382460600239216,0.7924941048077827,0.7624960431407105,0.4567600661621636
0.43315032665476466,0.36279386331220453,0.5909952611861636,0.6953141513659074,1.0,0.7201101068711621,0.6988806818002702,0.5496082194742146,0.4687947792808224,0.5596900013184722,0.44588047041323514,0.3511373218017272,0.8498253486898937,0.6873417073857152,0.6396836818632311,0.6837027937074486,0.5155766363673558,0.7269925927097928,0.6713020062457583
0.5564807837952389,0.6638675594860626,0.6897539396858058,0.8395339705150002,0.7201101068711621,1.0,0.7481897424484762,0.8827689393763245,0.5643530132406697,0.848568810426175,0.5403815716555421,0.6113901734246872,0.8061181142340498,0.8508284719378666,0.6847035286895797,0.8308287360029732,0.6383764233735796,0.9248584549049459,0.685834374178537
0.20271914152376844,0.4706511500784353,0.31971438858030277,0.5123499828011624,0.6988806818002702,0.7481897424484762,1.0,0.7618426949259642,0.7464696406311161,0.7504816344076699,0.19092805754595624,0.4378459463567581,0.6541226503082415,0.6617905781620131,0.614050386222453,0.6752048919700091,0.33612392930794543,0.7639266697664142,0.8492909926544407
0.4019054496500503,0.6210613381803504,0.5006854333085003,0.666521240483317,0.5496082194742146,0.8827689393763245,0.7618426949259642,1.0,0.6798484323315702,0.9745942317707098,0.38823546014204063,0.591078190441337,0.6473669926678602,0.7728573086651955,0.6500872551975831,0.8448838143848906,0.4500482408527655,0.8395197462528176,0.7391434336139555
0.05894029363974118,0.3451746885994966,0.11802125075702506,0.36485928200388357,0.4687947792808224,0.5643530132406697,0.7464696406311161,0.6798484323315702,1.0,0.7255566211888771,0.056840933417920875,0.3433703379973483,0.38733115974689253,0.5326868443460054,0.571597920921355,0.621004953771674,0.11590802296316642,0.5743690321341675,0.7829078918130747
0.36849259989889427,0.5832191145040602,0.47363162324299646,0.6401469726910836,0.5596900013184722,0.848568810426175,0.7504816344076699,0.9745942317707098,0.7255566211888771,1.0,0.34524916032666686,0.5451544193765536,0.6380340318886659,0.7619831751474969,0.6540199430037219,0.8460149623013623,0.42219002692628865,0.8237647950915368,0.7619025644518196
0.8865996768247248,0.6660443487722266,0.7530221272792088,0.7012423279265672,0.44588047041323514,0.5403815716555421,0.19092805754595624,0.38823546014204063,0.056840933417920875,0.34524916032666686,1.0,0.6171593558153244,0.5471058645147994,0.48861916960387786,0.3481256753275962,0.48011627116764616,0.570448844247542,0.497139223250364,0.17570881196510138
0.6030765671050686,0.865832588729884,0.6261429733749706,0.6592065814595977,0.3511373218017272,0.6113901734246872,0.4378459463567581,0.591078190441337,0.3433703379973483,0.5451544193765536,0.6171593558153244,1.0,0.4902321712959566,0.6053005734674995,0.3882166807755388,0.5510069973469491,0.5381505192203659,0.5427674302360299,0.39082372382884983
0.4875138854086433,0.5177098550012096,0.6502130010406686,0.7590809703199682,0.8498253486898937,0.8061181142340498,0.6541226503082415,0.6473669926678602,0.38733115974689253,0.6380340318886659,0.5471058645147994,0.4902321712959566,1.0,0.781677306313066,0.674797210301475,0.744479004067791,0.5230741579210436,0.7969903066250167,0.5638659104397817
0.507809170840469,0.5927877055552414,0.6183530369335207,0.7923916693135884,0.6873417073857152,0.8508284719378666,0.6617905781620131,0.7728573086651955,0.5326868443460054,0.7619831751474969,0.48861916960387786,0.6053005734674995,0.781677306313066,1.0,0.6564350833843157,0.8626881596324907,0.5666360672866607,0.7522719826103516,0.622581536397104
0.27161151250684473,0.378037186405867,0.2982589936435563,0.5953070852078777,0.6396836818632311,0.6847035286895797,0.614050386222453,0.6500872551975831,0.571597920921355,0.6540199430037219,0.3481256753275962,0.3882166807755388,0.674797210301475,0.6564350833843157,1.0,0.7954609575705678,0.13475721278719346,0.6496767347617842,0.4986834941207027
0.478776748582955,0.5439032198794832,0.5519259970579251,0.7382460600239216,0.6837027937074486,0.8308287360029732,0.6752048919700091,0.8448838143848906,0.621004953771674,0.8460149623013623,0.48011627116764616,0.5510069973469491,0.744479004067791,0.8626881596324907,0.7954609575705678,1.0,0.4495505809579039,0.7557986781589269,0.6634767227721274
0.7313351424965243,0.6927621817789008,0.8447336856164357,0.7924941048077827,0.5155766363673558,0.6383764233735796,0.33612392930794543,0.4500482408527655,0.11590802296316642,0.42219002692628865,0.570448844247542,0.5381505192203659,0.5230741579210436,0.5666360672866607,0.13475721278719346,0.4495505809579039,1.0,0.6536740853748727,0.34919453936086897
0.5205769342404698,0.6270059794799364,0.6842927717724289,0.7624960431407105,0.7269925927097928,0.9248584549049459,0.7639266697664142,0.8395197462528176,0.5743690321341675,0.8237647950915368,0.497139223250364,0.5427674302360299,0.7969903066250167,0.7522719826103516,0.6496767347617842,0.7557986781589269,0.6536740853748727,1.0,0.703551329771407
0.2090783601937733,0.39144317176725046,0.3081612596874338,0.4567600661621636,0.6713020062457583,0.685834374178537,0.8492909926544407,0.7391434336139555,0.7829078918130747,0.7619025644518196,0.17570881196510138,0.39082372382884983,0.5638659104397817,0.622581536397104,0.4986834941207027,0.6634767227721274,0.34919453936086897,0.703551329771407,1.0
