0,1,2,3,4,5,6,7,8,9,10,11,12,13,14,15,16,17,18
1.0,0.7188338073969548,0.832829754009768,0.7886700082263071,0.618138062567386,0.5211933879389365,0.054374875750290666,0.06558204861321665,-0.2829345745363559,0.08322070867436987,0.9517469952325568,0.7300660790642105,0.6686739655800492,0.4938994259903246,0.25016821600385986,0.21556415849439323,0.5416087686347771,0.3705086110787155,0.04183423419031047
0.7188338073969548,1.0,0.7632318913897619,0.6397030006745393,0.4992441119318654,0.5800441784441367,0.2941544994950544,0.2972725995062263,0.01572124681206336,0.30369374868532945,0.6531600817359204,0.6925214592180567,0.5448880111003794,0.406230969451321,0.21583235806757353,0.09621703610853663,0.6039286713690231,0.5182511206152,0.25617471390811
0.832829754009768,0.7632318913897619,1.0,0.8014968420662275,0.7074968238383547,0.6652450574822515,0.1002958138215963,0.1751970587111373,-0.27044829103859463,0.18202855066260817,0.766374715628266,0.7180376544786754,0.7447968350026658,0.6135937262464128,0.2753317008122834,0.2891689199407324,0.7040915231232459,0.5884917210916693,0.1449983711946261
0.7886700082263071,0.6397030006745393,0.8014968420662275,1.0,0.81861014595729,0.7080894155795663,0.17797985042731804,0.258561699364154,-0.036350804630188104,0.2642944817175866,0.7971502495389874,0.8492388899631059,0.8081804060167493,0.7255925551875505,0.6017874998379337,0.5349700597275227,0.5601845186211645,0.4578164278359005,0.16821197078614503
0.618138062567386,0.4992441119318654,0.7074968238383547,0.81861014595729,1.0,0.7415195876524625,0.4253710621506188,0.2997781467534666,0.08943485036251689,0.33021609178797035,0.6215708061860772,0.7418932411636333,0.8820626816955817,0.7153882604702025,0.686762509567225,0.5769352940779787,0.4811880484824497,0.6075065929673403,0.4125982031008813
0.5211933879389365,0.5800441784441367,0.6652450574822515,0.7080894155795663,0.7415195876524625,1.0,0.5834508304847379,0.6683128978283881,0.21039929818614084,0.6125007321490654,0.5160897208535891,0.5499331322308273,0.7149871665884534,0.5731569829006357,0.42189723393824813,0.4262528623722029,0.6453004716799392,0.8391156038689033,0.5724949979464348
0.054374875750290666,0.2941544994950544,0.1002958138215963,0.17797985042731804,0.4253710621506188,0.5834508304847379,1.0,0.6890959051435854,0.5743380287702837,0.6482489903800135,0.056225676912468006,0.10268854515165741,0.2734068704778398,0.1076685752766372,0.178293430275883,0.19443990249902993,0.30216731223568916,0.6387237952780626,0.8303799913944079
0.06558204861321665,0.2972725995062263,0.1751970587111373,0.258561699364154,0.2997781467534666,0.6683128978283881,0.6890959051435854,1.0,0.5882090004189792,0.9519401351432162,0.10010334898165757,0.17613153364344472,0.1848771360436297,0.17126997862487678,0.19405774962313418,0.3630081775467697,0.2538689045803091,0.5807673649023917,0.7363409805570483
-0.2829345745363559,0.01572124681206336,-0.27044829103859463,-0.036350804630188104,0.08943485036251689,0.21039929818614084,0.5743380287702837,0.5882090004189792,1.0,0.6095972698523737,-0.2580183994229095,-0.05614903697242645,-0.12308599462841402,-0.0039059156083357336,0.22224403132512502,0.23163039484729922,-0.11644542492430927,0.20738834636755812,0.6002554223856498
0.08322070867436987,0.30369374868532945,0.18202855066260817,0.2642944817175866,0.33021609178797035,0.6125007321490654,0.6482489903800135,0.9519401351432162,0.6095972698523737,1.0,0.1156737528430697,0.1938311879256685,0.19871069657773824,0.18982901983224645,0.23371282475835442,0.38848882539727647,0.22855151994901313,0.5476043517948891,0.7144335063858217
0.9517469952325568,0.6531600817359204,0.766374715628266,0.7971502495389874,0.6215708061860772,0.5160897208535891,0.056225676912468006,0.10010334898165757,-0.2580183994229095,0.1156737528430697,1.0,0.7715717490021962,0.6919440016260976,0.48910080616253077,0.2978173081649388,0.26972944279290306,0.43301110622015726,0.33793986424234124,0.04298925335539257
0.7300660790642105,0.6925214592180567,0.7180376544786754,0.8492388899631059,0.7418932411636333,0.5499331322308273,0.10268854515165741,0.17613153364344472,-0.05614903697242645,0.1938311879256685,0.7715717490021962,1.0,0.7111708251485348,0.5817739178337626,0.5893659967722571,0.47589446055953105,0.34656464243938323,0.3258215301290721,0.13284896956526482
0.6686739655800492,0.5448880111003794,0.7447968350026658,0.8081804060167493,0.8820626816955817,0.7149871665884534,0.2734068704778398,0.1848771360436297,-0.12308599462841402,0.19871069657773824,0.6919440016260976,0.7111708251485348,1.0,0.7456503113671614,0.5721728214402653,0.4615466146179485,0.4871354609938416,0.5974556996354875,0.2262010222870162
0.4938994259903246,0.406230969451321,0.6135937262464128,0.7255925551875505,0.7153882604702025,0.5731569829006357,0.1076685752766372,0.17126997862487678,-0.0039059156083357336,0.18982901983224645,0.48910080616253077,0.5817739178337626,0.7456503113671614,1.0,0.5645821763205449,0.5875775898665272,0.4366412265135407,0.3508450748177053,0.16006136569430937
0.25016821600385986,0.21583235806757353,0.2753317008122834,0.6017874998379337,0.686762509567225,0.42189723393824813,0.178293430275883,0.19405774962313418,0.22224403132512502,0.23371282475835442,0.2978173081649388,0.5893659967722571,0.5721728214402653,0.5645821763205449,1.0,0.7879061794515165,-0.038662488369406174,0.19979686083539228,0.10754109784285601
0.21556415849439323,0.09621703610853663,0.2891689199407324,0.5349700597275227,0.5769352940779787,0.4262528623722029,0.19443990249902993,0.3630081775467697,0.23163039484729922,0.38848882539727647,0.26972944279290306,0.47589446055953105,0.4615466146179485,0.5875775898665272,0.7879061794515165,1.0,0.06825964468378944,0.13807897370782962,0.1987322058719913
0.5416087686347771,0.6039286713690231,0.7040915231232459,0.5601845186211645,0.4811880484824497,0.6453004716799392,0.30216731223568916,0.2538689045803091,-0.11644542492430927,0.22855151994901313,0.43301110622015726,0.34656464243938323,0.4871354609938416,0.4366412265135407,-0.038662488369406174,0.06825964468378944,1.0,0.7045917452445027,0.3134533194369029
0.3705086110787155,0.5182511206152,0.5884917210916693,0.4578164278359005,0.6075065929673403,0.8391156038689033,0.6387237952780626,0.5807673649023917,0.20738834636755812,0.5476043517948891,0.33793986424234124,0.3258215301290721,0.5974556996354875,0.3508450748177053,0.19979686083539228,0.13807897370782962,0.7045917452445027,1.0,0.6187690236850263
0.04183423419031047,0.25617471390811,0.1449983711946261,0.16821197078614503,0.4125982031008813,0.5724949979464348,0.8303799913944079,0.7363409805570483,0.6002554223856498,0.7144335063858217,0.04298925335539257,0.13284896956526482,0.2262010222870162,0.16006136569430937,0.10754109784285601,0.1987322058719913,0.3134533194369029,0.6187690236850263,1.0
