0,1,2,3,4,5,6,7,8,9,10,11,12,13,14,15,16,17,18
1.0,0.8042757716883479,0.9118821817136248,0.7184898603469164,0.37250307419920736,0.35542228752792343,0.06824078522420572,0.04329508712763786,-0.14169890895067022,0.012916593323265372,0.9272471395285811,0.6342178531138409,0.4625181307189101,0.38880387925644383,-0.07915101736696563,0.07833094356618646,0.7025980903397819,0.38271667878041965,-0.004321679738465059
0.8042757716883479,1.0,0.7722707633277772,0.8287556211838926,0.443372128526491,0.45588891749546523,0.28690859216931897,0.1548731658612505,0.10759288565545125,0.12875749994586402,0.7064094059671068,0.8776639869383508,0.47753425539330446,0.5174166783393722,0.2006254040864857,0.13200244144711928,0.7084446754730326,0.41241920198421267,0.1645178461155858
0.9118821817136248,0.7722707633277772,1.0,0.8043316101213513,0.4872863622959724,0.45887162525543324,0.08308433930475627,0.028131415387060175,-0.1944888548984874,-0.01485552578061563,0.8774185413082817,0.5934166640841223,0.5460323246625058,0.4850351034159589,-0.09532799721039094,0.07316180656401261,0.8317938706004067,0.4872703335712595,-0.008335449721020932
0.7184898603469164,0.8287556211838926,0.8043316101213513,1.0,0.5638886042297483,0.7126258162576348,0.3534397740411507,0.32664462768688207,0.08968740309138487,0.2690588099195091,0.670039645507727,0.6804919688853531,0.5993105149780824,0.6979349517773429,0.26373326398246655,0.2408157881194466,0.82730005665414,0.6352812210096285,0.2019459382025302
0.37250307419920736,0.443372128526491,0.4872863622959724,0.5638886042297483,1.0,0.7056517883921086,0.7606165248627317,0.4452272995187994,0.18097175786315547,0.41037046469443195,0.34200569960735,0.3903883357389863,0.7622957895622918,0.5358967716185042,0.3712337908620332,0.3176468587590399,0.5828419918326784,0.7863637469492384,0.5988771650739686
0.35542228752792343,0.45588891749546523,0.45887162525543324,0.7126258162576348,0.7056517883921086,1.0,0.6539047959189778,0.7370142812792561,0.26531863023836305,0.648628823779268,0.3569878221965658,0.3356943863837852,0.6333936503285031,0.714343013004993,0.42730404490053087,0.41546926204489254,0.5740494363817589,0.8584691726939536,0.5326666333481406
0.06824078522420572,0.28690859216931897,0.08308433930475627,0.3534397740411507,0.7606165248627317,0.6539047959189778,1.0,0.6587782138482844,0.43214261036596263,0.6187376725662287,0.01995264272433675,0.2756768051123452,0.4842668626753882,0.45228111052539016,0.49803869311314947,0.4337753430775348,0.24845796337351855,0.6805482174490532,0.8347309813986756
0.04329508712763786,0.1548731658612505,0.028131415387060175,0.32664462768688207,0.4452272995187994,0.7370142812792561,0.6587782138482844,1.0,0.41327317629569954,0.9624987068614865,0.038334184811950715,0.06954143494885709,0.31656314097600735,0.44120980725711517,0.42318885040972165,0.6082157814436217,0.1407995759966121,0.5990216283420894,0.6649827493386468
-0.14169890895067022,0.10759288565545125,-0.1944888548984874,0.08968740309138487,0.18097175786315547,0.26531863023836305,0.43214261036596263,0.41327317629569954,1.0,0.4223449875831145,-0.25248214051244916,0.05872257558424348,-0.11182576590807494,0.09321554354251982,0.10888166996718145,0.21631977414600195,-0.10979474132559057,0.20702941374984216,0.4033627214854915
0.012916593323265372,0.12875749994586402,-0.01485552578061563,0.2690588099195091,0.41037046469443195,0.648628823779268,0.6187376725662287,0.9624987068614865,0.4223449875831145,1.0,-0.0012484619332617988,0.050858703959587505,0.2733501745769554,0.35921642539761195,0.4039084805753426,0.5871683541544507,0.08629086162208136,0.5357913921593126,0.6533175287423831
0.9272471395285811,0.7064094059671068,0.8774185413082817,0.670039645507727,0.34200569960735,0.3569878221965658,0.01995264272433675,0.038334184811950715,-0.25248214051244916,-0.0012484619332617988,1.0,0.4879267873177893,0.5153215237407878,0.3746718645399269,-0.03726075935772995,0.07866507091138909,0.6227526224663131,0.38490336404417563,-0.06604184581352149
0.6342178531138409,0.8776639869383508,0.5934166640841223,0.6804919688853531,0.3903883357389863,0.3356943863837852,0.2756768051123452,0.06954143494885709,0.05872257558424348,0.050858703959587505,0.4879267873177893,1.0,0.40011628014642336,0.5059082579555735,0.17535479684943797,0.09436959113150103,0.6034604162830524,0.29139043905773776,0.17915908222563565
0.4625181307189101,0.47753425539330446,0.5460323246625058,0.5993105149780824,0.7622957895622918,0.6333936503285031,0.4842668626753882,0.31656314097600735,-0.11182576590807494,0.2733501745769554,0.5153215237407878,0.40011628014642336,1.0,0.5746687669079436,0.43327689320904034,0.2928834124151438,0.5051080336562712,0.7107332698750477,0.2595908148495961
0.38880387925644383,0.5174166783393722,0.4850351034159589,0.6979349517773429,0.5358967716185042,0.714343013004993,0.45228111052539016,0.44120980725711517,0.09321554354251982,0.35921642539761195,0.3746718645399269,0.5059082579555735,0.5746687669079436,1.0,0.34199546998798114,0.5065388027689248,0.5688083410150423,0.5462395856782161,0.306834323032811
-0.07915101736696563,0.2006254040864857,-0.09532799721039094,0.26373326398246655,0.3712337908620332,0.42730404490053087,0.49803869311314947,0.42318885040972165,0.10888166996718145,0.4039084805753426,-0.03726075935772995,0.17535479684943797,0.43327689320904034,0.34199546998798114,1.0,0.4096765117653403,-0.03719397911028143,0.4494292125330168,0.29922003426921495
0.07833094356618646,0.13200244144711928,0.07316180656401261,0.2408157881194466,0.3176468587590399,0.41546926204489254,0.4337753430775348,0.6082157814436217,0.21631977414600195,0.5871683541544507,0.07866507091138909,0.09436959113150103,0.2928834124151438,0.5065388027689248,0.4096765117653403,1.0,0.10396331860965309,0.24917668904623014,0.3872002493835062
0.7025980903397819,0.7084446754730326,0.8317938706004067,0.82730005665414,0.5828419918326784,0.5740494363817589,0.24845796337351855,0.1407995759966121,-0.10979474132559057,0.08629086162208136,0.6227526224663131,0.6034604162830524,0.5051080336562712,0.5688083410150423,-0.03719397911028143,0.10396331860965309,1.0,0.6109593395068591,0.20869678736053202
0.38271667878041965,0.41241920198421267,0.4872703335712595,0.6352812210096285,0.7863637469492384,0.8584691726939536,0.6805482174490532,0.5990216283420894,0.20702941374984216,0.5357913921593126,0.38490336404417563,0.29139043905773776,0.7107332698750477,0.5462395856782161,0.4494292125330168,0.24917668904623014,0.6109593395068591,1.0,0.5544057398307418
-0.004321679738465059,0.1645178461155858,-0.008335449721020932,0.2019459382025302,0.5988771650739686,0.5326666333481406,0.8347309813986756,0.6649827493386468,0.4033627214854915,0.6533175287423831,-0.06604184581352149,0.17915908222563565,0.2595908148495961,0.306834323032811,0.29922003426921495,0.3872002493835062,0.20869678736053202,0.5544057398307418,1.0
