0,1,2,3,4,5,6,7,8,9,10,11,12,13,14,15,16,17,18
1.0,0.660976018100268,0.49484182112307185,0.19630843110766955,-0.20603249254131809,-0.08079081809628515,-0.4598453425541858,-0.4736471155177986,-0.5340467334110143,-0.5496128021947857,0.5964276451440782,0.11365257130831735,-0.28048789863545653,-0.39246492141141986,-0.610784197595405,-0.5370824782237517,0.8773754248562922,-0.21008176327894007,-0.4564938616879213
0.660976018100268,1.0,0.11132209187624922,0.11282735808673212,-0.44977165518211687,-0.11381582232884865,-0.5754020436783828,-0.374385245342792,-0.6062943103009817,-0.46544363860778626,0.166136957283821,0.39609876955576945,-0.5028432367010769,-0.3143171306068076,-0.6288609071799276,-0.5199174671140366,0.734165508912371,-0.182741686050905,-0.6006590359476505
0.49484182112307185,0.11132209187624922,1.0,0.398678028399769,0.3927612159914484,0.2898232914783175,-0.06918375011591786,-0.3058148657453057,-0.24146329489579935,-0.4592198263878045,0.3718111777302178,-0.10949716864946364,0.2147518227334675,-0.1904040512823377,-0.2642904021298218,-0.276970950654086,0.39052442695096834,0.21751336248110423,-0.070847311317025
0.19630843110766955,0.11282735808673212,0.398678028399769,1.0,-0.010096823777220069,0.7792192838622063,-0.2841015176010002,-0.033795355886412554,-0.42620054763244913,-0.4996110164508607,0.043984809017274924,-0.0018509890777842351,-0.12881689740807928,0.08018032061589844,-0.31721841235511483,-0.38973539108893024,0.18956257242833607,0.36038909658900126,-0.27507870168280474
-0.20603249254131809,-0.44977165518211687,0.3927612159914484,-0.010096823777220069,1.0,0.2500378418739113,0.7026606312690462,0.20595478591415878,0.31111747695720465,-0.12207947644202238,0.012798087619857894,-0.3338202538357031,0.690484914967207,-0.0346306782627579,0.30288248406548324,-0.009237451622873821,-0.3058184728338305,0.43122532337044506,0.6459014491599997
-0.08079081809628515,-0.11381582232884865,0.2898232914783175,0.7792192838622063,0.2500378418739113,1.0,-0.022461837486237177,0.413896103826816,-0.2795460353023874,-0.3661611200757513,-0.0519792408304751,-0.22827278137905277,0.053065845960232616,0.23511028144053983,-0.13274289284823643,-0.2473678010559982,-0.17241746701243996,0.6667604602929074,0.036909898866032645
-0.4598453425541858,-0.5754020436783828,-0.06918375011591786,-0.2841015176010002,0.7026606312690462,-0.022461837486237177,1.0,0.2943855213804571,0.6384663011373449,0.11628214191958647,-0.1530462023766138,-0.22582601887749726,0.7539208245559833,0.08014994407610929,0.674491490091424,0.18742891203735815,-0.5067491477750854,0.11348123925992537,0.7550442031718456
-0.4736471155177986,-0.374385245342792,-0.3058148657453057,-0.033795355886412554,0.20595478591415878,0.413896103826816,0.2943855213804571,1.0,0.15280718812535243,0.2957277854375082,-0.29311470098702713,-0.38812853843714873,0.050490350379294384,0.2755008517554593,0.15557400094034612,0.14669667617479107,-0.5528621918074637,0.4237715308334945,0.4894229440988157
-0.5340467334110143,-0.6062943103009817,-0.24146329489579935,-0.42620054763244913,0.31111747695720465,-0.2795460353023874,0.6384663011373449,0.15280718812535243,1.0,0.4894183306907224,-0.2732173331200054,-0.2723684798415535,0.3645620300509425,0.046024476929267276,0.7542794955917195,0.3646336746347373,-0.5184823556964422,-0.1835251557483051,0.571116460420286
-0.5496128021947857,-0.46544363860778626,-0.4592198263878045,-0.4996110164508607,-0.12207947644202238,-0.3661611200757513,0.11628214191958647,0.2957277854375082,0.4894183306907224,1.0,-0.35362037122134765,-0.27625135923046285,-0.08439238608234408,-0.011954600758478465,0.3067672770429705,0.42879468694639844,-0.5387765952024943,-0.2255254525098127,0.20899436444715427
0.5964276451440782,0.166136957283821,0.3718111777302178,0.043984809017274924,0.012798087619857894,-0.0519792408304751,-0.1530462023766138,-0.29311470098702713,-0.2732173331200054,-0.35362037122134765,1.0,-0.07059535138645096,0.10363428198048517,-0.15579647004573402,-0.2435056927641705,-0.20366676448942503,0.36128638087931536,-0.11428339284299374,-0.2144761146434848
0.11365257130831735,0.39609876955576945,-0.10949716864946364,-0.0018509890777842351,-0.3338202538357031,-0.22827278137905277,-0.22582601887749726,-0.38812853843714873,-0.2723684798415535,-0.27625135923046285,-0.07059535138645096,1.0,-0.24101950904880431,0.14375050949374574,-0.2042058594599102,-0.16832509983202926,0.23096793696667278,-0.42760167975262525,-0.3423690543238223
-0.28048789863545653,-0.5028432367010769,0.2147518227334675,-0.12881689740807928,0.690484914967207,0.053065845960232616,0.7539208245559833,0.050490350379294384,0.3645620300509425,-0.08439238608234408,0.10363428198048517,-0.24101950904880431,1.0,0.08636704953350463,0.5115299923083486,0.13869240856308243,-0.3776952992560416,0.24622992502199237,0.5019127881144233
-0.39246492141141986,-0.3143171306068076,-0.1904040512823377,0.08018032061589844,-0.0346306782627579,0.23511028144053983,0.08014994407610929,0.2755008517554593,0.046024476929267276,-0.011954600758478465,-0.15579647004573402,0.14375050949374574,0.08636704953350463,1.0,0.250498528164476,0.3271982179491594,-0.43153592822211656,0.034557392745716134,0.09485006486846863
-0.610784197595405,-0.6288609071799276,-0.2642904021298218,-0.31721841235511483,0.30288248406548324,-0.13274289284823643,0.674491490091424,0.15557400094034612,0.7542794955917195,0.3067672770429705,-0.2435056927641705,-0.2042058594599102,0.5115299923083486,0.250498528164476,1.0,0.42478631180499904,-0.6516715960886088,-0.027602852526412352,0.4503088711782909
-0.5370824782237517,-0.5199174671140366,-0.276970950654086,-0.38973539108893024,-0.009237451622873821,-0.2473678010559982,0.18742891203735815,0.14669667617479107,0.3646336746347373,0.42879468694639844,-0.20366676448942503,-0.16832509983202926,0.13869240856308243,0.3271982179491594,0.42478631180499904,1.0,-0.5678941513644642,-0.09126791222108793,0.22538564206270195
0.8773754248562922,0.734165508912371,0.39052442695096834,0.18956257242833607,-0.3058184728338305,-0.17241746701243996,-0.5067491477750854,-0.5528621918074637,-0.5184823556964422,-0.5387765952024943,0.36128638087931536,0.23096793696667278,-0.3776952992560416,-0.43153592822211656,-0.6516715960886088,-0.5678941513644642,1.0,-0.3377147621625098,-0.48004323084508366
-0.21008176327894007,-0.182741686050905,0.21751336248110423,0.36038909658900126,0.43122532337044506,0.6667604602929074,0.11348123925992537,0.4237715308334945,-0.1835251557483051,-0.2255254525098127,-0.11428339284299374,-0.42760167975262525,0.24622992502199237,0.034557392745716134,-0.027602852526412352,-0.09126791222108793,-0.3377147621625098,1.0,0.14909621190121164
-0.4564938616879213,-0.6006590359476505,-0.070847311317025,-0.27507870168280474,0.6459014491599997,0.036909898866032645,0.7550442031718456,0.4894229440988157,0.571116460420286,0.20899436444715427,-0.2144761146434848,-0.3423690543238223,0.5019127881144233,0.09485006486846863,0.4503088711782909,0.22538564206270195,-0.48004323084508366,0.14909621190121164,1.0
