0,1,2,3,4,5,6,7,8,9,10,11,12,13,14,15,16,17,18
1.0,0.46514087676473004,0.7384896037192931,0.2241920883565077,0.41504612571866006,0.01872045288802731,0.23218584314163215,-0.1228923936760403,0.08657617646174942,-0.16762528661357445,0.37864170533220437,0.14769299790702395,-0.03819052419328306,-0.11597966791430166,0.17210242771450884,-0.19641274128704717,0.6157673282475443,0.0469836367243314,0.16732426461454356
0.46514087676473004,1.0,0.2207814090164689,0.8505931225131212,0.17093653379035825,0.7076998787827944,-0.11626237193388232,0.6315029919835254,-0.08896425868865002,0.5772402432522167,0.08908652973143955,0.5368937505539493,0.1593102733597504,0.6889794912241125,0.028983661943810878,0.6530349617461687,0.1751397658454602,0.7338615322912532,0.05629880533047183
0.7384896037192931,0.2207814090164689,1.0,0.2070629052719897,0.6857500855654576,0.0865251837012468,0.40275302045549377,-0.08251672424819047,0.18664699588962338,-0.1676119695629766,0.4362855126977912,0.03258031200422685,0.06498308272316664,-0.16681423684040003,0.2980484128187158,-0.2213193223110585,0.7492580122226857,0.10281520106329672,0.21812597879821113
0.2241920883565077,0.8505931225131212,0.2070629052719897,1.0,0.2869106407136993,0.8806867470544428,-0.08898294062120034,0.7442815643386439,-0.06551290631751476,0.6273134966591768,0.034746107732247435,0.44650130423990464,0.3196227888404995,0.7590573222304954,0.0772551000636154,0.744846201944279,0.16488793521518913,0.8801602235049579,0.022232717124143327
0.41504612571866006,0.17093653379035825,0.6857500855654576,0.2869106407136993,1.0,0.2743826859069408,0.6450824128477871,0.15639912166090952,0.2919321651214285,0.11594209655505958,0.35837594378323806,-0.18455744364112237,0.3704292930085376,0.041402946168381936,0.4369744331324979,0.020444382248441046,0.4796784550118105,0.32365463433043445,0.17603380457163934
0.01872045288802731,0.7076998787827944,0.0865251837012468,0.8806867470544428,0.2743826859069408,1.0,0.06122642648055647,0.9313625973646456,0.046092636319975,0.8214875987391752,-0.009988253932500878,0.4855000202212162,0.27288208923554524,0.8242152443479231,0.08158765859219624,0.8364626880457088,0.09159429660042627,0.9467018378118197,0.05844953030018754
0.23218584314163215,-0.11626237193388232,0.40275302045549377,-0.08898294062120034,0.6450824128477871,0.06122642648055647,1.0,0.038118830393347326,0.6043161381568574,0.010371161406565207,0.201591310406479,-0.28571280967327967,0.2948318148860335,-0.12619778545711602,0.47043677846222437,-0.12753585967071307,0.23343489588820643,0.05292592578877164,0.20368694625759745
-0.1228923936760403,0.6315029919835254,-0.08251672424819047,0.7442815643386439,0.15639912166090952,0.9313625973646456,0.038118830393347326,1.0,0.13748099824292168,0.90752905231355,-0.09110266552565316,0.45206724499568707,0.30070662407062737,0.8960422797939583,0.10783496753432037,0.9130408265972658,-0.10605672814719702,0.8757752340090903,0.08091237651351187
0.08657617646174942,-0.08896425868865002,0.18664699588962338,-0.06551290631751476,0.2919321651214285,0.046092636319975,0.6043161381568574,0.13748099824292168,1.0,0.22088858541624776,0.012800558512174456,-0.059469128333048495,0.11288412560741315,0.01154527685624937,0.3882002637362551,0.03619972314359727,0.1180868676764113,0.022818734262475538,0.1766908163227961
-0.16762528661357445,0.5772402432522167,-0.1676119695629766,0.6273134966591768,0.11594209655505958,0.8214875987391752,0.010371161406565207,0.90752905231355,0.22088858541624776,1.0,-0.07614090197129983,0.3535794469547803,0.260440898970298,0.8468204615354142,0.15375683004992277,0.8983594110331429,-0.2435212487013804,0.8053581586866837,0.09935886327517895
0.37864170533220437,0.08908652973143955,0.4362855126977912,0.034746107732247435,0.35837594378323806,-0.009988253932500878,0.201591310406479,-0.09110266552565316,0.012800558512174456,-0.07614090197129983,1.0,-0.21271726141923056,0.40666225408617884,-0.13300888916715783,0.3356881617100987,-0.15164236281908447,0.20701001280881282,0.006291044506306844,-0.06212318504306799
0.14769299790702395,0.5368937505539493,0.03258031200422685,0.44650130423990464,-0.18455744364112237,0.4855000202212162,-0.28571280967327967,0.45206724499568707,-0.059469128333048495,0.3535794469547803,-0.21271726141923056,1.0,-0.3138509244602454,0.44961184039373425,-0.19306031713119326,0.42098999451862107,0.2758190614707587,0.4687047521098373,0.12768804505483902
-0.03819052419328306,0.1593102733597504,0.06498308272316664,0.3196227888404995,0.3704292930085376,0.27288208923554524,0.2948318148860335,0.30070662407062737,0.11288412560741315,0.260440898970298,0.40666225408617884,-0.3138509244602454,1.0,0.29138787609437894,0.5754695742013506,0.3221195888508515,-0.1823145126269035,0.25433839592224244,-0.20500124250669335
-0.11597966791430166,0.6889794912241125,-0.16681423684040003,0.7590573222304954,0.041402946168381936,0.8242152443479231,-0.12619778545711602,0.8960422797939583,0.01154527685624937,0.8468204615354142,-0.13300888916715783,0.44961184039373425,0.29138787609437894,1.0,0.029487082459794558,0.9656288601571892,-0.1930277694685457,0.8023047392819463,0.07297618301141254
0.17210242771450884,0.028983661943810878,0.2980484128187158,0.0772551000636154,0.4369744331324979,0.08158765859219624,0.47043677846222437,0.10783496753432037,0.3882002637362551,0.15375683004992277,0.3356881617100987,-0.19306031713119326,0.5754695742013506,0.029487082459794558,1.0,0.04175332945486335,0.08598621827002889,0.07360210939086445,0.11661281413229262
-0.19641274128704717,0.6530349617461687,-0.2213193223110585,0.744846201944279,0.020444382248441046,0.8364626880457088,-0.12753585967071307,0.9130408265972658,0.03619972314359727,0.8983594110331429,-0.15164236281908447,0.42098999451862107,0.3221195888508515,0.9656288601571892,0.04175332945486335,1.0,-0.26971932606118093,0.820217889023966,0.039571168189993754
0.6157673282475443,0.1751397658454602,0.7492580122226857,0.16488793521518913,0.4796784550118105,0.09159429660042627,0.23343489588820643,-0.10605672814719702,0.1180868676764113,-0.2435212487013804,0.20701001280881282,0.2758190614707587,-0.1823145126269035,-0.1930277694685457,0.08598621827002889,-0.26971932606118093,1.0,0.09456729875710948,0.34131583912115354
0.0469836367243314,0.7338615322912532,0.10281520106329672,0.8801602235049579,0.32365463433043445,0.9467018378118197,0.05292592578877164,0.8757752340090903,0.022818734262475538,0.8053581586866837,0.006291044506306844,0.4687047521098373,0.25433839592224244,0.8023047392819463,0.07360210939086445,0.820217889023966,0.09456729875710948,1.0,0.0599096270213159
0.16732426461454356,0.05629880533047183,0.21812597879821113,0.022232717124143327,0.17603380457163934,0.05844953030018754,0.20368694625759745,0.08091237651351187,0.1766908163227961,0.09935886327517895,-0.06212318504306799,0.12768804505483902,-0.20500124250669335,0.07297618301141254,0.11661281413229262,0.039571168189993754,0.34131583912115354,0.0599096270213159,1.0
