0,1,2,3,4,5,6,7,8,9,10,11,12,13,14,15,16,17,18
1.0,0.6236321724177615,0.7070504187912082,0.582303214945353,0.26608834159528894,0.226940539826478,0.12423661776742836,-0.04254406309751992,-0.16339701959908504,-0.05387910701205791,0.4676084524150966,0.15709403183101536,0.42364145798965513,0.1748590762089846,0.13711509162814414,-0.008656650977417545,0.8355976989158014,0.22742635942788011,0.1630425783821914
0.6236321724177615,1.0,0.500728260368713,0.8228444509742081,0.12044216330954954,0.43687603429225885,-0.0247353335763426,0.3040155621688066,-0.1593472120737418,0.2995507375696324,0.2150398030078719,0.42298066473352713,0.20522749435137722,0.48985331872630666,0.07222159833080109,0.44735035925553973,0.5894307148870681,0.47793460378155844,-0.0017222860870068103
0.7070504187912082,0.500728260368713,1.0,0.7079415104856221,0.4743319210199568,0.37467603158911816,0.20860389430857437,-0.05422486562629877,-0.04512541685602513,-0.06958413425648775,0.44450972962478735,0.18384838845704998,0.526879354432375,0.21590157539497923,0.20445291009846076,-0.027026868636877057,0.8680155802849259,0.3446225372216105,0.24723557781747435
0.582303214945353,0.8228444509742081,0.7079415104856221,1.0,0.22033936272580965,0.518370659664079,0.029124615991713978,0.2915812672364416,-0.09871639149704833,0.28578052081478983,0.2745455083834133,0.4838484687716508,0.28353769363362374,0.5109750421283901,0.17285629905125208,0.4269894187293203,0.7719045258654654,0.5053979637355008,0.0400108992892345
0.26608834159528894,0.12044216330954954,0.4743319210199568,0.22033936272580965,1.0,0.5049260671289573,0.7151181668665135,0.2109713489543766,0.4359371589967484,0.17160424744490452,0.20714489603666722,-0.04613839798454969,0.6742973340996339,0.26589337486700054,0.4206895852610893,0.058296004931234595,0.29800852346263645,0.5296480338433145,0.6114625645901873
0.226940539826478,0.43687603429225885,0.37467603158911816,0.518370659664079,0.5049260671289573,1.0,0.3574308122764626,0.5855223671872185,0.2252529890436673,0.5145295494366142,0.1333207649500348,0.2253276256561265,0.3415551125070576,0.7269632789515312,0.3255848128504311,0.5592091847202454,0.23396764821411042,0.7287923510443758,0.4033668001088959
0.12423661776742836,-0.0247353335763426,0.20860389430857437,0.029124615991713978,0.7151181668665135,0.3574308122764626,1.0,0.35254905368870043,0.708068752247252,0.3236802471904565,0.09109459330149436,-0.0571945910414215,0.5344057987281565,0.1733481304785563,0.588523765311135,0.136293785574701,0.12032777421663328,0.28053233883370315,0.7366156371370158
-0.04254406309751992,0.3040155621688066,-0.05422486562629877,0.2915812672364416,0.2109713489543766,0.5855223671872185,0.35254905368870043,1.0,0.4882987346611344,0.9770837635906013,-0.029247979433831003,0.148356853760356,-0.020990210561467857,0.5441441826487283,0.17998373204786106,0.7582180269222635,-0.05700744882688516,0.542471694882337,0.4689672457434602
-0.16339701959908504,-0.1593472120737418,-0.04512541685602513,-0.09871639149704833,0.4359371589967484,0.2252529890436673,0.708068752247252,0.4882987346611344,1.0,0.481084745565049,-0.05637269685346978,-0.2831496996818126,0.12628003486487893,0.1527982085375411,0.32003177380980774,0.26668266492626785,-0.1937801644170458,0.21732096673298656,0.5019643358693141
-0.05387910701205791,0.2995507375696324,-0.06958413425648775,0.28578052081478983,0.17160424744490452,0.5145295494366142,0.3236802471904565,0.9770837635906013,0.481084745565049,1.0,-0.03131750111716381,0.1635475903966402,-0.052395050924540866,0.4890767268439156,0.16111628894891306,0.7424833530030276,-0.06340066822225,0.48660648078813656,0.43701381756229735
0.4676084524150966,0.2150398030078719,0.44450972962478735,0.2745455083834133,0.20714489603666722,0.1333207649500348,0.09109459330149436,-0.029247979433831003,-0.05637269685346978,-0.03131750111716381,1.0,-0.02104995694875984,0.4236902242132197,0.09125377309003585,0.10040499532726237,-0.03651122568045477,0.4096504911840896,0.11902975192275132,0.1414057446840071
0.15709403183101536,0.42298066473352713,0.18384838845704998,0.4838484687716508,-0.04613839798454969,0.2253276256561265,-0.0571945910414215,0.148356853760356,-0.2831496996818126,0.1635475903966402,-0.02104995694875984,1.0,0.054521202822965846,0.394821922708341,0.0717600041771474,0.3491404930835686,0.17605340278930037,0.21705115049989482,-0.0812014433451841
0.42364145798965513,0.20522749435137722,0.526879354432375,0.28353769363362374,0.6742973340996339,0.3415551125070576,0.5344057987281565,-0.020990210561467857,0.12628003486487893,-0.052395050924540866,0.4236902242132197,0.054521202822965846,1.0,0.26616200472721663,0.5226314130992468,-0.013553781383614941,0.386342133957891,0.2645501534679068,0.3470903527956794
0.1748590762089846,0.48985331872630666,0.21590157539497923,0.5109750421283901,0.26589337486700054,0.7269632789515312,0.1733481304785563,0.5441441826487283,0.1527982085375411,0.4890767268439156,0.09125377309003585,0.394821922708341,0.26616200472721663,1.0,0.24512628900538425,0.6910904704059718,0.16814734004859552,0.5345760342544508,0.12670487594463267
0.13711509162814414,0.07222159833080109,0.20445291009846076,0.17285629905125208,0.4206895852610893,0.3255848128504311,0.588523765311135,0.17998373204786106,0.32003177380980774,0.16111628894891306,0.10040499532726237,0.0717600041771474,0.5226314130992468,0.24512628900538425,1.0,0.2566521781476635,0.11930339187967043,0.1540622291257843,0.3086097175876641
-0.008656650977417545,0.44735035925553973,-0.027026868636877057,0.4269894187293203,0.058296004931234595,0.5592091847202454,0.136293785574701,0.7582180269222635,0.26668266492626785,0.7424833530030276,-0.03651122568045477,0.3491404930835686,-0.013553781383614941,0.6910904704059718,0.2566521781476635,1.0,-0.02403095546091636,0.48376455023647175,0.09401681681200728
0.8355976989158014,0.5894307148870681,0.8680155802849259,0.7719045258654654,0.29800852346263645,0.23396764821411042,0.12032777421663328,-0.05700744882688516,-0.1937801644170458,-0.06340066822225,0.4096504911840896,0.17605340278930037,0.386342133957891,0.16814734004859552,0.11930339187967043,-0.02403095546091636,1.0,0.20897431758654467,0.19075307878736855
0.22742635942788011,0.47793460378155844,0.3446225372216105,0.5053979637355008,0.5296480338433145,0.7287923510443758,0.28053233883370315,0.542471694882337,0.21732096673298656,0.48660648078813656,0.11902975192275132,0.21705115049989482,0.2645501534679068,0.5345760342544508,0.1540622291257843,0.48376455023647175,0.20897431758654467,1.0,0.3838536518294583
0.1630425783821914,-0.0017222860870068103,0.24723557781747435,0.0400108992892345,0.6114625645901873,0.4033668001088959,0.7366156371370158,0.4689672457434602,0.5019643358693141,0.43701381756229735,0.1414057446840071,-0.0812014433451841,0.3470903527956794,0.12670487594463267,0.3086097175876641,0.09401681681200728,0.19075307878736855,0.3838536518294583,1.0
