0,1,2,3,4,5,6,7,8,9,10,11,12,13,14,15,16,17,18
1.0,0.415439293977931,0.6677487660982836,0.39810495491175596,0.26241199862983366,0.013997274735999866,0.08375673921317371,-0.15129654705757414,-0.1825965424909598,-0.17790533171889777,0.6294220699532066,0.249835387848805,0.43558527793973717,0.016207428591006337,0.12412015262978941,-0.094564293062942,0.7793264782985088,0.014015295129231714,0.062453709920104586
0.415439293977931,1.0,0.24897950587270706,0.8624191664410179,0.013367485692021862,0.4554350814884782,0.01851908836160411,0.3752634343453243,-0.09391684682048171,0.3492639505446982,0.19405473792460873,0.6165850841788031,0.08842943995640785,0.6205912665173816,-0.015010192296308853,0.5808719920831259,0.44007084896378734,0.5265216348807119,-0.03020962026967203
0.6677487660982836,0.24897950587270706,1.0,0.4680554479442013,0.5772922094658736,0.13264388258284096,0.26796587160044605,-0.17638573642525024,0.02809857369522458,-0.20262773000896023,0.4738450115210104,0.02442137916883468,0.6068504640657553,0.00919712017674759,0.23871916341166635,-0.17481877152556372,0.8566265699258738,0.09503496202511677,0.20819525395594132
0.39810495491175596,0.8624191664410179,0.4680554479442013,1.0,0.17040073755970792,0.5624596039139146,0.10149695956095271,0.3891703302199806,-0.014570289568382636,0.3480318339840971,0.24570768961552625,0.5998152690679907,0.2507813827410606,0.669153737245769,0.06561230448889725,0.5736758484451201,0.6105243902479375,0.6238907421011052,0.05006341175840574
0.26241199862983366,0.013367485692021862,0.5772922094658736,0.17040073755970792,1.0,0.30837368811648574,0.6410976357915626,0.023697184352996302,0.3181492619633959,0.003573859538606238,0.18260123672736542,-0.05075090723574745,0.6027747940948316,0.03691397237531337,0.38853248282188335,-0.12042666084925513,0.38680264474790765,0.3181921315509749,0.49907032203429874
0.013997274735999866,0.4554350814884782,0.13264388258284096,0.5624596039139146,0.30837368811648574,1.0,0.2723336889793271,0.6451078706965768,0.1916134820969923,0.596610982781087,-0.005868644212023243,0.357283862137403,0.17522666523182437,0.787862709558867,0.11576789018345589,0.6565071298173466,0.08913961846017852,0.7981741682962996,0.3845449173768623
0.08375673921317371,0.01851908836160411,0.26796587160044605,0.10149695956095271,0.6410976357915626,0.2723336889793271,1.0,0.2983337376909983,0.7443299241136233,0.283888494369299,0.08322097292155702,0.0006766318510506591,0.42145693594685935,0.1356703054712989,0.5523247855714115,0.08844850003301541,0.1511317277043467,0.2633909014590582,0.6865652183169593
-0.15129654705757414,0.3752634343453243,-0.17638573642525024,0.3891703302199806,0.023697184352996302,0.6451078706965768,0.2983337376909983,1.0,0.461912891464886,0.9816451896183223,-0.11494154247651825,0.3320296445140921,-0.06472837905833914,0.6849082089543321,0.01285083383233594,0.8013251939840235,-0.16009137165291742,0.6289313267331615,0.43158889503123066
-0.1825965424909598,-0.09391684682048171,0.02809857369522458,-0.014570289568382636,0.3181492619633959,0.1916134820969923,0.7443299241136233,0.461912891464886,1.0,0.4724165536409064,-0.18215530363893284,-0.17894210961053755,0.013679617895003047,0.11962015595401806,0.3148122801176785,0.19492236428288154,-0.13312761470329737,0.22029073374019795,0.5882667767395924
-0.17790533171889777,0.3492639505446982,-0.20262773000896023,0.3480318339840971,0.003573859538606238,0.596610982781087,0.283888494369299,0.9816451896183223,0.4724165536409064,1.0,-0.1347233331215693,0.30429974167944573,-0.10269155682055196,0.6441091019757648,-0.009793556004362361,0.7812470679940674,-0.19041940510506694,0.5850537855351251,0.41942918015217306
0.6294220699532066,0.19405473792460873,0.4738450115210104,0.24570768961552625,0.18260123672736542,-0.005868644212023243,0.08322097292155702,-0.11494154247651825,-0.18215530363893284,-0.1347233331215693,1.0,0.5042573496862517,0.4864364182080232,-0.012665852677092707,0.16233613930598362,-0.0867915450693104,0.36510191464661684,-0.030288282795305328,-0.01551632124117565
0.249835387848805,0.6165850841788031,0.02442137916883468,0.5998152690679907,-0.05075090723574745,0.357283862137403,0.0006766318510506591,0.3320296445140921,-0.17894210961053755,0.30429974167944573,0.5042573496862517,1.0,0.10132949419299278,0.5449197032942278,-0.02656449251894967,0.5224441076996176,0.08357380488074816,0.4223633485549358,-0.10133292542254917
0.43558527793973717,0.08842943995640785,0.6068504640657553,0.2507813827410606,0.6027747940948316,0.17522666523182437,0.42145693594685935,-0.06472837905833914,0.013679617895003047,-0.10269155682055196,0.4864364182080232,0.10132949419299278,1.0,0.10507515141440565,0.48449278073703866,-0.06636768177951663,0.4278105719888772,0.11888884921540424,0.1280944688854932
0.016207428591006337,0.6205912665173816,0.00919712017674759,0.669153737245769,0.03691397237531337,0.787862709558867,0.1356703054712989,0.6849082089543321,0.11962015595401806,0.6441091019757648,-0.012665852677092707,0.5449197032942278,0.10507515141440565,1.0,0.05483847514845781,0.8380764793162899,0.09267170054653687,0.6830249997768792,0.12025055223746228
0.12412015262978941,-0.015010192296308853,0.23871916341166635,0.06561230448889725,0.38853248282188335,0.11576789018345589,0.5523247855714115,0.01285083383233594,0.3148122801176785,-0.009793556004362361,0.16233613930598362,-0.02656449251894967,0.48449278073703866,0.05483847514845781,1.0,0.021607942828625604,0.09878421748499988,0.0717071739932988,0.206951987764215
-0.094564293062942,0.5808719920831259,-0.17481877152556372,0.5736758484451201,-0.12042666084925513,0.6565071298173466,0.08844850003301541,0.8013251939840235,0.19492236428288154,0.7812470679940674,-0.0867915450693104,0.5224441076996176,-0.06636768177951663,0.8380764793162899,0.021607942828625604,1.0,-0.07811343521719712,0.6339943875087303,0.09741947901486636
0.7793264782985088,0.44007084896378734,0.8566265699258738,0.6105243902479375,0.38680264474790765,0.08913961846017852,0.1511317277043467,-0.16009137165291742,-0.13312761470329737,-0.19041940510506694,0.36510191464661684,0.08357380488074816,0.4278105719888772,0.09267170054653687,0.09878421748499988,-0.07811343521719712,1.0,0.0833623878425551,0.16530446177127156
0.014015295129231714,0.5265216348807119,0.09503496202511677,0.6238907421011052,0.3181921315509749,0.7981741682962996,0.2633909014590582,0.6289313267331615,0.22029073374019795,0.5850537855351251,-0.030288282795305328,0.4223633485549358,0.11888884921540424,0.6830249997768792,0.0717071739932988,0.6339943875087303,0.0833623878425551,1.0,0.32737758318277255
0.062453709920104586,-0.03020962026967203,0.20819525395594132,0.05006341175840574,0.49907032203429874,0.3845449173768623,0.6865652183169593,0.43158889503123066,0.5882667767395924,0.41942918015217306,-0.01551632124117565,-0.10133292542254917,0.1280944688854932,0.12025055223746228,0.206951987764215,0.09741947901486636,0.16530446177127156,0.32737758318277255,1.0
