0,1,2,3,4,5,6,7,8,9,10,11,12,13,14,15,16,17,18
1.0,0.4545759793884043,0.6679794837866029,0.4814743683317225,0.3782227388448518,0.15215625696576918,0.15255031500624006,-0.0941570379697785,-0.13929090224920865,-0.14031947206491044,0.44096304950215065,0.32027127958287427,0.4468265314501249,0.18309258899031597,0.14303026991171652,-0.0948142418105297,0.7582266788763762,0.2201976174687242,0.041165768450769
0.4545759793884043,1.0,0.3680069855590027,0.7871932015554124,0.17175937404195227,0.2936319145927863,-0.07325324311388773,0.1435674085801843,-0.1901387524209035,0.1075325071067913,0.11016143074932593,0.46669999365205705,0.1367940249871451,0.4083931352112674,-0.05376074721094109,0.38049863939690926,0.4934751726857601,0.44779854412924736,-0.17838788717163978
0.6679794837866029,0.3680069855590027,1.0,0.6425032809524446,0.5851014878755116,0.2192491991758215,0.24700053861094812,-0.008988646347695011,0.049139389049632075,-0.06416128434290036,0.42995984885327715,0.1826372273603719,0.5729331945859908,0.2300716301776717,0.20803149783785657,-0.05103304490047222,0.8428936879831866,0.32444943995920195,0.12034631679189431
0.4814743683317225,0.7871932015554124,0.6425032809524446,1.0,0.3515812797650386,0.41088245623895425,0.061146835825973946,0.22416267262528006,-0.039482810522479705,0.1705073420148768,0.2332626629173637,0.4348147726466065,0.3095530730848315,0.487754753272034,0.0570307419623027,0.3650910286235933,0.753506888338991,0.5458061776066344,-0.07313625132502732
0.3782227388448518,0.17175937404195227,0.5851014878755116,0.3515812797650386,1.0,0.4249281087093062,0.6649358755396296,0.16787305054819784,0.32539275917670335,0.11074474957688787,0.23689502827389824,0.06742598131034147,0.605387878830531,0.21196915136634376,0.3595501057164295,0.016188778670111318,0.4675150421870655,0.5175334041509397,0.43958360689733833
0.15215625696576918,0.2936319145927863,0.2192491991758215,0.41088245623895425,0.4249281087093062,1.0,0.29840314311670424,0.5287744765710423,0.12808180280860282,0.4390099872824377,0.05648150293331703,0.14208849992507552,0.22641418530937102,0.6427020670262572,0.1443908687606105,0.48486855309628424,0.15778710452425523,0.741098525902838,0.3389518305772721
0.15255031500624006,-0.07325324311388773,0.24700053861094812,0.061146835825973946,0.6649358755396296,0.29840314311670424,1.0,0.41132792538213303,0.7339584501140616,0.36796828544003723,0.10744915526036028,-0.10803835615306495,0.4910607147828433,0.12768360041448049,0.5501883560195386,0.06549805450897374,0.18602619313058982,0.2704080899504906,0.6595115256039887
-0.0941570379697785,0.1435674085801843,-0.008988646347695011,0.22416267262528006,0.16787305054819784,0.5287744765710423,0.41132792538213303,1.0,0.4779434788343839,0.9749920959872831,-0.010379470236495193,0.003489442773400904,0.10539323509891593,0.44037001186468056,0.185958304220329,0.6832173941146328,-0.028088062650339245,0.37775109419017167,0.4465134719267682
-0.13929090224920865,-0.1901387524209035,0.049139389049632075,-0.039482810522479705,0.32539275917670335,0.12808180280860282,0.7339584501140616,0.4779434788343839,1.0,0.4977028601830126,-0.07859928682613163,-0.18984726237847646,0.10024221805670362,-0.012626265848193714,0.37129744119346775,0.13135159536549124,-0.10573512371010708,0.10847486767879524,0.5259375583534369
-0.14031947206491044,0.1075325071067913,-0.06416128434290036,0.1705073420148768,0.11074474957688787,0.4390099872824377,0.36796828544003723,0.9749920959872831,0.4977028601830126,1.0,-0.03052470968862668,-0.010389184106827928,0.03467765502077614,0.3638202250475069,0.15012385894104333,0.6625387294285389,-0.08522737974438693,0.3042709858218764,0.41767714171524734
0.44096304950215065,0.11016143074932593,0.42995984885327715,0.2332626629173637,0.23689502827389824,0.05648150293331703,0.10744915526036028,-0.010379470236495193,-0.07859928682613163,-0.03052470968862668,1.0,-0.07074774977940457,0.5041856928306672,0.03715111105723183,0.1902873862222769,-0.056181020892256524,0.3777257016141732,0.05365224974474956,-0.038262399943132235
0.32027127958287427,0.46669999365205705,0.1826372273603719,0.4348147726466065,0.06742598131034147,0.14208849992507552,-0.10803835615306495,0.003489442773400904,-0.18984726237847646,-0.010389184106827928,-0.07074774977940457,1.0,0.0902805523051663,0.5101907894839266,-0.08990542991888235,0.33948200046396243,0.18582939841970514,0.14313422911647627,-0.1873517681869153
0.4468265314501249,0.1367940249871451,0.5729331945859908,0.3095530730848315,0.605387878830531,0.22641418530937102,0.4910607147828433,0.10539323509891593,0.10024221805670362,0.03467765502077614,0.5041856928306672,0.0902805523051663,1.0,0.29738341210266306,0.535120484800816,0.0674780263136829,0.4057848293016965,0.20443069625257462,0.08526368406826104
0.18309258899031597,0.4083931352112674,0.2300716301776717,0.487754753272034,0.21196915136634376,0.6427020670262572,0.12768360041448049,0.44037001186468056,-0.012626265848193714,0.3638202250475069,0.03715111105723183,0.5101907894839266,0.29738341210266306,1.0,0.12595433452679722,0.6645037026585847,0.22967932009158826,0.41487963002822037,0.0673761334029817
0.14303026991171652,-0.05376074721094109,0.20803149783785657,0.0570307419623027,0.3595501057164295,0.1443908687606105,0.5501883560195386,0.185958304220329,0.37129744119346775,0.15012385894104333,0.1902873862222769,-0.08990542991888235,0.535120484800816,0.12595433452679722,1.0,0.11686680605045173,0.058617400734705886,0.1070410313554214,0.16881010843297325
-0.0948142418105297,0.38049863939690926,-0.05103304490047222,0.3650910286235933,0.016188778670111318,0.48486855309628424,0.06549805450897374,0.6832173941146328,0.13135159536549124,0.6625387294285389,-0.056181020892256524,0.33948200046396243,0.0674780263136829,0.6645037026585847,0.11686680605045173,1.0,-0.05548259036548514,0.35248055162456376,0.003311496947987056
0.7582266788763762,0.4934751726857601,0.8428936879831866,0.753506888338991,0.4675150421870655,0.15778710452425523,0.18602619313058982,-0.028088062650339245,-0.10573512371010708,-0.08522737974438693,0.3777257016141732,0.18582939841970514,0.4057848293016965,0.22967932009158826,0.058617400734705886,-0.05548259036548514,1.0,0.28554392102998116,0.13807539249883663
0.2201976174687242,0.44779854412924736,0.32444943995920195,0.5458061776066344,0.5175334041509397,0.741098525902838,0.2704080899504906,0.37775109419017167,0.10847486767879524,0.3042709858218764,0.05365224974474956,0.14313422911647627,0.20443069625257462,0.41487963002822037,0.1070410313554214,0.35248055162456376,0.28554392102998116,1.0,0.3080328958774547
0.041165768450769,-0.17838788717163978,0.12034631679189431,-0.07313625132502732,0.43958360689733833,0.3389518305772721,0.6595115256039887,0.4465134719267682,0.5259375583534369,0.41767714171524734,-0.038262399943132235,-0.1873517681869153,0.08526368406826104,0.0673761334029817,0.16881010843297325,0.003311496947987056,0.13807539249883663,0.3080328958774547,1.0
