0,1,2,3,4,5,6,7,8,9,10,11,12,13,14,15,16,17,18
1.0,0.45395497892689446,0.7096552490004632,0.4585534248831029,0.3195858489700037,0.14150626951198253,0.1284023979002608,-0.05202430662772674,-0.09916711143925905,-0.08089827272808722,0.660373602514872,0.17115973935126522,0.5341011935280241,0.15523666090065444,0.1236820869778236,-0.059120049346214745,0.7852094194742593,0.20901854850400697,0.057011422109157286
0.45395497892689446,1.0,0.4441008555191282,0.807012551918265,0.09505147607345679,0.3644314919686082,-0.06064893708598993,0.2758594414743905,-0.13996406261116603,0.25749771005909655,0.3268555859947334,0.5676637339021833,0.24740823873562773,0.47688457051132344,0.05831611269511358,0.4616762491447799,0.5008100760117714,0.4637371007296067,-0.17433856589153812
0.7096552490004632,0.4441008555191282,1.0,0.680099624330704,0.5239881467504864,0.3474885324980035,0.22395928053724207,0.0733509277546787,0.08432441625089754,0.04135671921922343,0.5815029619708267,0.18851673636696184,0.5963779566620261,0.2734321038944421,0.20385425296263013,0.058100794911508345,0.8763604320989947,0.3677475663285359,0.1980292934717451
0.4585534248831029,0.807012551918265,0.680099624330704,1.0,0.23596015004091106,0.543790838089455,0.05259279540660822,0.3685763513038338,-0.015934553867061222,0.3377779837968021,0.3754898864778308,0.5629214122396516,0.34369917747821577,0.5638686918697318,0.1582101610388467,0.4836414691068035,0.7483267026075077,0.5563828101494714,-0.005643496011842935
0.3195858489700037,0.09505147607345679,0.5239881467504864,0.23596015004091106,1.0,0.4087281303102905,0.6902461142477135,0.16592951086094587,0.4228684889119976,0.1387003588871358,0.2801552683800191,0.08142335846028387,0.6671149204328566,0.2254107759946181,0.47677817504292874,0.12191813456774413,0.3593262065594642,0.5276864141190106,0.5519211025237408
0.14150626951198253,0.3644314919686082,0.3474885324980035,0.543790838089455,0.4087281303102905,1.0,0.3781153390508152,0.638800113862906,0.2563462587429654,0.5559994328208626,0.17539583385546534,0.3798610644460034,0.346444793264743,0.7703225264533866,0.3122296054979683,0.6152282132581267,0.26192237359592285,0.7351034960094841,0.4501223357184107
0.1284023979002608,-0.06064893708598993,0.22395928053724207,0.05259279540660822,0.6902461142477135,0.3781153390508152,1.0,0.45689715565780364,0.7736359963098651,0.42894252905873437,0.1537790468298306,0.013749373185291482,0.5415765644830739,0.23747924912525967,0.6655074780561236,0.21831786954522767,0.12500880503360115,0.34917629825854835,0.7671195000500868
-0.05202430662772674,0.2758594414743905,0.0733509277546787,0.3685763513038338,0.16592951086094587,0.638800113862906,0.45689715565780364,1.0,0.5308374489541565,0.9807453548450723,0.0646162596978434,0.31913388605474213,0.1752517141660205,0.6250420847661221,0.2881038898867076,0.7518032196113115,0.026950794493016853,0.47744508602588787,0.4838336048855178
-0.09916711143925905,-0.13996406261116603,0.08432441625089754,-0.015934553867061222,0.4228684889119976,0.2563462587429654,0.7736359963098651,0.5308374489541565,1.0,0.5514249082542896,-0.08045460752840244,-0.08834992461756717,0.16072893409477984,0.1298907278416306,0.4967154488743121,0.25934317921325456,-0.08947738648101798,0.18645607761188243,0.6636552639428648
-0.08089827272808722,0.25749771005909655,0.04135671921922343,0.3377779837968021,0.1387003588871358,0.5559994328208626,0.42894252905873437,0.9807453548450723,0.5514249082542896,1.0,0.0367588928169836,0.30187064813740977,0.12175161750610246,0.5560373776133833,0.25580585723110494,0.7263521563032955,-0.006301694885753414,0.4210643169124698,0.45568375825061247
0.660373602514872,0.3268555859947334,0.5815029619708267,0.3754898864778308,0.2801552683800191,0.17539583385546534,0.1537790468298306,0.0646162596978434,-0.08045460752840244,0.0367588928169836,1.0,0.13693463668722491,0.6661010931033207,0.2339788543399432,0.13951315859295102,0.006644764654502673,0.5479218914898373,0.17149263402397733,0.058899079759399356
0.17115973935126522,0.5676637339021833,0.18851673636696184,0.5629214122396516,0.08142335846028387,0.3798610644460034,0.013749373185291482,0.31913388605474213,-0.08834992461756717,0.30187064813740977,0.13693463668722491,1.0,0.13929460499209032,0.5668105066190244,0.06919302556584145,0.5821457514580745,0.1634811549117543,0.43369661755586025,-0.10532048884078277
0.5341011935280241,0.24740823873562773,0.5963779566620261,0.34369917747821577,0.6671149204328566,0.346444793264743,0.5415765644830739,0.1752517141660205,0.16072893409477984,0.12175161750610246,0.6661010931033207,0.13929460499209032,1.0,0.3523602529627825,0.492382581837698,0.13447853162951498,0.47096891584291,0.3615079138524174,0.3011709791906053
0.15523666090065444,0.47688457051132344,0.2734321038944421,0.5638686918697318,0.2254107759946181,0.7703225264533866,0.23747924912525967,0.6250420847661221,0.1298907278416306,0.5560373776133833,0.2339788543399432,0.5668105066190244,0.3523602529627825,1.0,0.2920411547118561,0.7544943131471825,0.2558875964844425,0.5288141818826698,0.20925583269145417
0.1236820869778236,0.05831611269511358,0.20385425296263013,0.1582101610388467,0.47677817504292874,0.3122296054979683,0.6655074780561236,0.2881038898867076,0.4967154488743121,0.25580585723110494,0.13951315859295102,0.06919302556584145,0.492382581837698,0.2920411547118561,1.0,0.28274251454739086,0.10950921150855136,0.2601805405903412,0.3981470012590892
-0.059120049346214745,0.4616762491447799,0.058100794911508345,0.4836414691068035,0.12191813456774413,0.6152282132581267,0.21831786954522767,0.7518032196113115,0.25934317921325456,0.7263521563032955,0.006644764654502673,0.5821457514580745,0.13447853162951498,0.7544943131471825,0.28274251454739086,1.0,0.026973970835645872,0.5327651772722122,0.1844162302064341
0.7852094194742593,0.5008100760117714,0.8763604320989947,0.7483267026075077,0.3593262065594642,0.26192237359592285,0.12500880503360115,0.026950794493016853,-0.08947738648101798,-0.006301694885753414,0.5479218914898373,0.1634811549117543,0.47096891584291,0.2558875964844425,0.10950921150855136,0.026973970835645872,1.0,0.2695915004078366,0.12912302262386954
0.20901854850400697,0.4637371007296067,0.3677475663285359,0.5563828101494714,0.5276864141190106,0.7351034960094841,0.34917629825854835,0.47744508602588787,0.18645607761188243,0.4210643169124698,0.17149263402397733,0.43369661755586025,0.3615079138524174,0.5288141818826698,0.2601805405903412,0.5327651772722122,0.2695915004078366,1.0,0.3678579846559752
0.057011422109157286,-0.17433856589153812,0.1980292934717451,-0.005643496011842935,0.5519211025237408,0.4501223357184107,0.7671195000500868,0.4838336048855178,0.6636552639428648,0.45568375825061247,0.058899079759399356,-0.10532048884078277,0.3011709791906053,0.20925583269145417,0.3981470012590892,0.1844162302064341,0.12912302262386954,0.3678579846559752,1.0
