0,1,2,3,4,5,6,7,8,9,10,11,12,13,14,15,16,17,18
1.0,0.5984784014561803,0.9216681743746511,0.6776263037289844,0.5862561956147793,0.5661002399483269,-0.13946190906746989,0.3436340816863032,-0.17569808479272844,0.3474425972146527,0.7832448080381799,0.3714525793168134,0.5137704980843861,0.41805318332886754,-0.1254749806765673,0.3337322568120401,0.8224123323339166,0.5998339692679803,0.062343036895144845
0.5984784014561803,1.0,0.6356058085381618,0.8536694996562565,0.4824541487970105,0.7890785944981995,0.017262639449983703,0.4733336977418508,0.004299991412962416,0.47752249941498437,0.374594097152407,0.9087028314888272,0.2631364388602853,0.7668824455677427,-0.048374518527323836,0.6640035455143227,0.6951833294379155,0.6831500830588191,0.1323205864309547
0.9216681743746511,0.6356058085381618,1.0,0.7586454816559467,0.723942624510092,0.6251324549375258,-0.09547265601734443,0.3310879039844543,-0.1500091683664881,0.3349578790976832,0.6936594104557307,0.45109818384646244,0.4786003510609144,0.4578044749907855,-0.147786472336676,0.34854135868968106,0.8261036441381522,0.6846993212932219,0.0991857948922967
0.6776263037289844,0.8536694996562565,0.7586454816559467,1.0,0.6592646378574801,0.9138359238023518,0.0863577024393059,0.6032704787258205,0.057050622700910394,0.601519660670215,0.5810717529957146,0.8014607132097092,0.482990068317867,0.8034199816528336,0.057198019219753,0.7386056521257639,0.6556316762111914,0.892890988676308,0.17576724168165445
0.5862561956147793,0.4824541487970105,0.723942624510092,0.6592646378574801,1.0,0.6317480548623712,0.08800198788125504,0.33182628306434786,-0.035400014114927235,0.3453469834755959,0.5710309349931194,0.3915766889335998,0.6613611015959784,0.4238498136964489,-0.022143666130522995,0.34818738091017337,0.4794166987408099,0.7228619139769571,0.26551829154421613
0.5661002399483269,0.7890785944981995,0.6251324549375258,0.9138359238023518,0.6317480548623712,1.0,0.1338576048491558,0.6531644833724866,0.08610413590158225,0.6469529537225835,0.5276518270556242,0.7984373743841223,0.5335573513215934,0.865768662048008,0.1258329816845409,0.7651222919896113,0.5356126511295186,0.8811403473370288,0.3048463716601808
-0.13946190906746989,0.017262639449983703,-0.09547265601734443,0.0863577024393059,0.08800198788125504,0.1338576048491558,1.0,0.43338767744179935,0.8705509537073454,0.4124067907228428,-0.1153691375402926,0.026794459160669266,-0.1047172382942622,0.10210804267262841,0.1549659319929053,0.24239541289602928,-0.223042480454883,0.0980590773772665,0.5542610853488861
0.3436340816863032,0.4733336977418508,0.3310879039844543,0.6032704787258205,0.33182628306434786,0.6531644833724866,0.43338767744179935,1.0,0.41139189536380233,0.9772109210968989,0.35929454535941835,0.49397765080952893,0.35448712223672535,0.6420510230581744,0.18016639415798413,0.7936770824485276,0.22619578299460086,0.5792399098014377,0.519450905979158
-0.17569808479272844,0.004299991412962416,-0.1500091683664881,0.057050622700910394,-0.035400014114927235,0.08610413590158225,0.8705509537073454,0.41139189536380233,1.0,0.403274611349485,-0.1582033773033429,0.011284605878192397,-0.19112519497406918,0.05849586727247153,0.061116548447401234,0.24637815126857138,-0.2229027686804973,0.04422450613189808,0.4403293987815211
0.3474425972146527,0.47752249941498437,0.3349578790976832,0.601519660670215,0.3453469834755959,0.6469529537225835,0.4124067907228428,0.9772109210968989,0.403274611349485,1.0,0.3581521067437482,0.4991995864907456,0.36391905706004357,0.6305812482679666,0.18411493447165742,0.7851684680888594,0.22405617347417336,0.5819509593696331,0.49948625799552326
0.7832448080381799,0.374594097152407,0.6936594104557307,0.5810717529957146,0.5710309349931194,0.5276518270556242,-0.1153691375402926,0.35929454535941835,-0.1582033773033429,0.3581521067437482,1.0,0.18158204360576016,0.7126752038955817,0.3393263632556748,0.16492689436642002,0.3274844704169263,0.5378164077323089,0.5805524175294039,0.031111176964024698
0.3714525793168134,0.9087028314888272,0.45109818384646244,0.8014607132097092,0.3915766889335998,0.7984373743841223,0.026794459160669266,0.49397765080952893,0.011284605878192397,0.4991995864907456,0.18158204360576016,1.0,0.12483013331171634,0.8311818053820612,-0.03815066795647751,0.715495254510726,0.4716504307128009,0.6717196496484285,0.15834751778686965
0.5137704980843861,0.2631364388602853,0.4786003510609144,0.482990068317867,0.6613611015959784,0.5335573513215934,-0.1047172382942622,0.35448712223672535,-0.19112519497406918,0.36391905706004357,0.7126752038955817,0.12483013331171634,1.0,0.2935214579087609,0.07473332027609257,0.2736800304407544,0.27414061238994086,0.5941994031406772,0.12168821558336379
0.41805318332886754,0.7668824455677427,0.4578044749907855,0.8034199816528336,0.4238498136964489,0.865768662048008,0.10210804267262841,0.6420510230581744,0.05849586727247153,0.6305812482679666,0.3393263632556748,0.8311818053820612,0.2935214579087609,1.0,0.07784783229620158,0.7980395777039049,0.3881554746863851,0.7356188424405307,0.22039161822056194
-0.1254749806765673,-0.048374518527323836,-0.147786472336676,0.057198019219753,-0.022143666130522995,0.1258329816845409,0.1549659319929053,0.18016639415798413,0.061116548447401234,0.18411493447165742,0.16492689436642002,-0.03815066795647751,0.07473332027609257,0.07784783229620158,1.0,0.1308893451030908,-0.2879227033446746,0.09361501041643465,0.06093032129237393
0.3337322568120401,0.6640035455143227,0.34854135868968106,0.7386056521257639,0.34818738091017337,0.7651222919896113,0.24239541289602928,0.7936770824485276,0.24637815126857138,0.7851684680888594,0.3274844704169263,0.715495254510726,0.2736800304407544,0.7980395777039049,0.1308893451030908,1.0,0.25602087510084587,0.6792528631918023,0.26870991356797314
0.8224123323339166,0.6951833294379155,0.8261036441381522,0.6556316762111914,0.4794166987408099,0.5356126511295186,-0.223042480454883,0.22619578299460086,-0.2229027686804973,0.22405617347417336,0.5378164077323089,0.4716504307128009,0.27414061238994086,0.3881554746863851,-0.2879227033446746,0.25602087510084587,1.0,0.5349486593964897,0.02812295602450744
0.5998339692679803,0.6831500830588191,0.6846993212932219,0.892890988676308,0.7228619139769571,0.8811403473370288,0.0980590773772665,0.5792399098014377,0.04422450613189808,0.5819509593696331,0.5805524175294039,0.6717196496484285,0.5941994031406772,0.7356188424405307,0.09361501041643465,0.6792528631918023,0.5349486593964897,1.0,0.21587464631899525
0.062343036895144845,0.1323205864309547,0.0991857948922967,0.17576724168165445,0.26551829154421613,0.3048463716601808,0.5542610853488861,0.519450905979158,0.4403293987815211,0.49948625799552326,0.031111176964024698,0.15834751778686965,0.12168821558336379,0.22039161822056194,0.06093032129237393,0.26870991356797314,0.02812295602450744,0.21587464631899525,1.0
