0,1,2,3,4,5,6,7,8,9,10,11,12,13,14,15,16,17,18
1.0,0.6994751957524394,0.8605176226656837,0.6063667328087219,0.41575421731580436,0.44653862215346224,-0.06330476095689119,0.13884737707222436,-0.10185018513817089,0.10452595229268453,0.7599197296232296,0.38349118662882026,0.29834129347781574,0.25546219285810506,0.004399373259095006,0.06482870392455517,0.8130300777589813,0.47138171272750595,0.13227448347802825
0.6994751957524394,1.0,0.6091935253557006,0.769471165111919,0.29546336428863107,0.610037648844015,0.000834452803579709,0.1617880626109797,-0.008639005626585356,0.15677291664211707,0.41128554230060593,0.8032242169409292,0.20158669130341,0.5140322243616807,-0.0003378665599805975,0.31289947725863726,0.7756159364982036,0.4917627213096521,0.12172195431323041
0.8605176226656837,0.6091935253557006,1.0,0.7029898757886966,0.6550671879879167,0.5135097209378297,-0.07207213233138364,0.13077921465007544,-0.13232083327916788,0.10894785032951515,0.6589291213105357,0.3678849752588174,0.3660762300974311,0.27926718355174385,0.004689354969898895,0.06452124517457027,0.7336900269077342,0.6094215463213254,0.16434327245935443
0.6063667328087219,0.769471165111919,0.7029898757886966,1.0,0.5626860477867658,0.8006055808901325,0.06654522025453613,0.25569539983989314,0.03688592485079547,0.2706137791026509,0.4361168479385806,0.7209848558008235,0.4259356714245967,0.5870882704618505,0.0971577159954043,0.40385799918919507,0.5880651994306739,0.7958532912323115,0.16596560584060221
0.41575421731580436,0.29546336428863107,0.6550671879879167,0.5626860477867658,1.0,0.5078642812183111,-0.0023606353513759685,0.11301177072804143,-0.07532423034857287,0.15813980669821,0.42043174275937534,0.2500260204237515,0.6549189651375839,0.23660310239491927,0.04727128099438913,0.09667564598652947,0.26447082245124875,0.6668120801234658,0.17468476171337277
0.44653862215346224,0.610037648844015,0.5135097209378297,0.8006055808901325,0.5078642812183111,1.0,0.22156472971449412,0.3219741290048061,0.16434604349164655,0.32616848442186763,0.29862502050843137,0.7202233436687101,0.4901046954669445,0.6975533586336418,0.03894386392475047,0.4697696158132219,0.3765219140404446,0.7771959279604215,0.3013154278144757
-0.06330476095689119,0.000834452803579709,-0.07207213233138364,0.06654522025453613,-0.0023606353513759685,0.22156472971449412,1.0,0.5727317663500547,0.8929171889487524,0.5613614940882331,-0.22241059812358502,-0.006405767506037319,-0.11750480416441879,0.03933080342579513,0.04075264238367999,0.2808861997575199,-0.10710442142573762,0.1367536152186761,0.5997831232159048
0.13884737707222436,0.1617880626109797,0.13077921465007544,0.25569539983989314,0.11301177072804143,0.3219741290048061,0.5727317663500547,1.0,0.5021698080171509,0.9599100373134041,0.0009170570113574339,0.15372819252189268,0.1360987577559809,0.32299504746426955,0.05361139884402853,0.5821411171396366,0.11130909006010707,0.2854814545717306,0.513797208227149
-0.10185018513817089,-0.008639005626585356,-0.13232083327916788,0.03688592485079547,-0.07532423034857287,0.16434604349164655,0.8929171889487524,0.5021698080171509,1.0,0.5137359841087893,-0.25994275741994255,-0.05184723853190478,-0.2014214619429789,0.008404398237721772,0.04807708995137397,0.33244477179435733,-0.13816799028983812,0.08500245432356468,0.4329340402179912
0.10452595229268453,0.15677291664211707,0.10894785032951515,0.2706137791026509,0.15813980669821,0.32616848442186763,0.5613614940882331,0.9599100373134041,0.5137359841087893,1.0,-0.00879007374658477,0.1688715819032075,0.16313817757644936,0.32311885208059604,0.06512898340004729,0.6041411565248112,0.07136812531164821,0.2963263476655984,0.4751163273126923
0.7599197296232296,0.41128554230060593,0.6589291213105357,0.4361168479385806,0.42043174275937534,0.29862502050843137,-0.22241059812358502,0.0009170570113574339,-0.25994275741994255,-0.00879007374658477,1.0,0.1824701165530572,0.4775819239899506,0.1486635972313385,0.0577325441816698,-0.027812259431748743,0.515493713562589,0.38898978111648164,-0.04311292291003053
0.38349118662882026,0.8032242169409292,0.3678849752588174,0.7209848558008235,0.2500260204237515,0.7202233436687101,-0.006405767506037319,0.15372819252189268,-0.05184723853190478,0.1688715819032075,0.1824701165530572,1.0,0.19662320787416346,0.6697417835590848,-0.15531435914570046,0.37840875799629153,0.43145578152803693,0.5444901028894832,0.10172318080353251
0.29834129347781574,0.20158669130341,0.3660762300974311,0.4259356714245967,0.6549189651375839,0.4901046954669445,-0.11750480416441879,0.1360987577559809,-0.2014214619429789,0.16313817757644936,0.4775819239899506,0.19662320787416346,1.0,0.22202154238826655,-0.03097662030144643,0.08405626237616548,0.029942451869618303,0.564544911823592,0.10997270347878144
0.25546219285810506,0.5140322243616807,0.27926718355174385,0.5870882704618505,0.23660310239491927,0.6975533586336418,0.03933080342579513,0.32299504746426955,0.008404398237721772,0.32311885208059604,0.1486635972313385,0.6697417835590848,0.22202154238826655,1.0,-0.1000300545282025,0.5279720634873549,0.22275785727894298,0.5082699766021828,0.09814307266554384
0.004399373259095006,-0.0003378665599805975,0.004689354969898895,0.0971577159954043,0.04727128099438913,0.03894386392475047,0.04075264238367999,0.05361139884402853,0.04807708995137397,0.06512898340004729,0.0577325441816698,-0.15531435914570046,-0.03097662030144643,-0.1000300545282025,1.0,0.01763541468413243,-0.08598636226249377,0.07525185625940914,-0.07433821454474303
0.06482870392455517,0.31289947725863726,0.06452124517457027,0.40385799918919507,0.09667564598652947,0.4697696158132219,0.2808861997575199,0.5821411171396366,0.33244477179435733,0.6041411565248112,-0.027812259431748743,0.37840875799629153,0.08405626237616548,0.5279720634873549,0.01763541468413243,1.0,0.034686416823546756,0.36014220001593633,0.1482288068944851
0.8130300777589813,0.7756159364982036,0.7336900269077342,0.5880651994306739,0.26447082245124875,0.3765219140404446,-0.10710442142573762,0.11130909006010707,-0.13816799028983812,0.07136812531164821,0.515493713562589,0.43145578152803693,0.029942451869618303,0.22275785727894298,-0.08598636226249377,0.034686416823546756,1.0,0.36324681006475545,0.12741620819092792
0.47138171272750595,0.4917627213096521,0.6094215463213254,0.7958532912323115,0.6668120801234658,0.7771959279604215,0.1367536152186761,0.2854814545717306,0.08500245432356468,0.2963263476655984,0.38898978111648164,0.5444901028894832,0.564544911823592,0.5082699766021828,0.07525185625940914,0.36014220001593633,0.36324681006475545,1.0,0.23250546755477128
0.13227448347802825,0.12172195431323041,0.16434327245935443,0.16596560584060221,0.17468476171337277,0.3013154278144757,0.5997831232159048,0.513797208227149,0.4329340402179912,0.4751163273126923,-0.04311292291003053,0.10172318080353251,0.10997270347878144,0.09814307266554384,-0.07433821454474303,0.1482288068944851,0.12741620819092792,0.23250546755477128,1.0
