0,1,2,3,4,5,6,7,8,9,10,11,12,13,14,15,16,17,18
1.0,0.7747727965915234,0.6616649317886533,0.2645905120335026,0.05415516053278625,-0.09155041176013666,-0.006069941631100325,-0.11437946602692016,-0.337661470670873,-0.27096705282412753,0.8082732964764742,0.001745373842021232,0.32028415752766876,-0.3194082360124503,-0.1452610905501415,-0.42499397820371254,0.4986549797246819,0.0477826678423429,-0.12247642027677628
0.7747727965915234,1.0,0.5217912385535929,0.5287675744537614,0.14201136555801525,0.13864607778167687,0.04453269253779841,0.17714134872716988,-0.1961514215280884,-0.01155929827304428,0.4743764218513035,0.35374096256417437,0.10930766296171031,-0.030915169760054727,-0.15719222168230162,-0.1530153542198779,0.4428560675038486,0.2696009173724941,0.0258019703233609
0.6616649317886533,0.5217912385535929,1.0,0.5828340598086277,0.4355407347946148,0.21701479391719636,0.3752542929039771,0.11372670934442067,-0.08722232207209177,-0.17365442309020387,0.5267922363046427,0.26932058418840094,0.6298735134224572,0.051718030039053904,0.14326355330903548,-0.23729172373959342,0.8709837553555444,0.33822069734113186,0.1722018584996568
0.2645905120335026,0.5287675744537614,0.5828340598086277,1.0,0.28801332447802896,0.5431276534590108,0.2769351180050117,0.5041648891968841,-0.036559306527737805,0.0945031505379975,0.10471310749639513,0.7273100339694815,0.2548484444178208,0.5576835856121882,0.05006085224900287,0.13020239484261734,0.6702267889778243,0.47453849288679945,0.21323107114528106
0.05415516053278625,0.14201136555801525,0.4355407347946148,0.28801332447802896,1.0,0.31667618925363683,0.7711367865427954,0.3856802543325921,0.29050661417093393,0.14620352657855834,0.0035757991772830035,0.09161419717976368,0.5671237386839706,0.17882774176028216,0.4628586009208081,0.1320588022075425,0.4117799342309975,0.5935489160724304,0.43014562683093027
-0.09155041176013666,0.13864607778167687,0.21701479391719636,0.5431276534590108,0.31667618925363683,1.0,0.3669057697031775,0.7165290382479318,0.16948827887829684,0.3138191775492858,-0.12234352239323751,0.39165443684214507,0.18087713901493838,0.7021242968972132,0.22720632662633636,0.44114177921854847,0.3262072866327092,0.5101301713195746,0.43342156755107564
-0.006069941631100325,0.04453269253779841,0.3752542929039771,0.2769351180050117,0.7711367865427954,0.3669057697031775,1.0,0.40730587477129454,0.5863531236239127,0.27529578367007934,-0.05717989471194866,0.12169321238839774,0.515458452752143,0.21586311611402595,0.6583271271884247,0.2351270372528088,0.3681169084624689,0.6065941009729999,0.5949619866186331
-0.11437946602692016,0.17714134872716988,0.11372670934442067,0.5041648891968841,0.3856802543325921,0.7165290382479318,0.40730587477129454,1.0,0.28499243661421086,0.5880252676218904,-0.11025853367411285,0.34341039602517504,0.1912019653456675,0.6497603310689194,0.29877076479644094,0.6645230920156305,0.1987468426057122,0.5333519710849786,0.5285303217873312
-0.337661470670873,-0.1961514215280884,-0.08722232207209177,-0.036559306527737805,0.29050661417093393,0.16948827887829684,0.5863531236239127,0.28499243661421086,1.0,0.5442821913343298,-0.47437459604329024,-0.02157237356715315,-0.12155988344359714,0.04539259430490587,0.43635330138298756,0.3767658842533795,-0.00737908974424457,0.23503777680071816,0.570481184642373
-0.27096705282412753,-0.01155929827304428,-0.17365442309020387,0.0945031505379975,0.14620352657855834,0.3138191775492858,0.27529578367007934,0.5880252676218904,0.5442821913343298,1.0,-0.30435351789776,0.0884123170544221,-0.1727651163779674,0.2058651507070055,0.20849697025804664,0.6820996258369411,-0.1605956795146304,0.3009047785044491,0.43595856862287247
0.8082732964764742,0.4743764218513035,0.5267922363046427,0.10471310749639513,0.0035757991772830035,-0.12234352239323751,-0.05717989471194866,-0.11025853367411285,-0.47437459604329024,-0.30435351789776,1.0,-0.29100150235929517,0.5358252935481995,-0.3891086549944055,-0.09964996707418912,-0.4176697565710802,0.2919535262269855,-0.08580593154081083,-0.29342236631868734
0.001745373842021232,0.35374096256417437,0.26932058418840094,0.7273100339694815,0.09161419717976368,0.39165443684214507,0.12169321238839774,0.34341039602517504,-0.02157237356715315,0.0884123170544221,-0.29100150235929517,1.0,-0.13491016136704095,0.5992542484587007,-0.1225219461648379,0.10722713769344297,0.4317606556278206,0.27160324128099855,0.17773858115827557
0.32028415752766876,0.10930766296171031,0.6298735134224572,0.2548484444178208,0.5671237386839706,0.18087713901493838,0.515458452752143,0.1912019653456675,-0.12155988344359714,-0.1727651163779674,0.5358252935481995,-0.13491016136704095,1.0,-0.009922700311036913,0.4034110953990439,-0.15088421943657532,0.4621007551831851,0.2847666512392315,0.06669897795958162
-0.3194082360124503,-0.030915169760054727,0.051718030039053904,0.5576835856121882,0.17882774176028216,0.7021242968972132,0.21586311611402595,0.6497603310689194,0.04539259430490587,0.2058651507070055,-0.3891086549944055,0.5992542484587007,-0.009922700311036913,1.0,0.09863284336271465,0.40438364893475715,0.2562534257331705,0.31571800308066716,0.27580924373164467
-0.1452610905501415,-0.15719222168230162,0.14326355330903548,0.05006085224900287,0.4628586009208081,0.22720632662633636,0.6583271271884247,0.29877076479644094,0.43635330138298756,0.20849697025804664,-0.09964996707418912,-0.1225219461648379,0.4034110953990439,0.09863284336271465,1.0,0.2862821715471176,0.11415912865748906,0.30111031987587045,0.26711860794841974
-0.42499397820371254,-0.1530153542198779,-0.23729172373959342,0.13020239484261734,0.1320588022075425,0.44114177921854847,0.2351270372528088,0.6645230920156305,0.3767658842533795,0.6820996258369411,-0.4176697565710802,0.10722713769344297,-0.15088421943657532,0.40438364893475715,0.2862821715471176,1.0,-0.13727829607157135,0.2443173644045367,0.2772404981321563
0.4986549797246819,0.4428560675038486,0.8709837553555444,0.6702267889778243,0.4117799342309975,0.3262072866327092,0.3681169084624689,0.1987468426057122,-0.00737908974424457,-0.1605956795146304,0.2919535262269855,0.4317606556278206,0.4621007551831851,0.2562534257331705,0.11415912865748906,-0.13727829607157135,1.0,0.36934585906583545,0.3201779235693256
0.0477826678423429,0.2696009173724941,0.33822069734113186,0.47453849288679945,0.5935489160724304,0.5101301713195746,0.6065941009729999,0.5333519710849786,0.23503777680071816,0.3009047785044491,-0.08580593154081083,0.27160324128099855,0.2847666512392315,0.31571800308066716,0.30111031987587045,0.2443173644045367,0.36934585906583545,1.0,0.6038951947065335
-0.12247642027677628,0.0258019703233609,0.1722018584996568,0.21323107114528106,0.43014562683093027,0.43342156755107564,0.5949619866186331,0.5285303217873312,0.570481184642373,0.43595856862287247,-0.29342236631868734,0.17773858115827557,0.06669897795958162,0.27580924373164467,0.26711860794841974,0.2772404981321563,0.3201779235693256,0.6038951947065335,1.0
