0,1,2,3,4,5,6,7,8,9,10,11,12,13,14,15,16,17,18
1.0,0.6967361991370884,0.7057445032745573,0.35878111407938734,-0.03524270037582319,-0.021983482819789752,0.10327243926752389,-0.04728926637735734,-0.18339769296992572,-0.19770778334126882,0.8178621235194983,0.05035851195421461,0.3412285679004694,-0.24366935648956042,-0.17058614931568425,-0.32639211386143524,0.5172940111296275,0.009794614867211887,-0.046005932519364905
0.6967361991370884,1.0,0.43778729345962664,0.6320677992168328,-0.04526670572247711,0.1376490355330396,0.04313539903517094,0.1324704423632352,-0.1776411536131734,-0.08372875946881339,0.4047642726210641,0.4761319544293605,0.05043988914537089,0.0736560090642033,-0.17177364309665916,-0.13273110741034266,0.3946345290161616,0.14774515399990834,-0.07031948175228851
0.7057445032745573,0.43778729345962664,1.0,0.5585894540078671,0.3686176725157414,0.18527392193736392,0.4332971370470259,0.1353856532048728,0.011211652108281579,-0.12996610711852188,0.5069111501008614,0.2851126051529197,0.5980017185089701,0.07120889889492353,0.07622291713104368,-0.1908532026892414,0.8656362487643712,0.3094787036471186,0.2767536777887691
0.35878111407938734,0.6320677992168328,0.5585894540078671,1.0,0.2029019541824977,0.4646884173696987,0.2204754830195717,0.40632059334146525,-0.0938888336094655,0.028552565123267336,0.11988753300845091,0.7077499116961061,0.18945214634885293,0.5237052529215366,-0.09227808577737305,0.09324883828363546,0.6708820613091222,0.43848232821610356,0.1565396909439052
-0.03524270037582319,-0.04526670572247711,0.3686176725157414,0.2029019541824977,1.0,0.2303492883465556,0.685237107562572,0.31507895725310064,0.09212119491733575,0.1564148600905894,-0.05514300265912044,0.1220311794181152,0.5433579934123386,0.2409484741270377,0.27746420988512627,0.0577184670969743,0.3884416447355914,0.609165484967388,0.46457773502399874
-0.021983482819789752,0.1376490355330396,0.18527392193736392,0.4646884173696987,0.2303492883465556,1.0,0.3229758159751082,0.8200664994531307,0.15838235852964702,0.3261940896226491,-0.03335771961050751,0.2934172289007099,0.15766070614647468,0.6871683710815578,0.1617869645162585,0.4881839695773092,0.2804639631076985,0.5149492717357467,0.3883200941610295
0.10327243926752389,0.04313539903517094,0.4332971370470259,0.2204754830195717,0.685237107562572,0.3229758159751082,1.0,0.4587358861906718,0.5091615600386414,0.26005539653023513,0.06060312444449835,0.16427823801807978,0.6076142043529003,0.2343032775894602,0.5336873511068579,0.19085676864789403,0.4120199835095669,0.5023140216477641,0.6386725725534655
-0.04728926637735734,0.1324704423632352,0.1353856532048728,0.40632059334146525,0.31507895725310064,0.8200664994531307,0.4587358861906718,1.0,0.3293082062591897,0.6098477822431926,-0.06019675870899474,0.28132457731599847,0.18325529595780685,0.6309556691121587,0.23177840755349213,0.6503020267430601,0.2108223744748057,0.5389345116064284,0.5312861856618871
-0.18339769296992572,-0.1776411536131734,0.011211652108281579,-0.0938888336094655,0.09212119491733575,0.15838235852964702,0.5091615600386414,0.3293082062591897,1.0,0.44354127007795696,-0.2902521587244452,-0.0671502635994865,-0.04730064190365385,-0.009716501882546474,0.43403322272388334,0.32732726215327707,0.056000115821361135,0.0729462241412506,0.4782380563779779
-0.19770778334126882,-0.08372875946881339,-0.12996610711852188,0.028552565123267336,0.1564148600905894,0.3261940896226491,0.26005539653023513,0.6098477822431926,0.44354127007795696,1.0,-0.15786686598976457,-0.030653152569319622,-0.026571762521655135,0.13741995815346686,0.16945959308428404,0.6635777116827578,-0.1271083901110268,0.30417352843307827,0.3374652952954639
0.8178621235194983,0.4047642726210641,0.5069111501008614,0.11988753300845091,-0.05514300265912044,-0.03335771961050751,0.06060312444449835,-0.06019675870899474,-0.2902521587244452,-0.15786686598976457,1.0,-0.31412426195743426,0.5211920639472037,-0.38913635792520235,-0.1550823180081501,-0.3404125793628944,0.24984740289245133,-0.038880870224524355,-0.17658721151836382
0.05035851195421461,0.4761319544293605,0.2851126051529197,0.7077499116961061,0.1220311794181152,0.2934172289007099,0.16427823801807978,0.28132457731599847,-0.0671502635994865,-0.030653152569319622,-0.31412426195743426,1.0,-0.0923974196412836,0.5962788026534915,-0.06931100226285548,0.10324412327121897,0.46819103467886175,0.22142910251144907,0.15418616780327926
0.3412285679004694,0.05043988914537089,0.5980017185089701,0.18945214634885293,0.5433579934123386,0.15766070614647468,0.6076142043529003,0.18325529595780685,-0.04730064190365385,-0.026571762521655135,0.5211920639472037,-0.0923974196412836,1.0,-0.03937973863825368,0.29218091368971255,-0.1742458916954148,0.4097445977468927,0.27441463244273445,0.21902360260250117
-0.24366935648956042,0.0736560090642033,0.07120889889492353,0.5237052529215366,0.2409484741270377,0.6871683710815578,0.2343032775894602,0.6309556691121587,-0.009716501882546474,0.13741995815346686,-0.38913635792520235,0.5962788026534915,-0.03937973863825368,1.0,0.07154525220618152,0.3782657533944052,0.28891564280877313,0.36762214150251316,0.2796186664997046
-0.17058614931568425,-0.17177364309665916,0.07622291713104368,-0.09227808577737305,0.27746420988512627,0.1617869645162585,0.5336873511068579,0.23177840755349213,0.43403322272388334,0.16945959308428404,-0.1550823180081501,-0.06931100226285548,0.29218091368971255,0.07154525220618152,1.0,0.21280365706721505,0.03877247170267061,0.08621957830062768,0.2253917361637749
-0.32639211386143524,-0.13273110741034266,-0.1908532026892414,0.09324883828363546,0.0577184670969743,0.4881839695773092,0.19085676864789403,0.6503020267430601,0.32732726215327707,0.6635777116827578,-0.3404125793628944,0.10324412327121897,-0.1742458916954148,0.3782657533944052,0.21280365706721505,1.0,-0.12482056455411374,0.20719776941437787,0.1624581278868336
0.5172940111296275,0.3946345290161616,0.8656362487643712,0.6708820613091222,0.3884416447355914,0.2804639631076985,0.4120199835095669,0.2108223744748057,0.056000115821361135,-0.1271083901110268,0.24984740289245133,0.46819103467886175,0.4097445977468927,0.28891564280877313,0.03877247170267061,-0.12482056455411374,1.0,0.3958841346950792,0.4109912960157852
0.009794614867211887,0.14774515399990834,0.3094787036471186,0.43848232821610356,0.609165484967388,0.5149492717357467,0.5023140216477641,0.5389345116064284,0.0729462241412506,0.30417352843307827,-0.038880870224524355,0.22142910251144907,0.27441463244273445,0.36762214150251316,0.08621957830062768,0.20719776941437787,0.3958841346950792,1.0,0.5583179927013249
-0.046005932519364905,-0.07031948175228851,0.2767536777887691,0.1565396909439052,0.46457773502399874,0.3883200941610295,0.6386725725534655,0.5312861856618871,0.4782380563779779,0.3374652952954639,-0.17658721151836382,0.15418616780327926,0.21902360260250117,0.2796186664997046,0.2253917361637749,0.1624581278868336,0.4109912960157852,0.5583179927013249,1.0
