0,1,2,3,4,5,6,7,8,9,10,11,12,13,14,15,16,17,18
1.0,0.8012255488706806,0.7411759798461431,0.44654537415465734,-0.03371663301328977,-0.07978042196336262,0.08851455032416791,-0.05957603528525689,-0.174679246020988,-0.39462682157512846,0.8207804859313119,0.3233146325461902,0.38312885969583327,-0.15994581068786765,-0.03795158165704622,-0.4542638825662828,0.6644945934892573,-0.131912834021277,-0.031501239888385456
0.8012255488706806,1.0,0.5220091973217342,0.6509670578266952,-0.10957666397431416,0.053735920748795137,-0.05547650446198244,0.08136484003450131,-0.2583836765021206,-0.2865954793620516,0.5673999567762957,0.6022869377780246,0.1639677887618157,0.03754761078528392,-0.14441669383181174,-0.3180556990458421,0.5295086275910104,0.017977811982796344,-0.15777626409447487
0.7411759798461431,0.5220091973217342,1.0,0.5849665558564613,0.329872176213962,0.17410358142391627,0.3010822553517338,0.16451112065434037,-0.1526384013793994,-0.3279596401146308,0.7101964097706791,0.3433678208680693,0.6863151271675589,0.09613481500217093,0.11177708009115041,-0.3003985922482992,0.8865724102840487,0.1449390382005578,0.17586991195387905
0.44654537415465734,0.6509670578266952,0.5849665558564613,1.0,0.10360743797319193,0.43672245936446175,-0.022325876263859,0.3099386739108819,-0.4032626977714153,-0.21350714605964433,0.3741775021073466,0.7590900356312142,0.2957679915209569,0.4500550399834476,-0.15050700688191004,-0.11075650561896898,0.6959949402958906,0.3107336791059394,-0.10170646954382666
-0.03371663301328977,-0.10957666397431416,0.329872176213962,0.10360743797319193,1.0,0.36911981476602296,0.6725945168345249,0.3809708353186012,0.13852439401620262,0.10268309104194977,0.08216991448779713,-0.08728789072080358,0.5002523682386366,0.1897508898224784,0.29412961165905743,0.12418908258531416,0.2786862675805032,0.48422975397767354,0.4144196867740139
-0.07978042196336262,0.053735920748795137,0.17410358142391627,0.43672245936446175,0.36911981476602296,1.0,0.3102082494460856,0.7653924345714624,-0.029488690257540685,0.2236148133885839,-0.05384440590182857,0.2803291285874581,0.22908569418131441,0.6939382843873021,0.14169306968460896,0.43052365502708273,0.2562768730518986,0.5517975797381981,0.31712622668028195
0.08851455032416791,-0.05547650446198244,0.3010822553517338,-0.022325876263859,0.6725945168345249,0.3102082494460856,1.0,0.3966515482068724,0.4797699401556581,0.13939443577554983,0.10964477650278877,-0.08434796136346005,0.5303722533140125,0.11042364217348763,0.582142106228206,0.17055672690891127,0.20481067203003664,0.4224520773841274,0.6017708270971257
-0.05957603528525689,0.08136484003450131,0.16451112065434037,0.3099386739108819,0.3809708353186012,0.7653924345714624,0.3966515482068724,1.0,0.20298762102540635,0.5013076603634253,-0.05472142132275376,0.23769711915185587,0.23615576779264294,0.6027274177860669,0.20217261741385228,0.5922371523438641,0.17868650746896975,0.5017785347748955,0.45619263680338057
-0.174679246020988,-0.2583836765021206,-0.1526384013793994,-0.4032626977714153,0.13852439401620262,-0.029488690257540685,0.4797699401556581,0.20298762102540635,1.0,0.5278138945468712,-0.35355375734587985,-0.4003502865841379,-0.18600086788100018,-0.24950129156915116,0.29666674630447043,0.31866213349719463,-0.19049192702103737,0.027558406932537072,0.5185929336864534
-0.39462682157512846,-0.2865954793620516,-0.3279596401146308,-0.21350714605964433,0.10268309104194977,0.2236148133885839,0.13939443577554983,0.5013076603634253,0.5278138945468712,1.0,-0.43570105321872465,-0.2390002560641006,-0.24919381823794706,0.06540483713327093,-0.03377161913047637,0.694747713699961,-0.3433387559327942,0.22564671545852796,0.35486558790371353
0.8207804859313119,0.5673999567762957,0.7101964097706791,0.3741775021073466,0.08216991448779713,-0.05384440590182857,0.10964477650278877,-0.05472142132275376,-0.35355375734587985,-0.43570105321872465,1.0,0.12934563692178072,0.6281244698051045,-0.16528891254966227,0.030272389220661017,-0.48232583160209735,0.5728965810622682,-0.11235387657333168,-0.15530124793052802
0.3233146325461902,0.6022869377780246,0.3433678208680693,0.7590900356312142,-0.08728789072080358,0.2803291285874581,-0.08434796136346005,0.23769711915185587,-0.4003502865841379,-0.2390002560641006,0.12934563692178072,1.0,0.06494731709053363,0.44520793990534185,-0.1670383270122111,-0.15261758416953217,0.46801128435007755,0.10951900059386303,-0.13223723331345463
0.38312885969583327,0.1639677887618157,0.6863151271675589,0.2957679915209569,0.5002523682386366,0.22908569418131441,0.5303722533140125,0.23615576779264294,-0.18600086788100018,-0.24919381823794706,0.6281244698051045,0.06494731709053363,1.0,0.07324511982281418,0.3309043139940281,-0.18318511534687332,0.5014558943155025,0.22738715254310593,0.14769075298502252
-0.15994581068786765,0.03754761078528392,0.09613481500217093,0.4500550399834476,0.1897508898224784,0.6939382843873021,0.11042364217348763,0.6027274177860669,-0.24950129156915116,0.06540483713327093,-0.16528891254966227,0.44520793990534185,0.07324511982281418,1.0,-0.002122031750201916,0.2792031429782791,0.2182445161440669,0.29370578479515025,0.05756352164455245
-0.03795158165704622,-0.14441669383181174,0.11177708009115041,-0.15050700688191004,0.29412961165905743,0.14169306968460896,0.582142106228206,0.20217261741385228,0.29666674630447043,-0.03377161913047637,0.030272389220661017,-0.1670383270122111,0.3309043139940281,-0.002122031750201916,1.0,0.07055099375047547,0.010693264228358874,0.11377846782469035,0.22254185113754568
-0.4542638825662828,-0.3180556990458421,-0.3003985922482992,-0.11075650561896898,0.12418908258531416,0.43052365502708273,0.17055672690891127,0.5922371523438641,0.31866213349719463,0.694747713699961,-0.48232583160209735,-0.15261758416953217,-0.18318511534687332,0.2792031429782791,0.07055099375047547,1.0,-0.25043587507416226,0.25165931384888207,0.2059607902702945
0.6644945934892573,0.5295086275910104,0.8865724102840487,0.6959949402958906,0.2786862675805032,0.2562768730518986,0.20481067203003664,0.17868650746896975,-0.19049192702103737,-0.3433387559327942,0.5728965810622682,0.46801128435007755,0.5014558943155025,0.2182445161440669,0.010693264228358874,-0.25043587507416226,1.0,0.18756889911925767,0.19704093136110096
-0.131912834021277,0.017977811982796344,0.1449390382005578,0.3107336791059394,0.48422975397767354,0.5517975797381981,0.4224520773841274,0.5017785347748955,0.027558406932537072,0.22564671545852796,-0.11235387657333168,0.10951900059386303,0.22738715254310593,0.29370578479515025,0.11377846782469035,0.25165931384888207,0.18756889911925767,1.0,0.45402627022468245
-0.031501239888385456,-0.15777626409447487,0.17586991195387905,-0.10170646954382666,0.4144196867740139,0.31712622668028195,0.6017708270971257,0.45619263680338057,0.5185929336864534,0.35486558790371353,-0.15530124793052802,-0.13223723331345463,0.14769075298502252,0.05756352164455245,0.22254185113754568,0.2059607902702945,0.19704093136110096,0.45402627022468245,1.0
