0,1,2,3,4,5,6,7,8,9,10,11,12,13,14,15,16,17,18
1.0,0.35130044370726066,0.79275443226152,0.628649975951551,0.6199902697107404,0.43054430263734433,0.4123585545411273,0.20740053769223546,0.03991363138695079,0.17154129386900482,0.6999723048354313,0.4037538352903835,0.6131788569752316,0.29282684459800734,0.27635123099694414,0.24747794827451325,0.8921032845879703,0.445393700916901,0.2211304558729701
0.35130044370726066,1.0,0.6685910565466172,0.8514976532271121,0.3763085272678698,0.6158781411843074,0.23572557960815171,0.40627797315393116,-0.17225108673865516,0.2201132475060223,0.6736966833584247,0.7337496029462348,0.39845067872469925,0.5269361722374266,-0.03019219935255148,0.41778341574402417,0.4902773559555434,0.5934656292563358,0.12620030189277437
0.79275443226152,0.6685910565466172,1.0,0.7095491891357671,0.6813322706193796,0.5770531581289189,0.4938465431317622,0.4631870614872913,0.0888090381709918,0.3451631456946046,0.9353165537163537,0.5012986924647669,0.6551768313611362,0.48912450045908334,0.2736851013488906,0.44579655113402233,0.7621360137546023,0.6523765353589935,0.2958063712806917
0.628649975951551,0.8514976532271121,0.7095491891357671,1.0,0.6050425597940126,0.7185603407275941,0.4237697429318261,0.4359332638939595,0.04514819258773051,0.3370094027302681,0.6591505597245773,0.8004409485807839,0.588570243682777,0.6097850335381042,0.24226256316020514,0.5234739968866675,0.7206557293681458,0.6319658834477544,0.28730605307203966
0.6199902697107404,0.3763085272678698,0.6813322706193796,0.6050425597940126,1.0,0.5665537674792395,0.7965039904458662,0.4682914765256446,0.40849723473441496,0.4590041786514172,0.5948142713412913,0.3374455660641242,0.6827739877255774,0.446075331541847,0.5073023139316915,0.46071440218596316,0.6752129706301497,0.7474095846415875,0.5728496954232078
0.43054430263734433,0.6158781411843074,0.5770531581289189,0.7185603407275941,0.5665537674792395,1.0,0.6174585940834866,0.8003784000836148,0.3245185147434168,0.7005376179696458,0.5816068320874851,0.5301122452308145,0.5434628247981368,0.9340547090608563,0.4376005241627806,0.8922801111760728,0.43769625402181717,0.66534145084262,0.4757830453279995
0.4123585545411273,0.23572557960815171,0.4938465431317622,0.4237697429318261,0.7965039904458662,0.6174585940834866,1.0,0.6382274794934126,0.7068818427318254,0.6350716036573067,0.44952893568628416,0.1908963281922756,0.6422059087349558,0.542994204256989,0.7350775246391967,0.595535344247751,0.43646913439455387,0.6466199400012129,0.7464209756758482
0.20740053769223546,0.40627797315393116,0.4631870614872913,0.4359332638939595,0.4682914765256446,0.8003784000836148,0.6382274794934126,1.0,0.5288449499913781,0.9400304545284002,0.4692835118030083,0.2183314503812996,0.4183792296071431,0.8069199017342435,0.46741225762738603,0.8607669699335067,0.24877163323820714,0.6436532212056641,0.6119500969360596
0.03991363138695079,-0.17225108673865516,0.0888090381709918,0.04514819258773051,0.40849723473441496,0.3245185147434168,0.7068818427318254,0.5288449499913781,1.0,0.6249781410819564,0.0338861554026928,-0.1288328500369269,0.304422734089135,0.33745765035568914,0.66708242399435,0.45506664283890097,0.09930375943713099,0.2944750472422448,0.6427630924386779
0.17154129386900482,0.2201132475060223,0.3451631456946046,0.3370094027302681,0.4590041786514172,0.7005376179696458,0.6350716036573067,0.9400304545284002,0.6249781410819564,1.0,0.33032256793444753,0.13197864457331931,0.4187733168895008,0.7196512294021935,0.5000094346519476,0.811829357709481,0.2233361739206368,0.5560904065583737,0.6289233347173603
0.6999723048354313,0.6736966833584247,0.9353165537163537,0.6591505597245773,0.5948142713412913,0.5816068320874851,0.44952893568628416,0.4692835118030083,0.0338861554026928,0.33032256793444753,1.0,0.4709023516578137,0.6029644848803888,0.5050610688798085,0.234434522365825,0.4517833906157429,0.6411249542263381,0.6225483833080374,0.2734120912767411
0.4037538352903835,0.7337496029462348,0.5012986924647669,0.8004409485807839,0.3374455660641242,0.5301122452308145,0.1908963281922756,0.2183314503812996,-0.1288328500369269,0.13197864457331931,0.4709023516578137,1.0,0.3924461050960343,0.4854676666463074,0.03162366837852675,0.3566699452763634,0.4789640394997742,0.3262470885756406,0.04572643759252961
0.6131788569752316,0.39845067872469925,0.6551768313611362,0.588570243682777,0.6827739877255774,0.5434628247981368,0.6422059087349558,0.4183792296071431,0.304422734089135,0.4187733168895008,0.6029644848803888,0.3924461050960343,1.0,0.45751272280156613,0.4583122619440279,0.46572647961526886,0.6019931528495178,0.5509376126991945,0.4331463379333908
0.29282684459800734,0.5269361722374266,0.48912450045908334,0.6097850335381042,0.446075331541847,0.9340547090608563,0.542994204256989,0.8069199017342435,0.33745765035568914,0.7196512294021935,0.5050610688798085,0.4854676666463074,0.45751272280156613,1.0,0.43652228861094333,0.9582215196927769,0.30765834072365006,0.5661356490306555,0.3899320960057066
0.27635123099694414,-0.03019219935255148,0.2736851013488906,0.24226256316020514,0.5073023139316915,0.4376005241627806,0.7350775246391967,0.46741225762738603,0.66708242399435,0.5000094346519476,0.234434522365825,0.03162366837852675,0.4583122619440279,0.43652228861094333,1.0,0.49052503924467705,0.265386672276889,0.3845118650073881,0.42534698350559225
0.24747794827451325,0.41778341574402417,0.44579655113402233,0.5234739968866675,0.46071440218596316,0.8922801111760728,0.595535344247751,0.8607669699335067,0.45506664283890097,0.811829357709481,0.4517833906157429,0.3566699452763634,0.46572647961526886,0.9582215196927769,0.49052503924467705,1.0,0.27301115602478293,0.563905733500194,0.4688336546575054
0.8921032845879703,0.4902773559555434,0.7621360137546023,0.7206557293681458,0.6752129706301497,0.43769625402181717,0.43646913439455387,0.24877163323820714,0.09930375943713099,0.2233361739206368,0.6411249542263381,0.4789640394997742,0.6019931528495178,0.30765834072365006,0.265386672276889,0.27301115602478293,1.0,0.5468142569916868,0.2999878448080187
0.445393700916901,0.5934656292563358,0.6523765353589935,0.6319658834477544,0.7474095846415875,0.66534145084262,0.6466199400012129,0.6436532212056641,0.2944750472422448,0.5560904065583737,0.6225483833080374,0.3262470885756406,0.5509376126991945,0.5661356490306555,0.3845118650073881,0.563905733500194,0.5468142569916868,1.0,0.5534912632420782
0.2211304558729701,0.12620030189277437,0.2958063712806917,0.28730605307203966,0.5728496954232078,0.4757830453279995,0.7464209756758482,0.6119500969360596,0.6427630924386779,0.6289233347173603,0.2734120912767411,0.04572643759252961,0.4331463379333908,0.3899320960057066,0.42534698350559225,0.4688336546575054,0.2999878448080187,0.5534912632420782,1.0
