0,1,2,3,4,5,6,7,8,9,10,11,12,13,14,15,16,17,18
1.0,0.15860446036009568,0.766305808474839,0.4130759698574921,0.6128188933589279,0.21820537135467682,0.5188605458296119,0.12374544695239939,0.19432569757087265,0.09534102207504147,0.6659244167976536,0.13299203322928366,0.664540053048427,0.04627320104434257,0.2991160848100969,0.022184809032009766,0.8409064299777286,0.3016591406586715,0.38762499943023876
0.15860446036009568,1.0,0.5770165057768396,0.9004006212424616,0.29277994621457537,0.803798876152749,0.1389031304416744,0.6904515939806766,-0.1348068714336044,0.5862419313213796,0.5904539110902037,0.7970283870832008,0.12492774256517196,0.7400167222915643,0.06787056204143786,0.7077321334148772,0.35808822789094086,0.7374167227993552,0.060799162566191174
0.766305808474839,0.5770165057768396,1.0,0.653890062732683,0.6513195956075949,0.5356615035440507,0.5012774892475098,0.4982282005683269,0.17212969633018294,0.4431639927056828,0.9382243420424626,0.4702744754610036,0.6059526389182376,0.44112623714783095,0.3606028978557716,0.42772908791986824,0.7330892263391274,0.6323291398676222,0.3425705415468704
0.4130759698574921,0.9004006212424616,0.653890062732683,1.0,0.4950282070060323,0.8440000612499846,0.33313064206139303,0.6904376896998589,0.05960982969750235,0.6260595478401378,0.6159735930133763,0.8292273844002166,0.2895715862885105,0.7404796901848918,0.24525749506362168,0.7071806434542606,0.5454549898334344,0.7253554188617282,0.2538294282760222
0.6128188933589279,0.29277994621457537,0.6513195956075949,0.4950282070060323,1.0,0.41580782399454386,0.8118853131744836,0.3534311348573207,0.4062439533188283,0.3199189959356683,0.5671243839105801,0.22787191027015893,0.6378472704657566,0.25415788824291285,0.5147076424004894,0.2659812683052711,0.6822093620442504,0.6195046020966454,0.6277393693405345
0.21820537135467682,0.803798876152749,0.5356615035440507,0.8440000612499846,0.41580782399454386,1.0,0.3658363788194971,0.8624484979181822,0.1634019516920884,0.8003653786830051,0.5246769114400179,0.7671139642946009,0.18567589980407262,0.9335620574992155,0.3149410948244549,0.9157555042975007,0.3378539062033394,0.7657368944008566,0.30097219534958497
0.5188605458296119,0.1389031304416744,0.5012774892475098,0.33313064206139303,0.8118853131744836,0.3658363788194971,1.0,0.3917399049284557,0.6707390195250343,0.3590894714083223,0.43281277298277354,0.11119354275075032,0.6447305641841987,0.23540568144826482,0.7201444996294487,0.25930473019439537,0.49609912011299484,0.5119312257424684,0.7560188253935164
0.12374544695239939,0.6904515939806766,0.4982282005683269,0.6904376896998589,0.3534311348573207,0.8624484979181822,0.3917399049284557,1.0,0.33101736777079727,0.9545660692123976,0.47000727595715747,0.6191830171025217,0.13142594181844627,0.8599941868185841,0.31186045807809826,0.8834210571181742,0.2569910851963239,0.7449895476468836,0.3965295113481978
0.19432569757087265,-0.1348068714336044,0.17212969633018294,0.05960982969750235,0.4062439533188283,0.1634019516920884,0.6707390195250343,0.33101736777079727,1.0,0.3687033069887739,0.08032729356703223,-0.04506935361271484,0.3547721574070498,0.12866739991664872,0.580872719943869,0.1819421423408392,0.24693070929654878,0.20974292819327492,0.6412642785465954
0.09534102207504147,0.5862419313213796,0.4431639927056828,0.6260595478401378,0.3199189959356683,0.8003653786830051,0.3590894714083223,0.9545660692123976,0.3687033069887739,1.0,0.3961180856297667,0.6073588112471031,0.12140064037104606,0.8295822188426237,0.28510588994917385,0.861174412706383,0.22170936664879248,0.6680197155376808,0.3750315097052032
0.6659244167976536,0.5904539110902037,0.9382243420424626,0.6159735930133763,0.5671243839105801,0.5246769114400179,0.43281277298277354,0.47000727595715747,0.08032729356703223,0.3961180856297667,1.0,0.44831065478331067,0.5512162195428444,0.44094911099699824,0.3358639336473568,0.42327711786731254,0.5907111293691749,0.5891084572897624,0.24932921905722066
0.13299203322928366,0.7970283870832008,0.4702744754610036,0.8292273844002166,0.22787191027015893,0.7671139642946009,0.11119354275075032,0.6191830171025217,-0.04506935361271484,0.6073588112471031,0.44831065478331067,1.0,0.0778521626849664,0.7620025436930986,0.08173699783885834,0.7294045307484228,0.24664960509785896,0.5774848169158581,0.07666228792714395
0.664540053048427,0.12492774256517196,0.6059526389182376,0.2895715862885105,0.6378472704657566,0.18567589980407262,0.6447305641841987,0.13142594181844627,0.3547721574070498,0.12140064037104606,0.5512162195428444,0.0778521626849664,1.0,0.052142641501189996,0.47238733441342556,0.06714170184580699,0.6053816992111681,0.36300114723763216,0.42775839905519825
0.04627320104434257,0.7400167222915643,0.44112623714783095,0.7404796901848918,0.25415788824291285,0.9335620574992155,0.23540568144826482,0.8599941868185841,0.12866739991664872,0.8295822188426237,0.44094911099699824,0.7620025436930986,0.052142641501189996,1.0,0.2462231507225061,0.9755417732825299,0.18708102325141382,0.6844164107465828,0.19229364519958927
0.2991160848100969,0.06787056204143786,0.3606028978557716,0.24525749506362168,0.5147076424004894,0.3149410948244549,0.7201444996294487,0.31186045807809826,0.580872719943869,0.28510588994917385,0.3358639336473568,0.08173699783885834,0.47238733441342556,0.2462231507225061,1.0,0.2588034286058099,0.2662052089881423,0.32860911533575377,0.3812853763490852
0.022184809032009766,0.7077321334148772,0.42772908791986824,0.7071806434542606,0.2659812683052711,0.9157555042975007,0.25930473019439537,0.8834210571181742,0.1819421423408392,0.861174412706383,0.42327711786731254,0.7294045307484228,0.06714170184580699,0.9755417732825299,0.2588034286058099,1.0,0.17565920577416758,0.6923041361527135,0.21354117372887704
0.8409064299777286,0.35808822789094086,0.7330892263391274,0.5454549898334344,0.6822093620442504,0.3378539062033394,0.49609912011299484,0.2569910851963239,0.24693070929654878,0.22170936664879248,0.5907111293691749,0.24664960509785896,0.6053816992111681,0.18708102325141382,0.2662052089881423,0.17565920577416758,1.0,0.4968910815699501,0.4486934906239136
0.3016591406586715,0.7374167227993552,0.6323291398676222,0.7253554188617282,0.6195046020966454,0.7657368944008566,0.5119312257424684,0.7449895476468836,0.20974292819327492,0.6680197155376808,0.5891084572897624,0.5774848169158581,0.36300114723763216,0.6844164107465828,0.32860911533575377,0.6923041361527135,0.4968910815699501,1.0,0.4296723321984599
0.38762499943023876,0.060799162566191174,0.3425705415468704,0.2538294282760222,0.6277393693405345,0.30097219534958497,0.7560188253935164,0.3965295113481978,0.6412642785465954,0.3750315097052032,0.24932921905722066,0.07666228792714395,0.42775839905519825,0.19229364519958927,0.3812853763490852,0.21354117372887704,0.4486934906239136,0.4296723321984599,1.0
