0,1,2,3,4,5,6,7,8,9,10,11,12,13,14,15,16,17,18
173.09945591895135,0.4790223737993656,171.58048580602696,-19.809775440388677,81.14591818486632,-159.94341872485344,102.62614220206224,-166.1234240188934,44.218672216263016,-189.0652778770385,209.24316740792432,-109.983292950854,234.7885346292076,-174.19178408657135,-25.578880598140277,-182.6956398336941,233.08629261650827,-223.65446688358855,92.96286634305824
214.57515817698484,21.203971105934656,213.0479271991172,48.48368216016335,116.85030091879324,-115.30922576430444,125.57790808527982,-102.64448490899436,93.73920534497492,-75.92575530244393,311.48118447498206,-82.47497154634635,308.7202727875459,-124.5507872417371,63.95982747738664,-119.61796771879708,332.23581698953114,-120.71035951779533,69.38951549573378
340.37682385696604,35.96420328945131,342.2394072138594,163.09112746736068,179.57093838100516,-25.42791582256211,33.21038325650763,-35.45638955446197,93.32288946074809,57.25520938608877,397.2649380700963,20.855832505602866,332.69383143787485,-28.277165403178348,21.33592241157957,-53.0085701425247,481.5415809764496,-66.35604265359383,29.709277741496408
346.83716469983074,75.00026331876609,328.6891084267816,198.3664275081626,142.72840269826676,12.39233809640602,-92.93083823846028,-102.60295042055864,-105.32027035542669,-35.67468261798279,346.56529873460886,24.69189393520659,279.30589149707936,-15.908156867394151,-104.8593009854983,-62.99454689256628,473.1099833648225,-156.64140320536413,-64.56380859379469
239.12759961010212,64.88866069841288,204.0881165512483,131.21046844227277,57.31701842653915,-40.21744714657719,-111.9225616432704,-172.46210053405275,-191.46556822182623,-122.33488896837792,237.93927784852596,-54.95556355717535,215.75686816475843,-49.55454722537015,-111.93814680382708,-82.98313928190451,321.50697404189293,-205.02972404099825,-131.14317368686474
225.0611369685936,56.24847698729759,192.8680411902079,136.42176861982327,52.16599597349948,-15.728467454957045,-17.41626460890657,-114.0136360128354,-91.60762718177484,-46.06568140166549,217.70210771918025,-22.728497848796252,224.9506701679305,-3.895663897665107,82.12649437377358,-59.50448605127004,284.1283069941384,-130.82129288227912,-217.03381609244016
252.7948955601687,78.87417108225834,205.09354959440228,207.2326635658441,59.30904884307805,66.94465636275798,-73.81354777476723,-48.701215261058174,-134.25788272070488,20.69468792223644,210.1835310507699,32.83324263557414,247.78061248859123,93.22052326818977,151.9139569805023,-10.331179940631968,353.49093140104486,-86.52807965466717,-303.2941077391424
185.9497551328093,48.714508969396284,149.40676731504195,143.55458589242733,2.5141280955101664,77.32354011271663,-234.0142138919748,-25.708270902615403,-179.06756947264188,35.72547242959741,109.95921907560631,-11.48600694514395,162.4132110860287,149.73605467121416,-41.912800999299705,36.57678893447911,323.8416160926778,-92.33469447086608,-239.14409913476516
166.43587105932505,20.62432252509936,144.83510501016465,57.24844987820794,-17.905922553139792,90.32834922430224,-177.03352957442905,33.6538408732734,-92.08134387004128,43.598970759790525,86.25882706739374,-36.720097335323935,102.34316996469916,159.6069965888052,-132.10020890975466,60.0994536737494,240.002437563899,-20.038751460061587,-139.707581394103
207.4965727089099,13.909259270688796,163.61261354327857,69.54294465714256,30.19320745089345,104.42429725104112,-31.50014692085405,55.50511107485579,-60.490121500623,36.166474888539625,161.12548531910124,1.317486338342947,163.15877967513563,139.8335602036898,21.922734353927584,28.409499901764576,154.2577892977609,76.15200888188254,-153.58935114574592
146.5982263006985,2.9308450573494587,103.55111471622672,88.63133639765111,47.678350122186615,23.08326296209364,-41.428166277191096,-28.75017778060836,-86.06068457687057,-2.2294263264611094,142.41947009945704,34.12803878310361,171.55798326648798,64.19699914422836,111.59139055163077,-65.43910779966005,40.99614055380763,56.6528509024283,-197.43282477517704
26.305965261852783,19.700155010083023,4.218569754191987,88.551799853963,-17.776279605560518,-74.3802350808941,-162.8330199887566,-105.27709191314123,-120.58247501529507,-59.92132596568116,55.03947954414669,2.002059168298292,102.43362221390082,-25.2722909493901,15.393856205855473,-128.87976121988746,-51.27355604587115,-1.6850408516233868,-184.25882752328036
-61.072660042337134,29.62417240588784,-69.08293976643651,52.11612147615011,-112.99383326994143,-90.56935058204796,-238.4040219989876,-67.32527909576801,-107.11013871400264,-36.168291204386826,-23.14888141142608,-53.85862666904212,43.03761829745025,-19.729148944416224,-72.09957112091472,-107.40328102143089,-81.00201274574334,40.50914028383071,-112.56367747874992
-98.37108986994944,40.28842997506119,-71.72714128313221,37.34107413792206,-118.54684400990654,-12.72486969002359,-194.09124221103585,63.63843572345351,-42.90952033185599,106.97357919384108,-62.51469968001156,-9.992719390854452,16.535174096342086,76.9738768547278,-34.215495723678124,-39.9047001809549,-57.23745243405432,171.43627543377136,-67.03050410601318
-83.41805832942792,78.69858115534186,-55.43318237814671,129.471217976883,-47.13681182110166,117.8464350665414,-139.37579968345472,170.8918703837271,-64.98715157854187,230.30801672420293,-15.267593777015437,70.55840411434546,65.76422224047411,182.47664897881396,57.87209280047116,47.44491779383794,-51.57894062985075,269.9805140409108,-87.76913702989685
-32.69316165981575,156.55421793396604,-64.21264036312596,282.1124240400234,-11.76597967724379,245.7824040029535,-158.72763455989192,191.89318794712847,-152.02943856611864,183.90244553845503,55.06610149447228,110.51401466310276,111.10282904095624,272.9251873710157,57.08806911519966,127.25299100605568,7.181717548765063,274.8389038403895,-123.83401188846472
22.60855092899841,231.61458317705092,-18.085298674876245,354.6759747718894,-50.70216361408612,299.6766980499894,-235.44270986319137,147.23334667939005,-185.06004919351457,57.7493811051932,85.20192854701877,115.3851626281552,67.85478195008271,290.8873574667824,-51.57824082965511,147.61860924846428,141.0172641967286,226.58867055627096,-165.58467662990157
56.10240749636581,176.02081741495442,42.31629808238508,260.265049992536,-113.14132141409812,238.07162792324507,-280.97553616678783,132.27866289506912,-178.0938774558494,97.9024113081468,108.97660334097355,54.63574159884021,35.339088038516685,241.9279872609588,-85.19727451673126,126.1170928395348,134.84105352882935,170.67934001511924,-197.6028238828329
81.6878169854177,89.96489221754405,68.00366466684763,160.4790232513622,-107.70442084491172,201.97352089147185,-221.906298392845,199.20084885955973,-175.57815068409897,206.9976279505185,113.87698845320185,36.886750896500686,58.08116816963533,246.43410913779985,-3.093293441098917,103.72719513878822,45.43017101864376,159.01332026240908,-207.2028715563736
53.768818201870246,96.38905410243898,26.437858665946727,162.43538092308287,-105.97265312195196,223.220658473252,-218.66124461317375,186.25065600240424,-172.10397328515396,146.70917844914055,38.589619807380245,77.39049320135577,21.64254877956124,255.91677099844523,13.470251987161802,72.97928780960036,25.70799682905689,130.54226017654597,-205.25794235222784
-43.79171477144304,85.61977936872226,-113.82850955511996,155.11154144330231,-168.64980618687645,184.10189706401667,-314.6222882963038,111.09682190102455,-145.70864570601552,68.55401797950913,-63.06961032691777,68.33002816774516,-71.23704883249124,225.80077885009075,-81.86418153681588,81.07742683900136,1.72782092211079,33.34166085538403,-148.82082569344732
-101.65613824372724,66.28288845399189,-154.79555953177714,119.36240554123268,-180.11786422264277,171.5037263789345,-315.7900755773851,167.83587545247545,-47.39852965924582,131.52336685187973,-70.41006330267014,35.521847912654856,-66.31560467036573,235.9651200726328,-124.6426378062772,115.66240174613988,-27.01867992911998,37.46998169648049,-62.30397687809156
-63.82281694703682,83.62240676204296,-43.74092679305621,94.98940829245092,-112.6962678670826,230.8323710076452,-211.37390210936516,262.68439640049644,15.493798297072273,203.08798725722056,7.699973115877168,-1.951161667696886,46.08792642531128,248.6977666797517,-33.36308454374209,92.09079541581266,-40.7101568009556,152.01556753700422,-83.01746866913504
39.57699482421781,68.13459621803506,52.84437126730268,81.98186387745125,-33.58162451282706,255.4410979588808,-132.11436098717758,263.23975301940806,-54.04360120580372,180.12753182286622,90.04098109080262,2.75801390031716,127.97323277206604,248.1164080130388,45.75126013900562,65.97364183638565,-36.98573174114698,202.0997973437157,-179.07452518719165
84.13628894126641,25.23676875129893,75.73397774263988,52.503083266268575,-36.61435297284427,223.91558063783305,-160.18204656145687,213.69377568962204,-61.452011979203135,131.73362647118034,134.0434889537633,16.593891574545918,109.05688746299094,235.80999426028748,-11.865900961445805,78.3014175670493,-24.959281571140657,163.24193017703283,-154.49453978426365
7.238069788742249,-2.9702783534280828,29.553372010357368,-22.526220486255998,-95.2111808324281,168.2244433075077,-206.5903055232106,185.52814238736457,1.2632308977102569,149.50216645853874,84.65646310441029,-66.81519405787223,46.97891850961236,166.30916052890993,-133.7773283676478,61.15176791947226,-77.43737207552114,116.7177446382937,3.045225721939402
-71.86892956908335,1.795785249445322,-40.27540563065987,-53.49075772806855,-70.92993110154305,150.50890741545402,-154.6815430363725,223.80678228788105,-20.520383695912223,202.0230095323359,-30.97522645521208,-115.29224314193048,41.148886137320986,131.76118407029642,-159.12844749554228,44.54167514590398,-123.9586215960793,185.07130587880383,122.93183036313724
-71.52965251631228,49.36128850071941,-34.62386703661833,33.18244451576369,34.11139027665431,227.7647181201539,-49.21966235234972,309.66787254629395,-4.352662455920879,249.4037271505802,-26.97280220038853,-52.99120081293548,135.80395565777556,219.86922073311615,-13.944527259391307,98.64241250829828,-49.04272243343109,312.2191718488141,131.7992662352031
2.821900525240356,102.73027745363564,79.10721088197235,142.19309555501485,121.34031844546551,318.6513238573621,30.027702366041687,376.9237494789133,74.72687545261496,275.40873633223106,92.41644401996156,14.213899636635707,220.89458573058917,311.15429493460533,125.98870550086583,170.93900849507784,91.86315202305995,315.2704726175294,107.92011872394777
54.416776529213976,124.8760266884986,143.3590162474843,190.1426826282304,89.32584316637764,289.3870892306034,-0.5382175620558074,355.3758228237871,83.06912747011016,224.36294615652315,118.25153879929049,62.91425300218385,171.13195522328843,282.2458949115167,90.98246540453144,181.2237373138782,146.84644685886158,254.2866489233031,105.09565195364198
-11.99405718292522,108.77776312213962,76.03016685097346,169.72707977878906,0.7790179395757882,210.40211325223547,-57.0244368760644,294.31256393895023,98.1187382709796,217.9595190616705,61.20397538004337,56.68301530798868,94.03717649768504,249.28135252111292,46.97666692342312,158.1652880898431,60.521629743609466,229.26216249279005,106.27086206971754
-85.54616430927688,58.103281408062834,29.67321231234721,97.20861266682724,12.720988668028465,239.8066394563893,10.630521034140571,325.0094518641298,162.8084959200791,299.2703298655508,36.48767986315273,6.417411903780348,109.4298363616854,311.07185087085463,178.35452213782813,184.83197392866947,-36.561860718704544,218.7035641540383,124.1373627860228
-68.96053515672186,53.3646241383698,74.04386386205769,89.28112052598854,54.87578232189269,314.2725405075457,103.84254851981348,407.3561748072773,155.7204768863011,311.4806569733493,53.70765243313257,23.128625047259494,137.99093495669587,366.43936146985743,316.46511935403885,250.83590661417665,-35.509113895591454,229.85708492003255,171.18260281379852
-65.679231410772,100.10354786729197,87.99800552260706,142.45989960994467,27.48899028835403,301.2642234926918,87.53077700833504,446.5416401259433,145.30027442570608,320.4250512547605,68.66590553825922,38.049968285376536,79.51922624293442,350.7470583974465,241.68209386456675,253.51577917872848,-13.145105471739871,251.74117076831652,251.8311282476872
-78.3352216832886,71.9881374579921,61.87401741029381,120.52622659304244,49.52199620605754,241.7805294025381,65.1229855905463,480.5316806394015,278.09715007078086,398.5986627245916,94.7680079590284,-33.01333309309204,45.0564903473444,287.4279031030194,145.73467266838517,195.69405637142629,-25.119368454201187,287.6576321656098,365.043348682803
-31.419960313985616,20.243983329036645,122.83421820941832,77.53415415190875,170.7852888052132,224.2644196894603,190.88142580213807,518.0621134991712,382.8442032757344,463.8662735520144,180.982866398768,-60.82798179139605,163.5841749323207,268.58573227870926,231.9684531599365,202.1194311278065,-10.250330553352038,341.2520979992619,388.9781238249111
-21.425362305653568,26.49751061444228,191.93791286479237,28.512054137815205,218.84906231738512,242.63154487112075,261.6349377243273,490.94892088175726,284.5642004482661,405.3989098163527,201.4457782040649,-59.90934465289456,244.3084147085176,296.3414641619896,276.9528368948353,230.1018920602139,-10.388168222305689,322.1433471662341,285.2989609400478
-21.76762930765839,25.673397918928664,197.4544155316729,-45.50002701655965,158.04453740285683,247.5088011134929,117.61749957788363,417.27948520674863,125.1926905766061,247.9737045997407,119.3760107564456,-128.267465751671,180.2353034718681,226.5033578762304,156.83251107671592,182.6964817870196,-21.8681806595998,233.1768008712272,192.6786416190272
59.21651545735866,51.31646728563349,217.98589735188725,-9.588345126358933,124.63993876059044,217.14501497261625,26.51291216627869,362.5083131609947,19.59864626329169,168.3385996672635,126.97160182124372,-135.8392248154029,167.40876532468934,125.81710494503388,45.61299951430987,124.82306381646534,67.09293033762222,195.00455407043677,144.06568831337637
113.55261061319892,105.19564591414355,240.84676147975665,53.333923541701736,144.63736024579322,150.2117081832569,99.91941254635172,253.7869913769244,-29.211727930563544,71.24120143498588,263.47246787426155,-94.3310875061054,246.16122979516325,89.84098748433526,33.85043144185125,52.80925344544283,145.31460645871007,202.8738380046932,116.5190525244716
131.31155970450047,76.11734119413953,250.82184289532685,5.858845382449487,170.51687295152632,79.6080471155053,205.17203613288143,120.80343677889044,-0.8316327602262865,-33.39473654121462,367.9703645546329,-126.36659150589132,297.29938650764933,63.29342627912484,80.94980298379966,11.755688209753812,130.17947512821416,208.3441268011001,135.2796386372756
137.56385490226617,18.330573341607348,220.5379229971436,-10.540513036458504,173.99310484522113,74.23038044940385,247.31924064804247,136.58677442029634,67.9224511371275,47.12742238451665,304.21848163478046,-123.0705431103682,274.33064628922915,82.56592783487537,116.19198700218752,64.82956449019335,104.5806608749011,198.58491862967728,186.4128505041301
80.71456065966963,14.139707839452274,119.8592406213472,26.344415305025983,139.90540875834313,73.78605884420266,170.97223520989948,156.9016239123654,73.66700033851599,77.70021331027166,106.99932034230012,-60.763585744600114,176.45955186454947,81.80776135103952,61.73164596035992,52.76647758264596,45.99806014425993,84.83261386386053,151.9394968760738
18.68930206552586,23.394513659214937,26.975349853764573,3.316951932287679,51.73730985434568,-0.5176490656620121,61.209600472218455,21.5037506725442,-5.039980695248168,-84.08340390486666,-28.899311195001538,-39.8199992975435,63.04589181372806,2.770779202612444,-43.409740710284105,-32.32461428113902,-9.411208843753222,-116.47689492432576,8.087301739310567
0.0872875257577011,30.137195116561028,19.060774513835103,-26.683235677842816,-31.026403674646694,-33.52429870219742,42.05019559885849,-94.09615734349175,-34.404507732091055,-186.4739320942643,-11.10486150157584,-55.24317341295101,24.09717283532011,-24.7179966306933,-13.863578430109088,-69.27885136605693,-12.497079946348114,-240.2436719926037,-59.95291428398182
-30.299410611716954,14.077426340425072,7.070761427640786,-53.0625000806246,-60.69280134103311,18.6161301588811,62.85452182055956,-49.65931047463896,-19.7679979838445,-105.6459740158171,-21.239754597206733,-82.38406549929307,9.75258665138536,9.254476592475264,81.60035530302501,-36.96542334400047,-74.09401904109119,-220.133427250826,-56.18844440606875
-143.46394892600742,-23.374219839188743,-152.4405746784228,-138.6256945664225,-137.5056521753704,28.733002331269656,7.060802408560936,52.1254529329486,-65.8681378898984,-12.231501874379214,-200.86637220919536,-114.05873663968336,-91.3729656427963,8.599505747722668,8.954585251035846,9.156851230496908,-201.26480460014457,-171.9398568449079,-63.86817656101926
-253.9438981826126,-43.64013894097876,-300.11686084501355,-218.0926997511617,-212.3987509547977,-51.58599960122148,-46.79810230422999,30.2022671166271,-91.1595892148816,-67.99424067940775,-358.3582349370853,-142.52958666112303,-171.46850289939496,-43.83554986679352,-85.39390096585777,-50.21473946342557,-260.1795420835912,-178.61996355625234,-2.624396900258384
-230.8423187172203,-52.65294313569612,-251.22269387220973,-225.51493858749004,-172.5380198969018,-111.67688933225487,27.85680109939633,-61.62435413828645,-63.5540495487612,-152.11112127964086,-303.02796024598985,-149.70044565057137,-116.23228353495917,-57.18341330619717,-29.596066265461214,-92.8054279650347,-235.78376312694024,-151.2022201769068,65.2782249424277
-199.25383242615197,-85.2152763374181,-194.73132460328983,-237.06714584147628,-115.06836842846528,-112.8438756397977,109.19906249788876,-100.16249094330011,-41.74110839312672,-156.3099464113787,-210.2717575088711,-152.6030066277202,-68.59669360764377,-43.45864838915281,42.18338716473177,-40.40628656928631,-278.8472258173705,-107.21256475866724,69.31099537236098
-299.2766299736961,-139.7686273511128,-272.6023235134385,-308.4213453989423,-112.65074975220632,-147.04280820144885,70.23617416793591,-97.25127844921816,-19.63869424851757,-106.78614389530784,-271.03435655085104,-195.9930569624391,-129.34049686348828,-88.92804685061301,26.37551984014013,-58.69456843780332,-445.56981087693833,-124.7168274007648,93.7980157281106
-383.9385321530705,-138.41305735686385,-344.67845487978,-332.9937736412707,-149.6032301513224,-143.45624533603936,-5.798820035227277,2.65696750034927,-13.04636740748156,-17.28160715479652,-323.5005683596819,-229.5366959596934,-193.47942058641465,-87.93214156806623,-52.53979209390201,-63.31180946753431,-531.5708122092027,-146.10939757443933,115.34122010144412
-298.8267270964282,-93.66501684592303,-283.419319356695,-260.65321508852315,-142.08805478287897,-38.55250274422655,5.280169495324988,162.05863130219635,1.396634453044534,70.97032865694419,-228.726217906282,-202.08354311602636,-139.4564794042604,-9.774963978864596,-49.06014677200643,3.7846734603137664,-451.6331704461195,-119.31463497732068,77.02542749301742
-206.272666801652,-107.5540240613274,-178.41569289673706,-251.8399072749011,-79.47346971449309,4.217110813252213,82.90627009316692,199.61146072840987,46.48829554761484,108.65296694159514,-152.7657615476487,-193.28278695403307,-34.983514624291395,0.8927622085497532,85.11562467832307,18.612631596172477,-389.1255404368837,-53.87095233986926,41.445079157823066
-248.1147509928739,-127.03826958475248,-190.29832014000024,-325.97007063724584,-107.14333481968362,-66.66413381493156,58.9864986880488,95.8942077091747,12.013017366530343,12.772129390844748,-188.11926739963536,-221.1597316714729,-41.8783534659731,-62.31240281575945,98.04542840113749,6.201917083428068,-345.02750606921205,-13.282138339671777,45.23211497687395
-237.96771811570892,-55.55775090820519,-215.88941286085796,-263.93502925808383,-169.90593022367025,-100.39380254560292,-56.13832777884255,13.621302890308163,-89.81653060524269,-118.04609052740624,-191.26517402324384,-202.7241572835179,-100.51880004291856,-68.1895939689296,-64.21816631282451,-20.11357477176238,-185.71800533235773,-12.152582079736336,72.76425767160211
-91.84730778125063,4.9487074229589965,-110.82708616301244,-108.92535991046398,-119.98348979694596,-56.90301607827886,-60.59102281772983,-5.872114353703123,-77.39960580866286,-113.45775892654926,-87.75199758634687,-159.5799925376667,-76.34398123206061,-32.91291474330203,-108.56747074116238,-48.64339784021379,-40.10857313532584,-35.03703137894808,69.05391727706949
-3.9669715698695778,-37.70700707510635,-29.37668979792834,-92.69077396268318,-40.84112726602306,-62.755958836996,10.35944367291345,-48.26837829192635,-3.7106786871525057,-113.57418759968785,10.617289464566811,-144.657193055169,-23.674009889308483,-81.55629885063321,33.3740851049952,-69.25534429460296,-57.71236351993249,-81.11019080316964,-18.065636964008934
-49.924942308608806,-84.52799352835916,-71.85553472212855,-177.9641234368223,-47.8091891789085,-148.9871689087674,-21.33410897978377,-79.21183853381994,-22.455912819332934,-155.50919191961438,-18.56639932455981,-148.44963162522316,-21.51609821253115,-165.6915708311685,108.0589912459404,-143.81501584731086,-95.37569776469888,-104.82809335976071,-112.14695537093392
-54.53057287963443,-64.98217016730881,-91.9743778521081,-161.656728675363,-69.13042931227776,-173.51691082610375,-98.3115701559536,-66.14418299688782,-78.9364469066609,-105.78149988624106,-76.56623951372727,-118.22424744530645,-46.23388352787731,-165.56399598999582,25.43003500346849,-159.2190433570955,-10.418447561044252,-89.89591097011215,-164.08370276100558
64.01109420792577,-0.0340457395634254,-20.53014408043577,-1.0425358082947622,-35.544937584980026,-79.08668040349062,-84.11797373186606,-18.18147706483741,-113.17086878671296,-37.20714563601612,-9.408569288835135,-50.162445389946406,-34.83614997557935,-66.4525078798829,-26.82283420760222,-42.83278124393389,116.04685687132913,-35.10331957072546,-195.91245299754289
114.59481398364072,57.81097616929474,55.3984440172386,111.82638240221986,8.322520938847882,19.486666711802314,-3.171930800719412,27.620992037166044,-51.0348883161937,-17.204198360701024,78.2441537601789,-16.225904744098806,19.600104143989345,19.38118958651847,49.36059743976302,36.81509601933433,144.82497050550282,35.15657214048515,-160.49310637358298
44.62446723691802,87.83717118026605,64.53943899737993,116.74804882647308,61.85325712624379,67.57189250774272,82.59119587132217,20.10437805542137,62.31172273161711,-25.427988923187336,61.33365868852687,0.7834581463728123,49.710285435192375,-0.2366330605818654,147.27958543548138,19.59885155079966,91.41885873676844,96.26642772294966,-114.24456487899396
19.874861669152256,128.0894588352404,23.60683533311465,136.42989217489745,82.20206759729587,87.0947803495036,106.2603806498619,31.06631362661217,2.344718530156939,-67.48888303416462,9.831901816890008,10.03422279783376,22.38997066281402,-16.639642243683586,122.43642909045428,2.461605478788313,78.59315702307264,153.48403480781735,-132.64769489121227
48.49391211836548,152.8732715391329,20.746078642958008,168.06998837131746,60.04906013375316,133.29497702763123,66.76263856797219,85.22060317737731,-79.46976127791133,-65.74972057324138,17.271861080184326,2.2932102966274264,-4.687779768010224,58.96872436232409,17.963753640259227,58.27424285102008,105.640568319109,195.5642040903967,-92.10701736686184
59.47629554291898,154.1922856119835,64.53894837836454,204.8597547168014,99.713909697608,229.9094982570338,98.11977769380088,120.88824807137269,6.533763055409641,8.739230441222753,69.18069200779877,45.57922385828999,26.77775621637375,138.903339081215,-20.565428250565017,163.69775749561876,84.33127993111745,216.85638898342765,-13.435412440175046
49.84171664298743,153.393613721442,88.64156876377488,239.2674562352816,167.89307730364493,247.9895308063915,168.67202537246231,90.84293695946675,60.15899796286088,38.70862563129442,93.09643743364452,102.24288066277828,63.3322674305924,134.1818311204425,-2.179206426325727,179.05801680413765,4.133866697474428,173.7697843993987,-10.291585004254063
45.788419669967126,107.76026172216112,95.01382953584556,207.81289885532416,200.67315872462504,187.68058835880169,177.53140140420354,48.11901999388097,38.59381663673065,40.09515703062572,56.921933241776046,86.96978199190696,64.31290759246939,95.19598363505962,37.0577386636525,110.32670717229684,-51.731661223010335,100.19091747965768,30.00136220851457
36.44784224149101,45.824870845433125,63.07308719512508,150.2234020868234,211.11121866329643,180.626551148236,192.72306080859357,105.49828990431313,64.55773071730732,117.1507790625586,17.54928843418169,50.56794895795501,81.25953318935125,116.22269507314108,59.18882584002161,125.20428577037858,-64.11726084145285,111.88249470127346,149.89754921502103
-1.524180411317668,26.02580655803199,60.829124404642656,104.27395110090464,228.9916326615439,203.69424596768891,249.36074876738377,188.5652357361892,155.85581902681903,216.0329125469788,68.96729079472888,50.62515943963233,129.05681516824717,150.09024458125896,78.37074675232179,185.41970910056543,-59.77725073615888,177.17200213056833,258.2105000195793
19.563510174403877,14.85413768011283,164.95329214022723,44.43927066694764,266.3973165663016,197.82376040707533,317.9533655777848,194.35733099734315,236.32397191904485,179.92810388333254,155.07742688811027,51.44936077378959,178.7000670040596,137.3951459623392,169.33931219619103,161.47521796267503,-15.3121376594387,193.35985887112383,290.7517588239182
96.5220424514348,-9.473833023891416,217.93063603654144,4.74685434568637,252.97728624758304,176.94822171684336,332.2276328371491,111.39465998944593,188.4381735246201,1.4624103394100394,179.48043152251978,55.65010733375171,189.73350552465865,115.30578725850415,252.5706147054408,96.0990721204232,16.893830876244714,133.08946126447756,232.14694072885865
138.4630151216699,-35.07724334729228,181.1024669524728,1.2774947186454175,185.12643786686544,172.75851377618056,258.07271603802724,38.14007049501626,87.0386999932313,-81.35233745774434,170.65177997332694,57.185015805760806,140.57354545643992,91.45571485044,251.89596428469636,99.42377144782331,35.088210537195884,62.61090688539891,183.70213812096992
129.8661294380138,-33.894546343968464,151.5258076811689,7.325349107709547,105.35518295183874,175.96889975955392,194.87253343360425,109.21357503069451,72.80400150484745,16.4086139658185,128.247829341245,48.08904542831904,79.08462833369502,94.72015323221828,221.79962768316247,159.85181411620732,70.24541276253942,73.90925390739805,183.49682343827317
71.48930313810335,0.2345182395751398,145.43428605673108,40.640992648861726,50.21785564126108,155.66248484289554,191.6930009630464,150.97448432402737,121.8348432547268,104.30821463031342,91.09115454573536,103.62563152882568,74.45659649667857,143.26030384110433,259.7516848192268,179.57903468497418,83.220887077243,120.84175916789832,189.73534153171843
52.59208378226118,8.165770558548777,177.26011081362083,73.08139743873187,88.03586403998213,135.28191871794945,214.04306570438305,80.64313929523743,182.45874923076815,101.04659481927496,118.90819553616252,151.08239922211084,100.1838434935698,161.86788986636486,326.7039904055747,167.4181267229713,125.33602071213896,119.74739628092117,216.30431794917413
103.6291850261786,20.92152694731993,210.80376854090628,82.87106805624896,136.12369307115156,141.52229648724412,235.72178705144103,81.50309279646646,168.34188450404943,86.22000085510308,150.09824079863594,117.34371516966245,107.62173555612068,138.49321457015807,266.87619925399883,169.03305017097446,199.1287090656494,116.83245291131098,218.5977560062822
155.5823494542535,65.36278558363186,236.45064636751775,100.57602773332106,142.22914356431917,150.88537042367386,229.8156683515186,128.9955972083372,10.95677662203172,104.93142279216926,172.1849892808303,96.50236399934086,143.91447559615406,133.30461519524258,126.36213096323318,187.8401907242613,269.9205654019521,144.46257105888373,202.49468753906945
221.1892529096638,75.84781166225335,293.1670769205474,119.82863790743114,218.06526333888732,148.07680189313973,276.6884894791656,140.46226608078263,-67.25393983271752,107.2323121404652,205.5258151541995,109.6702997288438,190.7046735801519,133.0815337588217,95.62509731927284,191.57401469289547,353.1090245863278,195.46845637054383,232.95240210861968
272.72726392267657,77.01145159293706,327.25342843586776,162.3576235994819,297.9197106379165,143.76787179735942,408.4352935246976,108.81741351153336,113.61857001981792,69.76591602806496,199.6365778289824,139.7993323361803,208.55270550985344,101.8324042900792,203.23163006366428,141.94874008796003,388.0044611234183,249.92490931948365,241.98621341679728
234.51952266659663,70.38827083782228,261.63793808856934,187.93592397996528,266.53788170034204,127.3648712433616,433.4911375170935,85.60257629424711,272.73586160997627,92.8029503474919,134.5507672717855,120.26271475906832,221.68533882678165,80.76053471736238,237.70507087142505,111.56118046499256,311.53234769819096,198.0401783056689,224.7461574210873
153.84079289335546,25.284797714697152,162.06003599197544,131.46948166469733,215.9672982170044,113.53609310361595,345.4598378400814,129.88871003428227,257.15346660886007,189.92470258168865,72.84074556321471,28.83900009442976,166.3983584651885,67.94318623486892,132.40083052979318,135.2768640293048,183.1162682075854,113.7097095162369,259.633062312928
149.52343032235004,15.49915257667418,164.32048687847407,94.0761246574204,223.79269461620632,101.18068572167304,341.9064077269808,121.6754829958624,259.6226433805302,144.16775533774072,88.91401070951278,23.53615771994735,113.76198769151206,-9.283214391760175,119.59937408645824,94.48021539488634,132.6375184970937,141.22705823633137,254.9056010307972
156.64183478470324,42.02809114028196,189.110556608722,92.0701537611042,214.2539131517744,-12.382392773656573,329.5792484941245,-18.938103751633967,224.65140978378648,-91.57759790900802,114.05492406836947,95.98871382327889,157.5276652389838,-154.34610698717623,193.67450925673475,-73.75781139600883,96.58300299068571,94.28002421432046,75.1275245178465
89.57898065655094,25.13247734944644,98.33642565321964,48.4775069477962,127.93881584207315,-163.966495670825,179.11065777636605,-160.941362465326,65.3883019409301,-205.663686037236,36.90708647273416,101.13895588983294,116.39570669991372,-260.7784354092573,166.62010603297713,-212.54757934788185,12.510079042394963,-57.30944686438106,-151.35767977531688
71.3809527491669,-8.244368405850155,-6.375204604214922,38.53245719108271,58.66961197372643,-160.96119603121593,68.34791981748292,-186.5593894321156,-25.787118785373178,-138.38929201072028,-61.1025981313765,71.52275477279143,-7.6751512269178015,-229.78831887584693,68.03459305153854,-180.14352863398918,3.9117545959461255,-103.74138048756411,-202.48192234786677
66.07713599102436,-5.732685854055686,-60.25361988788346,49.26293675765361,24.35510806735212,-99.59202851514338,13.75413337556022,-181.3536287086833,-19.84898770824409,-130.17190923369537,-105.86317363832616,80.14936687763623,-75.78080325746994,-175.57756540316208,-55.664698595889405,-122.43764669508612,24.82545706718225,-105.73802029509248,-168.70612431620134
-19.37641677678325,10.723761401542204,-96.59761904791338,-11.277264838337835,-69.87763137694782,-147.93024942358855,-103.9857240244678,-256.1916120156856,-43.060943038427695,-206.4122332316131,-157.3499828455812,84.79191748594945,-134.49292574867206,-229.3164815052613,-148.2214199337492,-189.1417062788741,2.706663509695587,-145.82022757776872,-222.1268081877452
-58.33540772761661,-13.984053140928255,-96.81884692580245,-86.6248195735845,-152.87408315547071,-238.96541260277183,-177.1362871651526,-362.01873097679874,-65.3909856267525,-318.41778420047547,-202.2273217176578,42.35048312300111,-182.93365724227368,-293.3524027679632,-128.38235407605504,-265.49600630862244,-41.846939194787325,-206.991786981068,-287.7409320283962
-31.896392173597977,-87.29322262943266,-135.38243141406144,-132.63861780366253,-173.05979946989845,-230.96413432793264,-189.1500310901873,-356.16690459036846,-87.21983067092985,-335.11361730952774,-213.57934893346788,-2.533507401293408,-211.60654208962455,-262.16844632844385,-147.30956383499117,-201.67275279944093,-117.39971606810772,-277.377872284678,-252.3662947211164
-68.20264474831741,-117.80657369848852,-247.81550810425057,-167.13114296769217,-207.8876899173724,-125.12458618264468,-207.56209343092527,-233.9177470227465,-147.5252638270996,-156.432974976078,-247.79641813088065,-18.84927650267808,-269.78089069060326,-168.00868699320532,-294.9698143012442,-82.05639974452794,-173.7070972099628,-305.8877900992243,-156.62178293152894
-160.6176161672856,-95.62758252176076,-333.9692759211407,-191.87539955518687,-244.38083398297903,-90.28211081628228,-196.7587921246286,-207.10313423789572,-138.2931266130406,-108.12096926446122,-325.1663605544123,-22.20981056937216,-327.18221070489324,-136.37202193316958,-346.4270058317696,-86.67542572489563,-219.5803358275184,-335.9246755450454,-119.90588397978983
-172.92284363656194,-80.12480163517043,-320.5106040619297,-191.5935427651387,-231.8150378429656,-143.22643766199965,-146.69687663322193,-293.09343265007215,-116.9739959207877,-259.51947280161886,-351.7722729387568,0.842191060609098,-317.5279740900048,-188.80181235198708,-247.65418573751876,-161.56990108313883,-246.264230136514,-348.50674361772525,-183.53827419483844
-137.93314443085205,-55.80789663732801,-256.8291664415024,-182.56899558748557,-172.55527617897522,-154.50870599384936,-128.47092108631455,-309.4330329623537,-274.09067907409724,-251.4070248759255,-323.68375607700983,33.27766351527488,-266.0900477667819,-196.6982985762496,-268.2867249234327,-154.7487119178299,-189.528788470327,-312.6959651681172,-261.432129089179
-184.29322727397297,-68.88604229282153,-288.7827558425284,-229.22513458219527,-130.73296134341587,-143.38070880382037,-229.0792241826776,-272.47393122860115,-423.1217464049131,-164.94673271671635,-383.5449672479063,-11.307317348132102,-249.380083344982,-181.59389896239597,-453.5779261490964,-113.92666085239556,-182.33187508836613,-326.14219269874417,-254.40069756069587
-219.13318109076803,-121.83831772909576,-344.538564950636,-293.39904148950643,-133.93284081306405,-148.9035065279691,-249.919410229088,-292.9425899718414,-290.80863841776574,-219.5563819296173,-401.3042714903909,-94.6031562529486,-244.11519978724888,-208.14813886673227,-463.1960907193592,-145.08667274772662,-252.7695213511277,-328.80060980325646,-176.53119951458234
-131.03562037156922,-145.72257867592668,-266.3326635267362,-266.85918583327367,-119.62215770043493,-143.26845461899242,-65.91212386287631,-312.4584232485327,-13.980727012829778,-245.8990295947392,-235.6703061259654,-78.92432574109313,-196.4174568900451,-195.14854627870443,-179.86741740572356,-163.31358190149743,-204.1578391952709,-279.37579706339574,-126.50116525149048
-42.44734456620399,-160.37914920455856,-190.2371430932032,-183.9536614667015,-129.1174710116607,-167.50091406807775,-27.160097902982635,-292.8267917272479,107.46053406422112,-203.4495442723772,-140.78021068989162,-29.94047294861677,-176.9133547399631,-133.595617480801,5.423889377426449,-100.15797061647577,-114.04666372436591,-296.2250771163443,-182.8707593435522
-105.02582087860404,-147.55615593061682,-244.0198193448312,-174.68608389760132,-217.4961306905668,-236.49247987238635,-218.024639406913,-345.885315669934,3.2402505831089683,-249.46207238565253,-229.7851161112322,-57.17099711229169,-255.88824987466137,-132.0116161336691,-106.59558144384796,-116.77999226543616,-145.50337448177893,-343.5265762924275,-293.8721118853291
-215.91657330876615,-121.84850598497871,-338.56871225551487,-257.4140708157042,-283.1719533645428,-278.94641770445776,-336.6620678353659,-402.4771632652256,-150.35643303288165,-307.80075491823266,-312.38524097864786,-98.14683201201127,-332.2485449287206,-237.7943553359102,-251.1904363191356,-224.74846455665647,-195.2338452844567,-318.8617094444581,-309.0691576128823
-199.76404068828492,-144.39014630082409,-335.5614519309106,-303.00848532810414,-258.1751879259496,-310.50615268002707,-290.5412067234185,-370.59104498412,-174.418676257906,-284.1280560936496,-260.0592553478749,-106.4416626967512,-288.56198982536654,-317.8316238458366,-218.3168159896292,-258.0785670976054,-189.84682524274976,-271.59784361395003,-257.4985413418441
-135.0601282417478,-163.27429135379245,-277.8074689021873,-247.51200240584316,-214.1828367787849,-328.8572365997221,-204.6469450958885,-380.610657776836,-114.63892137594364,-276.0096189946359,-174.90687534659872,-76.00694007162454,-219.77652010608944,-266.6439351405945,-54.87289656902632,-224.55902922534503,-186.7193677357681,-312.2188814908397,-327.5595112302664
-176.91511776922823,-165.95392186859706,-339.28399314918875,-221.83557435481703,-267.4747512691538,-314.90608472160653,-273.7441804885888,-467.0938088144497,-145.8164955712981,-330.68311093091535,-242.3291075571594,-32.7215599239829,-282.6183362193188,-214.85309992844284,-15.109636209358984,-198.38747891926053,-237.6789638304309,-451.869102059626,-505.99140181799606
-305.2260333405254,-206.59180808198508,-479.5008520904595,-322.35350917740334,-420.7206792686676,-380.9599165235276,-483.4558424460464,-573.4080448985558,-223.2299146945689,-415.3515988571092,-371.9092744578852,-63.87714685560085,-412.9200125170077,-272.2025822556546,-165.77994589327756,-220.40435467468436,-363.4553176035006,-585.673575849104,-608.8349900071776
-387.2278894305522,-235.63999055010385,-551.480993684886,-414.10808323932855,-518.9067461194057,-462.1785464597306,-538.0532674581527,-646.7709747773911,-206.61917775104675,-488.8247578482251,-380.3005580925522,-126.42678812324507,-452.78693773826535,-334.1056456645633,-228.94105091773835,-271.3434765233631,-475.1757745085824,-606.6185084679413,-584.7703817519928
-355.0140052518954,-217.0450165960799,-518.1237786811105,-382.12558804153394,-475.5401642656997,-429.4273847837808,-388.8240488966179,-610.1703995733833,-124.40333155983028,-463.56684571667927,-306.73007275925875,-125.05377882644612,-383.5400616250643,-287.9002352907783,-139.4324245842538,-246.9458860976108,-459.4709174896896,-527.2729431549335,-500.919230656304
-307.9249879233588,-231.926940015281,-461.7748634808746,-342.92840516829614,-365.5173304570995,-379.46921085645374,-289.0625493839906,-507.9535881638464,-45.95862878649671,-326.22220115689703,-240.6822591500432,-122.97352945225272,-307.9043895790013,-204.8486682913469,-73.11780440716508,-169.05430376464224,-403.3463694495652,-452.2485407723989,-402.2276014238558
-317.4182774584926,-257.00840042618546,-442.5661555029011,-351.10454614917137,-259.3738282106049,-336.9556729738059,-286.3651769694709,-383.72203430032704,-36.10658725521573,-176.6461893893931,-212.98833494296483,-133.85876272659252,-289.529356557305,-145.73698567656783,-117.34364776393632,-118.92466891922288,-401.5470385792269,-361.9371567825788,-284.87110808163754
-294.68796181723906,-229.77517208275975,-366.6769696096653,-347.3724604575054,-164.33756256545954,-275.49361321511566,-228.4019985341043,-236.6452569071479,-41.69744673277929,-67.12502773679154,-188.1134164519036,-126.98581405105917,-272.2582569991736,-112.54831788682336,-221.59392736906003,-75.95429255804642,-365.5226547398309,-196.1440470826782,-121.53152162017132
-213.2894507287204,-209.23115164330363,-218.3349110888396,-355.96275341699254,-81.53434003768194,-257.5747217321554,-112.42325905663476,-156.9230055332104,60.95209144777643,-27.61486743279584,-88.15182256663716,-170.85136473595932,-215.91779658932705,-147.84076959323738,-220.16359176265337,-87.5561449266362,-278.6633516216997,-57.710780434063615,22.56981273751328
-154.9163422855466,-200.9642136953977,-109.26314141310412,-341.83872072204645,-1.0010617284390957,-247.8985446051908,-21.351544754328035,-142.78474061754133,162.2878507961318,-26.98568798938836,22.81372976215949,-211.0823053290651,-138.01833177738487,-168.10350893143118,-106.02844953916332,-126.5957519583017,-234.92609417859867,-11.676198898312526,58.70294885008856
-115.48036226496735,-155.30219119366026,-61.55288059883134,-227.9027740547041,38.82559740322608,-176.57495878486205,1.3886749120743234,-98.39273558499104,124.69347898854444,37.95565150842326,52.2256478430544,-157.80315746017078,-106.263239738164,-109.11203213212448,-68.36804048218472,-76.2066091709838,-240.33097161090288,14.886976136919111,50.98415294921215
-72.3912953571565,-84.62907369224936,-55.531618841764605,-95.87246098468758,-33.57479095093324,-128.0221564236941,-95.5237621569002,-51.15985747380361,8.879517519077401,31.909125950892463,34.46531099614608,-62.2344072830593,-203.7703742154068,-77.35655075694982,-140.57715952764534,-58.662976850471125,-246.30648709699528,38.567813439609736,35.339622983791145
-95.12345638089104,-52.97493502742248,-107.38896863486154,-99.85279058204613,-180.2931742835517,-200.4504333280626,-229.8691349416372,-101.2453941728906,-93.65993064969564,-129.66937900946797,-0.5907248305483828,-23.335670701280517,-347.883053317532,-148.20753824460442,-194.9254430268639,-129.0181258745801,-253.59793979515496,-7.297276033834168,-39.991400693274464
-150.67809440283156,-59.54704883118965,-107.16276996001774,-187.5097441906081,-286.37417420040384,-265.2654239567376,-244.16034564482567,-179.51149412068244,-96.31020180703466,-181.47051495814088,12.184787124736264,-93.4426778985431,-360.3369520968719,-230.4274488783004,-120.20129607529134,-121.29935585688692,-234.69265479901927,-67.66145062590273,-103.45220701661962
-90.36387131482016,-56.85061560225368,3.694533186176992,-160.2724819679314,-225.65681109752285,-230.8031025001872,-116.23534802523676,-146.5251035804514,21.959214088402547,-76.96143177552347,99.83771098884768,-122.21171813647152,-243.31521942213695,-206.53459184041628,46.70583639420884,-59.97752017091136,-126.23116485503796,-55.02051122234714,-87.43254254965292
26.591836413148734,-57.2065298223212,59.257798503224,-48.63095680216709,-86.69431582794027,-241.63406349711332,-6.088485122495699,-144.0674203406833,92.8063574444461,-51.159100594035415,153.8831761489156,-5.554618875332685,-173.52765127307242,-163.94296678554173,96.74292802299829,-80.42747729696026,-23.982649797584845,-76.12813266931138,-98.01887463672348
11.033380870356735,-69.49426383921549,5.768710839134839,-36.72807927224992,-102.1588865227437,-300.93596733135456,-93.1095116031006,-268.2375911367582,6.596354145736796,-139.9663450637434,122.64510689659984,70.62179541661604,-204.77689834955532,-164.2580617866414,-19.216348093590494,-115.5957152878126,-50.837254718300166,-204.69075105271847,-186.67108941156184
-64.03573802073227,-90.74108537372176,-63.27597077299755,-97.37348383551726,-178.07827695268472,-273.31257058522857,-198.68488728093217,-308.9717590140387,-67.03686705930429,-169.1960816187394,81.15555292173512,54.334805301993406,-227.8507164528955,-124.4446152297996,-99.17604786514175,-69.6724693942322,-119.67674110992552,-308.1109099455035,-231.35033015859244
-79.16771388789914,-78.80970512355213,-78.5114774483079,-113.1106153781742,-193.6196581967721,-202.1006008973704,-144.51634655214465,-232.95071708430785,-59.74630472654448,-112.2505170405614,64.83679533166739,56.49439260256913,-227.99541252235443,-85.62862603338922,-61.03230118492528,-42.40379382434882,-146.28605985427046,-278.51826474240136,-219.15351804826088
-112.47695434742904,-31.47016207141127,-91.04450491019884,-130.72926363498692,-241.20513735335047,-206.72298576383747,-132.93953963470568,-197.92616235887536,-121.24069802958014,-135.3659405049854,4.739556401556143,7.904887871053259,-252.48802652039691,-135.52117840051366,-33.52588425015882,-112.27623259177808,-168.1219716957512,-227.3339171622623,-239.95009077205535
-161.19289292525028,-27.99144925168376,-164.76403020219632,-177.78768613898123,-282.6623966757729,-238.72444976478695,-221.3650512083917,-170.9075186632273,-220.349094364246,-158.44720813688392,-43.04250075434332,-83.57333432990015,-269.8136474159881,-190.62878396292288,-94.10222305061296,-148.25498736793102,-181.41877282379028,-226.7237906079964,-272.34807712806366
-154.44147871325336,-42.56477147741256,-163.89371902640582,-188.1526000843567,-246.9589106635177,-196.27941930070045,-272.28624225831066,-82.96545421981621,-246.15723496699303,-30.50184337625654,-2.994698015182323,-89.97972966940526,-252.49694598578864,-128.91746375445646,-178.14184041048898,-81.67975032942577,-144.42897109018205,-146.61139840984745,-277.3178880330571
-79.98846824895307,-19.427924887546123,-33.85019311033122,-137.8722035276409,-172.4626638864547,-125.72427704549094,-247.44453050404627,-26.43895688992084,-174.49887456612342,52.37697228053048,74.97853527240379,-46.31149411288958,-203.62312379094692,-69.79149123603429,-173.06775593091052,-54.64897721747904,-71.88284724491665,-15.07124806125966,-269.75430944476267
51.021864588814445,21.894840239069968,108.01136491240808,-42.8183787691179,-94.91360741034792,-90.74870580697636,-164.554851201302,-30.328906969044777,-97.25132521906528,4.613581841074982,175.24176832750317,1.0031006593381462,-145.17609253717524,-112.1946357693384,-85.0677824093854,-75.36062151028716,32.11895508328293,55.253892848663554,-266.2487969649164
110.24049109293348,62.997145801092856,166.3130177186392,25.347282589470293,-28.662284270601795,-80.28850898645044,-105.2057576033374,-11.4063861484299,-175.3382413839135,3.1328470790183998,185.04092076229907,36.56054138006524,-123.21875241988089,-106.88426477687317,-84.16450340438755,-61.976292440512864,137.2408862587006,90.25442408028204,-195.1328996015952
51.03962549979233,81.10743878246456,115.62658425690957,34.61630220281393,13.951430873362666,-40.16225174550159,-101.42030962821372,61.08906799977268,-247.68562590254905,77.01235380612671,59.41436193236411,49.06102046705426,-125.40921198987051,-52.0585329855771,-175.71523608718067,-57.79750951703624,129.28162699264965,126.36806818653318,-28.99032687722472
27.57157008197533,25.177329228091875,69.48612189836548,5.924599098491281,82.81886499323828,36.43910619490344,-30.09859972624909,145.3478257735771,-104.81349964771115,170.03669139288144,13.858758155206123,40.16563388375053,-75.98672140236263,-22.41899704896401,-133.23245289098537,-22.67130366114516,50.244637935550486,198.9719820378465,126.1174574351541
53.00147887841602,-45.03667753560663,110.437505550023,-40.79960256567492,192.5149057027766,91.61334753788488,141.27484194937364,208.70737759586908,78.44934479230186,225.44485162758843,112.74453691922388,-10.92485952732442,23.811979476861534,25.826651135538796,92.4315427149322,39.61334706165504,28.206976819821687,251.1846638850954,224.06000640120232
65.44307999449576,-15.74318863190912,146.2125738330068,-12.51463342311361,201.66788537139337,131.60081479644592,200.34619559057185,254.8632844328741,94.81060844544344,197.4388779778405,159.42188787917254,-13.15199166446993,46.87848984329504,41.9295920828226,218.348709335434,47.79135608417832,39.83675899037664,224.11133030289645,223.44869968214277
70.6039946986125,44.80872422989178,99.82225986738182,75.70538784510232,82.1605192497851,170.2359847918009,74.36795679095418,253.2695803371477,-7.739639067230942,172.87408510350468,89.44955533830066,59.06065418405708,-47.31740513208505,50.11693777100231,87.60090046367088,87.65524660582574,47.77700985622036,176.63492952258662,156.76768978610352
33.4333438481648,53.71326381374748,21.76120671664832,97.49412200621104,-14.275958212653148,184.7899894472718,-12.613977684389122,212.3161440409752,-63.731113550376456,194.5185565337463,30.23400481858185,105.44306498441571,-124.53717495481403,96.65039669587756,-33.46021083926483,147.61851547388488,25.66769426115837,117.2636172308586,113.90411734321307
-51.84767377366924,14.412773860459252,-55.83162024754866,15.171860343655212,-48.12009106511503,108.37168380553594,-20.901840906359784,143.29219528938222,-31.849051016724427,163.48234435279178,9.325994080931704,103.36242360019924,-133.5294868279636,21.30773648667705,24.234533794111854,66.52465242607194,-85.67759261118215,34.518973502304334,5.898135183958507
-121.79833758905971,-45.33933492530829,-128.45390055863385,-78.30338968811766,-115.15841263818658,-37.38105346184615,-109.25675814687348,34.35452536124422,-17.50798957195193,58.02489221091448,-24.462423585258502,81.48684606458379,-158.19309247047687,-83.98280221408868,83.69537810654998,-59.66865230453077,-196.20549328925597,-66.34727702773093,-158.60894794068338
-65.30159209952798,-38.84688529404495,-133.5926517330881,-3.2407225841188043,-205.72535357503605,-53.45542584176429,-266.72308394135257,-8.561212389602465,-123.355502603877,-4.968974904681279,-74.57987041574773,114.40885824747956,-199.76598117976184,10.559359379721547,-7.489341769188884,-23.643061651232543,-139.77377769675846,-186.23051310013508,-253.9958013621288
4.217926655935473,8.764669194143657,-142.48911228780034,115.5592186809437,-244.6941685608304,29.840036098040542,-432.9545095340545,2.8273559355825704,-309.213415440498,2.6338933946716243,-117.93764533703322,159.91203445168412,-222.44984088610084,111.15452103033796,-181.43912857832044,58.78718714429225,-27.18547260899993,-272.98854728913403,-322.5351072477928
-107.25131461626503,9.27905475516558,-210.72282226436215,18.96828895821625,-288.54650282696355,-13.351658197387776,-568.8936434786084,-55.39358898808122,-423.2708513717885,-29.415067749938657,-149.09061702977388,90.05089497589516,-267.06345183762363,37.11539905700387,-278.56311239200994,9.250444642737165,-53.057048064884015,-292.97474242200474,-403.535187454492
-198.46041306413943,16.272728520300102,-185.58692322727316,-85.41907880249727,-337.1977699270442,-98.04840662600266,-573.8682725804863,-103.54573998189518,-390.85407923019807,-86.84109504613278,-161.22803451347832,10.859208786101686,-299.2140489825489,-56.5409421021002,-247.46355475345325,-49.81413310287124,-93.92822423567117,-240.74963496987976,-422.3425080507823
-105.49128056845242,59.63032200955709,-101.02399589483626,26.73523012202469,-302.126750121152,7.344572614343948,-491.1790002791364,-49.30108108064281,-275.6481251529721,-43.54763165950157,-112.853028847855,54.821205751578844,-249.35285382335445,-6.213805400749798,-171.11828091074062,22.37614363544373,6.966846184119293,-105.63518115824716,-327.88672048416043
73.77020670402634,99.27176500652476,-36.51960273173413,217.65661605745504,-189.43748412237144,233.53708253436835,-417.7840293930952,53.71348430385127,-223.17596961831188,59.865480899084126,-18.920040550074617,150.36894767257118,-169.82537842561524,183.60365770709265,-182.1337001234087,167.8151654750525,197.87976486290648,27.41274584324955,-175.85976198327654
210.04882972668548,127.76492294719112,71.61672833199565,309.0367026538263,-51.308044872630624,347.2202076388965,-305.3687020912364,126.60898957318508,-217.67759175881028,99.91431431537548,72.71020564787358,202.4340031973007,-89.84320862312796,291.2380444598137,-204.56673972948403,247.34763652010784,352.0664688095563,102.61995796907692,-61.59163314766746
178.61272155132855,107.12060304196534,142.19349941844413,223.8110475225015,46.26477100313927,305.4326797076163,-142.75340501926817,154.55762150654803,-92.77637109162978,110.74338759090548,109.87045400583818,163.36737685141878,8.036688485549561,209.2495729240206,-52.79380413399532,207.118789698406,333.01072871444063,153.85142262192548,-11.401331562917834
62.781413050362445,64.06580222908914,119.77627233229204,118.05101351384198,93.21435331426554,247.01957256004053,14.506036235869171,202.98998609298224,63.00053431094515,178.51310218123083,33.63806404509943,71.77511878229211,58.68959742662248,158.7208429359082,136.87493601272885,176.96341513887305,193.59900187448756,164.69142582743626,21.060939444667056
3.2983811455336043,66.03825699269834,56.43028464891332,135.875225990503,136.01800949390991,270.23417149323546,111.14864003218123,288.20990821984043,89.81593962566382,277.4502678086261,-87.36244242587804,54.46556549075498,39.816392473989374,208.59828984122183,160.0890194629544,234.16587697409608,130.87972803476086,161.69556193473542,101.3813356878591
13.469777420299543,68.47804176398333,27.211680162019835,143.10933271154056,160.16817435003,283.9053061820668,160.50179383885697,333.5238922857881,111.51701662927388,304.9942006353945,-105.69543624904092,78.82901668251714,35.80802002048819,204.109744398252,82.33581004164618,243.03574820269787,156.28296402896711,175.9973987497436,229.11691254978717
34.11374338981296,42.654628037239405,38.840108829613335,82.82764583488833,160.40896794827736,183.38873900696444,248.45156518496952,284.73567738750614,226.8081099982455,242.3451402783848,-52.52927069793381,19.156150300237524,60.06395366270007,115.2402455848408,68.34249631779447,137.05945011720672,159.04108210640155,214.67045660301287,371.84817325083776
-5.192445028143937,5.583539437139929,25.76445323030804,21.2644369329077,187.7118264522651,101.2945350423418,370.527461103019,243.8542022957377,363.6454840486307,205.24273509951132,-47.513038977275976,-51.941247145646365,95.79608650619336,53.24460528710594,199.6615644221949,73.67150758303146,122.01080559783824,289.4720357211299,508.77957652130175
-13.14435587434298,-33.5998667639064,29.362248202111275,11.02475279972282,258.1179398368228,170.2310791214172,490.5019441680404,301.6307163987641,438.66858876916126,240.11579830550625,-64.6740379203572,-38.60220263058186,143.68062918102174,124.5484183515838,383.5045882571629,149.490268546151,107.28647531326136,345.5433360445596,632.3412637220237
71.38312180606913,-8.603573834402718,52.45932447009905,131.83552960185582,336.8162881691654,307.3896274828985,572.5302412098245,391.27122550766666,451.8077530457309,332.71959974108125,-38.38759149405237,17.280936199438177,168.4672876810279,241.70418503828537,418.29213711447534,239.90229050979957,190.3571777858432,429.46699230880495,786.3590782731521
126.63310384779082,83.05213520599519,81.47295837767939,273.3153563393981,346.9617788239526,372.4893200195791,526.6299361410706,472.5227934768358,499.2500654967757,457.0430199834265,33.58420952843998,75.5759572207317,174.0654656475974,252.43759038147687,272.4876345131516,229.56651172788264,336.0924859731106,512.1480865537023,874.4957947420143
89.31873361792225,94.8544864124508,100.109685218796,232.60621693924665,270.87009794588016,263.2715208031973,393.5540964567493,437.8267320872059,487.0360891520558,427.964174174041,50.19708400345907,133.82617728477825,148.16744976458338,150.22118267565767,171.13938588863843,127.69745655550778,340.39298825248505,418.7006651538943,762.7228036437025
82.04920567865699,41.398470890558826,110.39136909957294,157.7033609466544,243.6592814080861,113.61678385451413,332.1392258538966,271.09916392693646,304.21618584983827,239.847681349956,26.243627963600865,179.79009812529029,150.69433101559216,52.48935537827921,211.90103294001628,42.80161630577437,229.54419601895867,295.2519712252613,575.0278658743614
187.47482412897725,75.66454014123939,217.7105446771181,247.91967403631355,280.17366721583244,145.10752824849232,288.4329232486876,185.7780687785082,161.63754582565332,142.72290918568658,112.24416522827936,213.75783357151013,216.31186893114133,84.80262766950719,198.5555330755949,63.17353552673489,254.48453193415165,311.904557006818,451.9149027817048
249.39087447003595,111.79671587287682,273.8031528268291,321.75296945996536,246.2703181697628,166.8695599787159,179.614640661048,163.12032502475702,186.17563587715824,127.58265724547805,156.06095501338538,235.6295878464796,196.6774557758393,113.90867354001288,71.5394142784153,62.49618944830888,318.53836082895333,305.9269444091809,405.8364036075379
201.0027600388854,76.74104249823365,188.87629122722893,280.6284586118703,218.61575090802023,46.622383498588974,182.14619336377487,125.60594941998768,266.9161661922144,122.64460925288212,82.74850545300004,229.5133967154408,133.55793626607456,43.89180722135924,54.25941287267701,-3.364812198724414,291.5434041197429,238.15354575299287,370.3716422646984
169.96572846457966,75.68198871316291,193.89512464477227,263.4852705200941,262.5878275706629,17.097389596007574,277.14448718451155,136.54346925004748,303.9804592127607,145.156846072148,109.26134265538562,230.78460024390117,148.36684532700622,43.89242536808255,197.6568359123236,9.961344129861793,287.82627879750225,213.17761566961437,263.153544074605
160.23150256737512,69.67203664491734,231.91525001596247,242.72620055881688,248.5239214225615,27.745442470174936,239.4457068337812,111.17887636332505,236.3528609308115,112.78312050554692,152.32906673463597,226.03959805741127,174.7445097480927,71.61336531151701,245.16718121482756,34.42250209922077,218.07707956807263,169.97454892250516,126.58829132324588
119.9847086865829,32.50288954320402,180.0436479862594,185.2894330030271,203.76869781658755,-55.31515009054644,111.12596382651384,52.35781145312053,82.19207679043095,87.05773767246484,80.83065667838174,182.3356607531692,173.40019333192154,17.386338028343673,96.24755169118136,-6.921989345099922,81.03025608271554,112.4582844629544,33.00994711007219
114.09113670017008,57.32211511881452,185.67511284093308,174.98725340059875,219.97382690534684,-75.51799005613006,81.28704714108297,91.45000033699726,-35.63952414229889,132.58302521303975,90.31882592074166,168.01466657155814,185.09169906998343,-9.571149511716923,-31.83347685932296,-9.156374961343335,97.19441527095503,168.8207906005024,35.54089613349726
170.87369633424777,90.6653334447393,262.1233338928966,194.8222306751073,287.7379518202069,0.2149809483541541,197.7194344031593,155.41185298473218,-25.91812698205258,169.56040577859585,216.5966338889879,166.92645281261505,250.20422505635952,33.767484985432425,28.770852627502585,33.54937142829128,182.92443382861413,292.1685109635577,105.3055937509292
195.41330512604588,65.99862695535205,305.6620250254106,184.76207543013405,364.8256020562943,77.0261493235085,275.9596342500914,164.88211393944238,62.88047947835708,182.9749690127585,208.94851171094427,126.0150430628682,321.6354994351961,79.9912299306471,142.27568448899842,71.38756292535867,184.1511204808608,378.3107340203561,134.83436810768572
158.00844527743334,40.18185333864991,265.3765182549852,171.07440801589743,384.8232248506598,130.77590358310712,238.9680346280808,197.36093307537885,156.45659093668138,176.70419341575536,65.28960626454737,101.58277450104522,314.5045189133959,104.46495614646206,149.35537650850296,101.1608817199054,156.92301447375067,430.4759212385399,170.13768474341248
110.59378048750054,43.75098388722207,175.39450294643592,179.26200458531034,390.5656813805892,167.7626729278487,254.003555846947,253.5390247674165,221.1834972475812,194.520951503557,13.734704302932428,94.8075939067438,278.01906907055616,120.46321551388912,127.00495738470096,116.75907840758684,112.56329158415387,483.9600555630897,224.065696685526
87.95477397675286,58.19676768313481,157.6747622434938,183.7068808383043,423.147033363594,219.10253663997509,300.12583190775536,287.0404584673993,208.84009267589863,260.0532197904883,69.83992812580685,71.45686979898841,311.4312889585633,154.09587337544002,138.59066461048948,145.3241123409244,63.58850695856896,528.4426412588864,199.74773231738448
75.50511895328975,48.91496244901634,164.8957410333193,187.7588965557884,410.8660238245114,254.476725971561,265.46151536027565,308.86638838365184,168.29355500350735,313.7317601767001,67.70193757281416,61.58006259340584,340.5038486710565,211.4413391498409,195.9560845445489,202.03617704888035,71.88099718172067,491.8099231010145,175.68846922829476
15.178040990182602,16.227539274225286,80.84154512950721,172.32732560473562,324.6055766042129,245.59282420269832,177.72934420725153,348.2175408663199,197.5906722549201,380.1644379516052,-48.99691253632504,55.04651210359047,249.07317490631812,223.52075478422657,243.9160845516806,223.8256242606446,83.04542870137011,392.30197513627735,215.6416754494765
-22.967426074875032,27.415159073486954,15.731281419480256,167.25030958416474,224.09189568722715,231.16285183608505,80.61207659973006,426.5574725979609,216.6507423392068,436.8186855175597,-126.79868492079189,41.15510742909547,140.1725722416235,192.05771801920835,121.6785429056894,214.7887141334276,64.24086248805779,296.9021906540046,225.54341674059407
-5.018067408597943,68.48243798339742,4.252104890677438,186.92474978681852,163.3085676489823,236.58202421262288,21.49133116228396,441.3238455208688,129.0355707557651,386.1019853331806,-115.28956502054268,37.059782554296206,118.60555148408152,203.63077083824749,-43.354168752358056,228.75716862159248,42.9846852014047,241.8639642141468,149.14274082213544
-33.48921003526367,67.4244295745606,-50.17527683281052,154.61544238565327,106.9423812929948,254.72741749089647,35.5753521129181,360.1417656969426,79.5002397618518,298.61417149741425,-113.80079524453028,37.7451413279617,118.6395112345101,239.28684300878524,-23.584325247283036,239.43831913523127,-27.96702594633909,214.50549220210567,37.572601512722265
-93.46873694579446,51.11490591217178,-97.67576069920352,119.4568271437547,19.407134174939515,224.7278309974936,50.6033213739273,320.9261683431596,149.43143496178578,277.7702908069557,-131.94107494029026,45.50628383878274,76.22418939774751,231.2908423683133,72.95457063585107,210.6504464874528,-125.31017437956088,114.81595777406343,-17.535132411366078
-142.85216607439915,28.100696667146405,-164.38452123119998,75.44206348182419,-79.32885197571755,135.08082533472944,-1.8384215682074303,290.0157560595436,180.93547624490463,282.0575709967037,-188.8005524544523,36.89709763623387,3.550148160942521,151.46195383000278,49.598353201168514,138.9796326173427,-172.1393626370691,-19.64104911568821,-33.52561256104287
-165.66210265071842,-1.5710025653802315,-251.25897071204105,13.69124130614268,-97.62618679210046,67.67271384445046,-17.419807793824006,192.1017973393787,129.7924752011969,223.31404903709267,-213.66316556769448,6.239783892850732,-23.632405691126216,83.67322462598058,-62.48821023673886,101.28829419553344,-180.12587242199635,-70.69117220912237,-58.25661473125207
-113.84478281495046,-2.7788956781007035,-219.6723308251565,29.854526934760106,-5.637846382299785,78.18837718693882,63.20415702174303,103.74138706601872,58.46489338498018,142.5641121241264,-96.54086421536176,-6.709344807065213,35.54794410652543,109.24968656383513,-54.626600907703626,127.91301552256336,-168.06573570383063,-40.71349866505675,-78.50310941751935
-14.883995868192994,-1.5821051467175593,-102.29325225172808,79.01573650686481,76.3602587412086,125.31732326718434,137.41825485069427,74.02048171472023,16.779384911581694,135.16713014644145,40.26806054701933,24.38599827362958,133.0522441360728,134.9934705766148,111.86292110434516,137.2527275287357,-140.4617122080508,20.27049932052213,-147.23200096277122
-8.617061774135031,-5.592335333948433,-32.11831120801763,73.81332796245538,91.77741088865628,81.43895667323412,80.77723748796008,38.99071491942827,11.937230717553952,54.81882945188492,42.53738431260316,39.591574475230026,166.82857199527174,75.60794866258162,189.78972537117863,84.33163601337027,-162.79012015818807,2.9503126541515887,-252.9035160713892
-94.46461377168214,-5.840394944172661,-74.02046629067513,20.8907595681263,41.23480811771248,-19.098782529317138,-53.9541441004448,-77.85531601738948,-36.61725221523891,-126.1271732092203,-37.70809318545873,-27.443023026618537,104.1463653979009,5.171197358445055,62.545605656515946,14.60819634407796,-223.60376189290847,-77.54845816347735,-252.88020356439588
-86.84568760548191,-1.3388336553584037,-108.92421634947982,26.557696354412464,44.927987710543725,13.512812161610672,-20.844327045000764,-137.18022557417194,-53.246728872053794,-141.74900897179785,-46.18319840532064,-60.38009281572207,94.16184595548694,58.31058413849342,-26.286592412748025,50.52496624553836,-183.4762729976269,-21.531940481817937,-146.73165757166657
-17.440273103635455,6.719513303022713,-57.22875790829451,82.33776843534659,168.43439170870542,101.19324957922768,116.56642201946836,-55.704500279967455,13.238603249167303,-56.28229367998178,5.537774122937147,-15.891995329074302,161.47686598829395,131.02185027408947,61.16965299404593,100.15764033612984,-95.01016232648908,111.8079518121003,-56.3035893645254
-11.054451535949749,8.499459039380254,-20.52931439509794,79.8768447489825,186.6312293887044,60.10914181816526,92.29105428833512,-20.825162079123576,2.094202408285146,-59.29621435193279,22.802537761720327,-24.400317925372825,167.19192731442803,46.73200096282964,114.90025668199524,8.894732320535471,-115.14449790315706,104.9189693787594,-40.69894632505039
-71.99072532454025,7.113858577131907,-33.41746128773244,33.114813475395614,83.60518052305156,-33.06400430996245,-55.20265460548619,-48.37359207432332,-78.06215229040863,-51.27924131331903,-7.413986980697625,-64.4085674898444,111.7903500154474,-47.02397832505357,16.307203982688186,-72.24290641117932,-207.0829108100111,19.155807323033027,-94.82627812568954
-151.62893421020593,0.4144307825142246,-89.30654719402499,-6.008280754031698,30.712341129942367,-47.08103432845518,-140.93971295837804,-21.67677328202265,-99.10332330251624,3.5720978422615395,-64.09370311426731,-47.97281085270041,62.93913452036084,-15.203127340340284,-84.95110401747093,-39.51127281751632,-252.02114003044457,0.1159944977130254,-131.8824426989813
-93.9019087909604,31.25007705725313,-46.00251988991608,51.00181821758469,48.4607829334366,31.201809898810023,-84.5889065890524,19.069298850229167,-94.45672281192924,35.0950995073304,-25.71361951474989,5.981100178522898,100.4028332249118,42.49279279982584,-18.55419378226056,4.148783320137425,-162.74263707118345,53.57388651617752,-116.9247885987096
88.70390248330693,81.28876160516447,118.27443612856511,177.47908787572177,126.05794940633275,114.87698012561889,15.331989254207045,23.33842054174812,-105.98309099955432,26.004510238573086,104.470020379817,73.80514519054618,171.81164139446076,54.36930855500075,132.9078722353344,3.383373733734281,9.726097735522115,95.34474955796124,-137.15063763543753
181.1215467823029,72.54632959722697,137.54720623693203,204.1132434663828,127.62193374308728,107.72622250422972,-15.302372285454856,-23.733706257905386,-141.94049476353027,-57.650769658069855,129.6079114809409,117.7454867103202,100.97538122131704,35.63407456053705,73.19257719377183,12.588716304606976,93.55793465829088,36.7388075179128,-206.83279767211556
125.28189906374509,61.8232564506471,24.468711465572976,125.43432094204384,-56.97100518373627,45.31406298575818,-202.3935317765424,-143.87737077846003,-246.5674031728512,-206.4762099025124,27.30106728588844,78.6147291203162,-44.59074436009617,-9.200799216233923,-187.20429838528213,-1.3226624991060638,37.708742014215886,-55.64978944695,-270.61697794527817
21.58317338458158,86.22872069458283,-30.332059281051045,59.49951472897579,-205.18384411343268,-35.490099926858456,-319.0316056581221,-277.8656005395829,-289.55804372285616,-317.7103993974241,-43.71171977985871,35.01930865882016,-96.18716124032392,-82.15152986267515,-254.8775908105143,-117.34611561569088,-33.398490237571615,-87.86362459003985,-324.4152705399396
-31.049673437705803,77.36670971653747,-21.263784347833184,36.20545079144053,-173.86411256013744,-144.41406214567436,-260.97455601347417,-346.4479469817445,-198.87302424117289,-342.4810352074777,-13.462485336881612,73.50712039795467,-70.79512153574319,-144.06189933282045,-80.89576189660579,-215.64675482430488,-41.06265935507535,-128.41480041493625,-427.6039385432376
1.3404738623799233,44.94097828935632,-10.679445099118562,38.20867100229575,-161.34010760367536,-192.4235630243528,-258.8647263941655,-359.291069211284,-189.3267320805886,-321.73796541535745,18.56768220392692,109.10280872139552,-84.1699078912309,-137.93390866030344,-50.25107847342079,-190.85964919007588,-32.800548925231524,-225.2605194007483,-563.8757237725792
57.288326499937945,26.96068847128022,-35.71941074860073,37.579293810637125,-233.23111556607816,-170.8101474030742,-324.7388518643864,-336.6097815735708,-262.19479191462943,-287.9673580276279,-17.946888573753778,94.13425686567646,-148.6967628010317,-71.05112794327567,-219.3781155846756,-131.51438391849825,-12.870926448150191,-309.05925679591434,-572.7560209552192
43.737288291091744,7.950394807536887,-75.07092419277603,-42.15170014932865,-264.47235219951733,-198.99373271793655,-288.119290655004,-311.5085928527402,-246.38917135904535,-292.3211795163864,-74.31689599705852,39.72226903011728,-179.94725648645948,-77.93361006559195,-327.01137047007444,-156.37181532313326,-5.393224960910008,-306.04043684088475,-461.6921304672261
-23.04986000023028,-7.513765571281388,-105.57547255929552,-167.92146775008376,-250.7606893233976,-287.5149586833309,-198.0056255107722,-338.71039737138506,-227.45173275974017,-333.09024796298297,-92.88310339890158,-46.9464753826223,-187.9734686380013,-223.2015276671949,-302.7599355940045,-257.6955304460471,-52.41678791808084,-222.1009214498604,-416.2137344294602
-21.89496642833772,-26.11338799481325,-99.4572920069703,-226.29522192033824,-236.42252465575336,-337.8079875059611,-147.64108228840254,-322.5061581608816,-284.8761978105618,-289.4262793116797,-77.05745338258679,-107.84517614878048,-187.43328772901884,-309.9768950266137,-234.4324037618964,-301.97059896597113,-51.3273859123164,-159.20171549747562,-407.1999884428568
44.59308250385633,-60.056645884095246,-72.89647265198886,-218.6128117120381,-242.0991888085572,-292.18540466924355,-152.34665966421508,-219.4640297822726,-279.454744000458,-183.99447857192956,-105.40191806932864,-128.91179214160212,-182.0500059554452,-239.2794515084696,-243.2123844307158,-246.1677367591701,-11.753739042558871,-163.18786408759826,-317.62333617847383
-9.95216786301639,-82.9812519783182,-154.8852281079547,-230.0345289061223,-261.62872341605964,-263.60421603541124,-179.9642805982595,-204.79052221483585,-171.02908299084555,-182.05463882599076,-203.48308030032788,-140.33345092572543,-219.50483370199555,-198.60049704212264,-315.7173781787494,-196.67864909558045,-40.625557382613565,-146.00629465765272,-212.21204373620157
-135.48454618229513,-82.64583690214836,-268.5986957067623,-274.6702377310611,-233.64342509025815,-298.83512591617057,-134.2215570514758,-245.54933327770817,-117.98587408593758,-231.89560796273005,-263.2441078181648,-171.21347655687265,-207.49505190792647,-230.3346142325444,-279.3830648501266,-196.1816294974631,-53.87504352443333,-94.19778960693242,-152.91387021762264
-107.58937126542185,-86.2817123867775,-243.8498269145595,-278.0696978577062,-158.3643243127011,-264.1776920283704,-16.515447557224118,-183.58032681962845,-157.48743352170982,-195.1904538930009,-218.76109610859103,-201.955300816718,-129.37410803334103,-218.30570531425568,-134.22070337825656,-176.57212506200423,-38.25903391597959,-97.50788382191668,-153.78751528569043
-65.16487617064094,-103.2133847336842,-206.72580869329187,-250.5363348753558,-120.7109674424406,-191.3637423638789,-14.028922250440791,-125.29130705500248,-171.50206650203796,-133.78608694700992,-184.49548839022003,-173.12365708660502,-131.88986319532643,-165.0275503228208,-60.1525922643164,-120.81038756494932,-35.36906232136467,-142.7030459390694,-181.64316298806972
-114.45824873017727,-71.29933054515965,-218.50443597691947,-194.8865390658348,-115.44074095028516,-145.5471321456105,-90.3559812630452,-145.90255688479712,-174.4624649481752,-108.53177270871863,-211.99597989453508,-114.89891547851308,-165.1130751630318,-104.71303784131987,-131.46076452422528,-80.58128505030163,14.297229526433467,-143.0589535453245,-92.0060612015913
-82.59889016726366,-1.10199943283637,-150.97347252649362,-85.68517064493555,-61.74185511960131,-96.32755927000775,-61.940596620864014,-137.6812478789903,-165.5115598265905,-78.55382316103557,-171.1875659137966,-80.67123657691118,-122.91251021198028,-88.75589534409069,-190.6835216075079,-83.40323231378083,63.79248112779579,-65.90242897553257,44.09064268315813
-23.41341404959049,8.53686416669269,-63.523006265272976,-16.93498770000033,6.713460862502515,-67.99984443971185,-25.269183418113016,-71.5699407564252,-15.152764115389967,-36.16540090622139,-61.29861114099246,-68.28088293999572,-36.6910115176704,-103.8967237849752,-96.17349139270274,-77.19802629198358,75.15742454941429,19.582021747240525,63.60178677366408
-1.989814385954852,-8.931312376743572,-18.19441385466061,11.566339037794927,39.96813036194254,-9.492910093290217,-4.71909819970675,-21.33551654892478,137.2116948475292,-36.06747589277313,25.92459951192507,-45.87642105050632,34.78292086009382,-44.03246997218616,36.05816702000458,-8.76529054687197,84.31612687573214,32.54552101734585,72.29376855871561
70.67523236953838,44.04447686440492,52.4076318179195,104.72185370122234,57.57677716091956,91.81763578304944,38.71287682342206,-48.40382504486208,104.91862689993933,-104.5508934681174,79.38474576511042,29.61019516519916,54.79485784658474,48.94951245494342,37.43694257407626,34.372521804328045,130.0325291844762,42.11213166850983,109.183138703655
116.01413133320864,110.66556568600622,89.76455520947185,216.71357294601933,43.80304237635618,111.26990718385622,-26.199810816009585,-88.17821408922899,40.87108763070518,-101.89972214430382,90.35259139460032,108.52221483645712,40.25473250558464,81.6030156369845,-100.50700935116714,16.344142793704556,187.47277601931376,62.51389605952036,112.5799315878046
87.99704463318308,105.608818305252,96.80638272588392,241.11296237829904,17.047698469568488,78.24626547363336,-117.46994349260018,-47.372770630678176,40.75208547656036,22.62416767558444,113.08441962290182,104.24746502314784,31.79829692569865,71.98299946241657,-161.82051176262428,47.716821664490894,145.07395587060424,9.929265893149289,92.74729205915374
57.32678448913876,77.99716972397462,122.56873671100615,181.4885533855074,2.600991855215528,97.3927928586742,-81.79925867009848,-1.435871368261116,8.813799068421199,57.5477944858873,146.0962947064082,53.33341012013651,54.26606010230164,78.02519441038437,-20.420984630365552,103.22806906720224,51.7016125121838,-37.33207363925598,25.987029406208904
34.64990578414161,84.48441993384137,105.04094252947318,130.5401275722449,-9.092203482442672,91.2938237573682,-58.12353069899905,-6.229713482692663,-106.21233440076068,-13.835991114272684,139.9103843425143,44.88603491087398,74.32905249326542,75.6393881487598,43.05130262835753,79.71226934179332,43.9323471494093,-40.82566748679722,-34.53313534382415
68.17822096889931,129.1137310425478,131.4788247059279,181.67254879317383,-0.4405985697641157,27.873567137894053,-156.33843776679478,-32.10241775851924,-214.4365598776789,-24.591825836941148,180.12954272945413,81.34313863128804,73.12380648956638,18.040904401760585,-114.22221517423074,7.667310696991573,147.75725661746117,-46.8584627666361,-32.252518145005936
175.2526005303672,144.38320471085146,224.21137481357636,248.45720138148957,11.09120910431019,1.0075594772711018,-194.54226172717,-71.21817388335151,-155.92065781319596,-23.10296742493845,233.7659610243727,84.72372855118623,93.17397692962844,-15.797170169761406,-196.37689677260144,-43.99921577481891,262.52733164818426,-24.554120414512035,21.082842656826784
234.98218681716932,82.36018796054005,266.74627022748103,188.06461615661408,57.348270473884966,13.255583174433676,-10.985031472970752,-58.91093251317351,-0.9101762252493796,-62.88170648093914,215.67921885276257,48.67968457137374,131.64860718093087,10.383365326309049,-32.27321323472745,-42.1622600373865,262.1892886042648,3.830556061780945,130.33859048612572
188.0810035711613,31.11283464771901,235.4481414622425,85.39847103370495,107.14784871001235,21.96020200003882,205.69516558438048,-5.453748800799516,63.35112429714864,-54.16022407965443,169.90667837366595,29.768183980436334,109.0347098086409,43.35656976186764,152.71071473942385,-5.950132487828212,210.2047906655881,24.541350815626945,246.62095333894476
109.0581400194942,27.087853102939565,121.15706762065147,49.10585303207219,37.53154578009067,22.064813329096104,197.65011701768017,18.18451546085539,56.222552788081146,-18.467457483783534,89.02636168722744,7.723625889279409,18.77800159889158,48.63046488984938,118.22371523499622,5.421422694496594,174.9597718743034,50.8307703930442,326.1865977084224
79.34750413004237,41.49349549423323,62.8899060203177,66.34610079919821,12.014167744250376,50.453214852362,97.58157917080024,30.82473071869964,21.072330143545383,-21.30176479448429,53.242375458208784,-6.608610472202496,29.36378140900081,65.25413800035253,-31.766685971589023,13.21135209333218,136.341713465102,80.92001352720278,348.5674505220663
124.79782792447874,60.54037200798648,139.2939981318117,106.87594210436158,127.6474611984352,130.86387328456604,161.3177278536248,44.510234109281285,-2.057720238710608,4.150133630806659,152.20624456202057,26.668897004682023,139.24988455209245,137.5100441370512,-33.02300119463591,81.51498765008017,179.53328616836427,150.99507835100968,356.0647662072202
148.5601811037154,55.59298870540575,167.70114110693794,109.55998724232796,173.39377792957413,171.99180881591732,272.46226458846047,55.53826140443656,55.11326704183292,51.91865797534801,203.86442710439812,42.97934361865499,167.45911002542724,141.3868492689611,113.99653300839736,124.09589170735228,260.4861140728335,175.90311001170463,386.8145945037311
86.23273237643454,47.29428457880894,94.23954269344875,90.50183243342572,111.5618079751494,93.87663483268156,197.89579831115108,32.854989408396726,58.09718279344545,44.97723688521342,98.49389932837146,18.493854526201662,100.73615329620436,57.46299393305532,142.98320840646264,30.073783121513006,223.4059456904593,56.88914451882324,317.2302805388671
73.49835704893877,48.20935364675217,36.8354250541046,129.64424004378054,42.184023703884286,33.21616755914961,25.49082920498936,-10.428742074977157,-0.6279766698547149,22.223248908595224,9.745319734342829,28.830322750420738,34.34392122238056,61.69447689777233,-7.950942919494034,-31.891045893986565,164.71199666880386,-58.55622776736544,192.4525603696308
154.53497300821186,34.771040933840986,75.81820943689515,182.9048474898187,26.03421069919473,134.4726207071444,-16.978372857626315,26.353787909306835,60.93903562153916,11.250917661251467,57.77450210245789,82.68660254555078,65.66722993023402,168.96189368460418,-44.87979207553132,81.6298999420312,177.52061838987692,-43.94073344448662,179.01702213160732
194.36812181749315,39.52822884410013,151.32966087695584,205.7989715343976,51.05042476965203,247.49424463589924,108.31496790956248,99.81722084992307,176.15986823102824,30.728666422356625,172.40702724447402,124.37052196037703,150.13355773707704,241.2544273406507,167.8962709826299,176.00075015785504,187.94153921336573,-9.85225477421727,197.184001322316
164.1210261392266,67.41942128142588,165.91957883617087,214.50644637759711,62.44087064177583,217.40816802763567,224.39618459624023,86.44851903659499,190.16536575359444,81.1604132868956,231.506800060916,132.11530280543525,183.62233137934436,199.8696755573777,345.27793857636027,126.83788791864728,195.46323890713973,-55.1313253166487,170.08420708331374
190.71945664398325,86.79044276147849,195.3569570143704,236.2830264434353,95.34722351080114,159.19895145125983,200.9250715733658,60.93595094712627,44.41729209931109,92.29117502461251,224.52233008006723,118.66696636167477,209.21734419644864,127.9443862685566,268.8096459548144,75.60304748554373,218.17909299608803,-132.39296788982142,142.11977142811995
258.884429753464,88.95694860978197,240.98694909877383,249.21271935791847,110.812938346222,184.0958813139892,141.32183577658407,83.08400093262738,-84.3724048185662,72.22007008064007,215.478041519132,107.37460062103278,225.96746236080372,132.5314920594092,123.2120643618764,99.62663072561942,214.72272563544232,-186.7936716209684,115.8473424277916
166.05206735590124,35.235512592432926,131.231463893123,138.55352336409777,49.61419616558159,187.7168163002491,118.41447964900324,38.17409423084045,8.671856539415295,23.55491302484257,135.2558596212571,88.39768854249257,164.86684001813327,144.91406374320428,106.431533794189,92.2605609521781,115.067862728905,-221.20077702071129,78.08431833286201
5.536928301903892,3.2658707025100977,-25.439167583248118,46.20404912798066,-5.570970224310458,125.87560770020872,115.4966639863552,-24.429085041396235,74.35634736179459,-20.27874137743364,-3.2988269960956496,79.27800820753669,75.24677980316112,111.86231020289704,143.01960743349687,52.35624392809212,-3.6808448085206487,-185.45094966275704,60.35499936354723
-20.75195582924454,63.76566204888061,-37.06434181081071,95.05292354435927,-20.66703614048883,131.91930590531106,156.80163150793635,26.984190044113404,-11.856815027219383,24.688168889661657,-64.51630577932126,89.90289921815686,46.62249383716816,108.71836595856271,135.25283822493574,70.2743416302595,-3.9423737185007903,-81.57193909787668,106.47114677815416
-35.40697942127595,75.54111067618142,-26.08267595841785,69.56191510024946,-29.15546120348276,161.73439580705588,162.31953553682786,144.94880899089452,-13.867931580540928,111.1626158370716,-79.91992133759508,43.17387554771015,53.202639893956906,143.64452478322283,54.66683192157711,112.1276159684234,-11.374402937039752,-74.61652192437273,161.88512367841295
-39.71820014553233,36.67249025332679,-17.175633477275827,9.722484913895627,-38.16483419083599,152.6273362878668,84.47175189796725,211.65292523093916,16.813592394393943,155.9422110976813,-35.61390871725862,-18.277389487291515,67.67628961713933,150.35581012524403,-27.84699451946705,141.5361072591811,-25.7784517543102,-108.85393090843246,160.49712567162825
73.43756559257882,55.14304791121439,83.08556368938696,57.880788054044736,-31.526604218528654,168.84762200617843,74.67966323504946,181.2086640381147,-23.349020722750105,117.61470507254823,105.22487928774608,-33.63875360589342,126.4726781812389,108.70824060721344,74.03425648908092,124.15147111526392,110.53764646532186,6.17472974870955,177.4201381908383
149.39151002262076,62.19548500327297,161.80637351924543,76.94678302994221,16.203726420207744,154.07008921392284,155.12294119103373,164.44997428964217,-9.010599231188806,88.91313474739424,159.58482506933134,-55.43259336116513,157.7561454017248,80.30361533695918,225.29806278158023,80.11290847968179,241.82810739088413,126.8852990437826,250.3305438094069
106.92238369944486,43.41462515287308,133.97836192884037,32.9268959160841,59.14461905384888,135.04593164961324,145.17740552975803,194.58966727588623,-10.712165877752067,130.67799593759665,65.46692816815862,-63.54520744337658,104.46820373574715,109.58888343227588,113.87880420478407,88.01786740837635,241.6844384355421,141.05193526603273,290.24394175306503
39.269250267640494,58.7818584934169,69.22017956676028,13.79783760433198,64.74788272091867,129.73666239002844,77.72470918121154,153.65304083892718,-105.31676822463542,98.1694441482523,-9.643441170898658,-51.205271212989146,63.519986072935566,97.92636623776124,-80.73192772916356,85.30889224892664,173.8314406894414,153.90921373560352,281.772054099614
7.70336419383587,51.94050070716004,72.09944008249816,3.713376749389844,106.7290746930485,66.9576804747434,119.85081044730074,92.93085489907538,-78.70609092607009,52.16707423777952,6.093906178629207,-52.456398279384,100.93693567975998,18.06683302678505,-24.85796423380395,31.376489242580128,112.04724893113686,163.1047096783405,283.41571855220013
72.92120585653309,14.695022966696929,161.35966463473082,10.658707196623526,156.25976369815774,22.704276186912296,199.4258508970718,96.11406979895808,42.74071933324512,111.76242161703222,79.87059693794986,-64.1286158886945,166.19280576135145,1.1606018344162154,121.38559158025048,14.015926148293612,151.12713577860424,145.0288469650912,287.79125212975435
145.66843902782634,-14.575452522144914,188.96396061660812,3.607761977138383,118.05978364538096,3.4312161377297223,146.71170060358963,83.42883714851341,8.71180602476836,97.11398697469248,100.0487171474088,-89.48707746978525,142.10788889301017,10.24003540096536,51.12852282572496,40.73208611030155,187.48823581475185,84.01063033983284,262.209529693772
71.96629927662866,-57.36428833236885,106.35748005035468,-109.00147756728128,48.66521419105885,-23.08275425016741,38.065177659915584,67.6282987548409,-46.70471879086188,26.869058968596224,3.4557324120398145,-129.58114727079683,43.10420720160733,-18.73778026472504,-99.57668362730084,19.749198293940108,105.39130247567482,-4.904390692241442,290.1139536553927
-27.145067941435705,-96.82984341979332,34.589153072613904,-220.59908289552487,7.201607534113302,-24.5053670128556,92.41966631703085,105.05711672838028,74.95545676362433,64.44940374583537,-57.873055718068834,-169.6015426927946,21.106444842195515,-31.2345563648116,-35.303463558778496,-39.62238782272188,6.665326588388221,-15.143401964235943,392.09806923456273
-25.152049207482342,-102.10066566134752,6.367147894846863,-206.5287354072291,5.998188267125021,-22.516957408255266,221.65589266353356,137.66837592257764,217.2567852646429,73.59699586864427,-18.43619520665998,-159.2338494248669,64.36935060568041,-49.05733998853856,148.20128209151963,-54.983987466339904,-19.606586829056425,39.71385836732496,422.6685468533628
35.23405302675964,-64.21255606246277,25.648625309352788,-91.5703299002842,44.87122888503823,19.41992158090456,217.33558495742696,159.1734429278243,233.23798299041752,50.1948795828262,42.28484736730472,-94.65503857208144,85.31959263408338,-26.356241924636212,176.65408705827917,-5.632516043322937,55.65781463731451,75.74585286790634,400.6832888566113
74.69475776530459,-24.263008885164076,38.15593791863756,-3.140030425816345,43.42997431008637,59.43342720066301,128.43491521953808,112.25137185918156,131.7817486418122,46.44020208555703,45.89948704306527,-59.19277471577816,61.7675570474597,26.329855673906124,44.32206755441908,53.53119669141847,119.41129763917353,35.835638153306604,330.44357031149
-24.288847528902966,-50.9052284282936,-64.3038498941031,-80.06984198501449,-14.959907157749548,-64.63143691311079,50.04297216666729,-53.76804174901157,31.3729428640996,-64.0499277291209,-72.10269068627707,-112.68887963252652,-12.82115042539618,-43.05450295879327,-42.19517257011523,-2.4119934404474246,10.151020403584354,-83.7694914172339,165.86415573897222
-167.6603148913879,-116.63050372816802,-182.73018123824605,-222.63281348706093,-82.78010642753134,-244.76405062661576,35.5214260089988,-130.81900830952424,78.32170487505303,-137.6325416886793,-199.96768611694176,-223.8214782508697,-65.06506583348347,-164.2590082595125,22.17356414351479,-121.16472459638108,-164.39831469430604,-136.26798671365205,104.15563895230866
-193.8185373291038,-151.6904162517102,-207.84764526452724,-288.2771558033358,-120.55502527695332,-250.00950975126065,70.43637470845438,-37.95064571512388,130.9967725676589,-45.80387855838936,-193.49312833565125,-273.9353696645829,-83.14169735319517,-173.71380803722224,84.86697418714832,-111.74199993853875,-211.01550302873903,-70.38933695639479,176.52855084272488
-139.61595955282309,-142.49728825919743,-178.68985452862626,-251.2313715848532,-90.18337225977774,-143.19771674172682,61.32033837731651,49.92858845126641,78.4620971905021,56.26469984723019,-134.05825213463794,-214.72875301746623,-101.46155650588275,-90.31383208964895,40.32505641510743,-31.589335678192505,-118.35809707109168,-0.3168857535724291,268.8726427162622
-50.493342619328736,-106.48444079826793,-117.02721864178028,-130.51367282105593,-38.07053761832469,-64.79002171308876,88.0772611556232,89.85210825043247,123.13263623295278,80.38816003190688,-94.05527731211282,-136.1159361790424,-49.11652956470045,-3.9038406584866734,55.95029179552877,8.732186604860388,21.186053734857172,38.923121473871966,392.8555136194447
-8.10066634150294,-69.81746901137774,-52.02739644467158,-53.61941399000425,22.231416216884192,-17.528394046122397,199.5306186850052,134.5060092013969,265.2563172975131,100.6643784269948,-18.72828364600049,-103.942456595132,41.46125738585079,49.28293597344131,154.61227615246534,51.55394340108928,109.6382142239353,92.8706473373141,465.7807202954049
-32.60145995681518,-65.39409826180133,4.492192620836587,-68.84248746248089,88.0383174692192,22.08028469104281,193.1021435341685,196.36653322731087,288.7283357213422,172.94135391457118,35.51842216417667,-110.74416070849112,72.4263386306963,96.58796606494856,147.56492047085857,91.53678635059592,84.30754276338791,171.45873731275012,433.6058353578029
-15.74805416413164,-80.86882743516553,67.77336855916731,-102.22036007065314,87.83503550243613,93.1864916213528,98.34912972393958,231.29722099036505,196.78410837818103,183.1084573849749,18.83197817323218,-101.93596528297054,62.546730732763166,132.60070951640245,80.69989614812728,110.33215081060337,-7.284650275672462,194.99049121915465,358.3119503951084
23.524512864800013,-83.85483642285448,95.3037757093644,-127.542890658962,96.79434128435376,130.77683990873078,148.0704916298853,156.03693800703616,137.74535376714223,103.31681476310384,16.115421734340575,-55.365747423696845,77.38480326552957,85.5581223841385,89.40218806753995,90.30150043870668,-45.26445192368495,139.72390610510598,266.6005881657153
12.71596689341215,-68.93859518830209,67.37048368339583,-112.63783222805093,174.35628183396403,42.73929761350966,239.4631008319625,46.422058710880464,135.3709320484974,55.18784290990693,30.97129074562758,-60.03638352557098,152.8229800945615,-20.888381107210204,141.9146215636002,6.685818227483267,-29.718177632809542,111.62621607869912,162.69846456194168
-20.411362991961024,-15.406455863479032,51.040349178870464,-6.762203248282966,239.86424353210705,0.2927430086587587,235.02001292602645,53.05250380305399,144.27804864089129,66.97995625338129,16.748195438452697,-84.30837331605689,224.30003922311624,-32.96789586176973,191.3956652162962,-10.844017247230036,-33.64337851592698,163.05476403950172,91.02785446132783
-48.497079028422014,54.206843604339234,73.99525693666392,108.35754529213315,264.1210279224046,107.2454410360398,223.0729353387393,128.84431807369384,163.1388883716345,97.84249968817475,5.643282880203191,-11.711639233157046,220.39401589318948,91.9254940553123,160.16613741175345,101.33953007158478,-64.03130534125926,221.98461445303528,108.75509849327304
-62.11581240335635,83.85468353713935,86.03027491530642,110.3114347134224,202.449750802504,182.75198831255847,173.43208354615754,134.3078788905309,166.1094590503645,90.18880666147462,49.7720406896598,40.80419175548568,171.6482209246512,168.667046520835,46.91352776240809,140.61135596435128,-67.20234039671847,193.8408868592338,142.97790572398011
-21.01180279494008,64.86998311364964,115.7734746873759,49.65968897315658,98.85359813750507,115.94037141107988,87.73615818060486,64.41528807775174,145.28598048851276,46.83589214852287,131.33313407384898,-8.184438421311093,138.2407409291653,71.36188888169856,31.482228106236512,26.53905527843332,-23.31044009395678,90.38482051342385,114.40361961182607
50.797588592292726,17.0217973014623,168.4135072139238,28.496193508328627,54.36095240448574,-18.840812882483487,85.7132771494878,7.260745854318926,130.00468657297654,14.827952850626502,173.241448587098,-42.49935465762004,145.1638703548369,-64.19390621126435,144.66534268880656,-63.511801007853954,-29.00928586666708,1.8045289616221,76.57628526850559
50.74817249076426,-15.05156185149161,141.13842162568102,33.84677221176567,20.18829316482045,-106.30962784499,69.36804024625687,-44.67861594110418,120.95103988930887,-30.067439055926933,132.99980534609725,-30.476765257952348,142.17090962477437,-110.2906658309412,194.43483219881867,-76.96648932873597,-88.9714381020657,-41.70624639036133,21.24055424583738
-45.03902567718744,-41.135423374096376,59.26944116839344,-20.8580726333222,9.515212416981434,-151.64609030860976,-24.451714120274183,-116.42023129327907,119.53016981141435,-83.19573775133692,37.46199278287884,-33.92866296531568,106.97866000968868,-126.25656486500914,115.95691366860665,-91.91884676677768,-156.00065665835157,-58.72412346318194,-56.8830764912511
-124.36171267948085,-79.48580337832841,17.364367620680202,-128.5756336467736,67.54611860082598,-161.26426698377003,-8.480247398935509,-97.42196223561876,113.0466182251834,-57.59445305284643,-2.2896047830432478,-97.74629147572551,116.53044779134471,-154.3944038902579,87.67846270391688,-98.6760460149459,-231.0432575423114,-33.18931148661701,-70.07673413976255
-96.87680328150404,-63.62803225395326,30.024653369909384,-152.45045304690083,102.32513000171318,-73.80041649156938,120.9563194715673,25.51548648377773,90.99267589922422,26.395718038273493,61.62811708448592,-148.69645042652823,145.73496077369583,-124.45180000713506,174.22802417345324,-63.31980701040976,-209.7431138129447,21.29744286826276,-43.39780771928986
-27.38063190139232,-8.202290433301808,45.06972148953743,-61.19368553032574,65.66762052197743,35.68398258382627,146.3347282100768,107.09816349657876,90.82118010462467,59.855667900020144,105.61605767601192,-94.59679190070474,104.5992212591838,-29.287517194959342,183.6091315030554,2.1696551582823003,-108.79165182605342,57.86409309868378,-10.616758070704352
4.386222184177396,30.51544651043491,16.25182639450803,44.0420043734684,27.68745783990439,62.04448743424844,63.76451519503202,118.2437036169582,93.96448858028896,54.290497512989376,60.92389811494757,-4.894837566453794,43.65981693695166,21.56993814304273,45.25634661081581,28.11872482182904,-36.6847152424344,63.703613381513854,57.527549926891645
-20.187720354415823,42.69394286246486,-10.573261766368883,62.21116637421788,-4.312099965140927,4.664849607421842,5.44941169625294,95.73671184547496,48.160986451840266,46.15387936449815,2.3274091068765324,21.86910375600777,14.266461805117954,-10.419137377801087,-34.46399244916503,14.708449060381572,-28.93360755110734,8.503038000356225,52.000909021488965
-92.89378219030412,-2.72422665746325,-18.73893834340042,-22.109609638264143,-39.40073517707548,-23.31093217574576,-6.374293082241534,68.28820843466418,33.63027551893118,61.98282529075227,3.365468561303953,-22.010641587437732,17.0105412222994,-11.289047557997902,74.75651379551587,58.400984901952775,-116.97830592007682,-24.81945424334701,-22.473876590111374
-106.60270760274597,-35.11921095272004,-1.5220565954248553,-53.3816397078194,4.963020840053951,69.82391141056436,57.02102040956461,121.78652212883792,92.03914944954968,133.97463445905424,43.95533194499292,-17.83574444238791,66.16379392353743,98.11669522662808,199.57972787785897,125.29084588604252,-139.74693814662484,39.2800715524479,22.413695861467968
-69.11653607020561,5.328502389524234,-0.1636072744748973,6.727678838080505,63.115557090786815,128.95306499798534,95.40708308897548,164.48832529623266,92.77166884558572,120.54505074960196,18.28597524361574,69.09312533955546,61.42899072898211,163.94175590672518,116.77239463604737,99.98963741916306,-54.860224472066925,53.27111199180717,120.77734577474337
-96.908666564285,53.12959540743746,-64.325873177691,39.107195185262135,51.9472472815386,36.463400799525736,7.145645773457922,60.33246362766414,20.601176405472327,-26.87910178434569,-44.03217088474758,96.72023935691614,-21.874518938612688,64.80013778066859,-102.79867316550208,0.6180978302176006,-40.26158894831437,30.67462576298123,109.34961072871194
-78.34220581450204,76.64311864869454,-48.50377696910152,69.23504450009082,49.45575055170493,-40.57570194501092,-5.68556764495596,-18.519452092051008,35.648236463141714,-74.43032179046602,20.79052944505144,68.05342081222786,-15.932698805967703,-24.45615755717849,-133.2024350506693,-37.23881446415845,-15.654050780568662,55.767745240075065,34.078922492020546
20.430863659859455,65.61934037700038,54.77434246792074,91.1353012054802,11.386414755862411,-22.90812937151771,27.832722091523657,1.3164846623742734,137.30764200729098,-31.37081241417473,137.99382324579966,45.425684145178906,26.43739646666224,-38.18558238139758,45.191185443297286,-17.171378056099073,56.87501257203172,-2.329523941000525,-63.134296486097455
33.33663135006391,38.20438139252588,88.75979861031762,30.081818666839307,-119.40321301042846,-65.10964003417614,-126.36020354776642,-53.11068905875885,126.06279432266074,-114.39316224398785,125.79777681238424,1.2919514295769212,-35.97404620182567,-99.9858871856258,56.94077483795836,-59.27200154959319,55.38320308813968,-158.9840224911452,-207.293263500004
-25.47054433410433,14.270887374771334,33.308531668173984,-81.65084671719839,-254.11343187053893,-174.6498958525707,-337.25982788823046,-160.5340956280729,-43.20604665453163,-237.27378576558812,22.868995585032607,-45.80652747687344,-139.28897161884268,-151.67103690250914,-170.2965162467691,-120.97531394163272,9.308428840797546,-285.79450695586195,-340.3221777864418
-64.10784814815891,-2.7420829631004646,-45.81541923147588,-140.73334465442176,-321.581023244732,-213.34461936530468,-408.781451190328,-211.72330545054052,-210.6241027302882,-269.18345738650896,-66.02250428377405,-38.78680863462351,-218.70876563946015,-116.69564723439925,-314.01550834012244,-121.90433407666956,-23.79998163743162,-293.1156184360242,-375.51447656220535
-73.08556786291875,-6.9556034909635525,-63.96871079201886,-123.33280962300114,-306.9692484136256,-190.627103373732,-331.73838531009574,-221.6417648080612,-225.05281402390148,-240.10291157707903,-87.9534260322575,-9.700064160304956,-206.35573485229804,-78.3770808866867,-223.38588935089007,-85.73015055933065,-33.17840361546644,-251.10691493745296,-326.7809126673669
-102.22347437416067,-52.56288085263952,-105.93303194808033,-173.5443037898808,-282.6622238827844,-194.5846842847872,-243.8380623905658,-203.06216062303048,-132.48822339815902,-185.1443417616336,-110.92549368817042,-62.42005321476035,-175.15906136633356,-94.08695133321788,-112.74582028907146,-86.4331244631921,-77.03479070300448,-323.80905496688433,-316.32597219595533
-172.72447118378946,-106.89865271995744,-238.0362035495882,-273.792234542895,-330.23129988107945,-226.11652164344807,-285.15396575978,-177.45045153108686,-123.99871029110474,-154.59616217044652,-215.88995759857556,-120.6750727422668,-253.74843779748616,-115.97372479458038,-168.95412021753464,-118.93435712747596,-155.54322730521218,-412.9316104588242,-385.482603789642
-171.80188633355272,-91.88285654166674,-270.758341673477,-248.99523595428056,-374.6449746807613,-200.00595843247504,-301.80602262204764,-153.15562415409292,-137.68459773641143,-126.08329542735528,-248.29493277180887,-86.4825572198956,-298.8928544895128,-73.57309976708366,-233.23104423397933,-74.12743747207729,-154.97743237200942,-377.2234028045439,-393.8586513248196
-116.43986643719826,-90.28591134401331,-202.44576310672943,-195.198656875136,-347.1715972000774,-126.30198100579894,-198.7361045749649,-104.30768414274483,-29.134090573981545,-89.15702371536177,-178.32523940276045,-59.74744489174298,-262.7078916104594,-7.280472386610865,-122.6379971272522,2.489257541808205,-158.20016534723337,-328.4392872070189,-305.1895829588343
-138.91844377652333,-125.70532151161352,-191.3004637774208,-229.74905513508293,-329.41528737108047,-119.38062888941634,-151.31982686636192,-81.83163106777124,52.091520035138736,-101.56591139263432,-167.04828777426948,-84.68617167121386,-240.776474975195,-16.649611912573285,10.79420325279981,9.583329537456576,-212.424033660741,-305.37207063763856,-214.9636988768911
-190.9380873385685,-104.0714250239548,-212.0980910371859,-247.88944853939768,-313.2649390123209,-156.24581351432553,-153.1659088559074,-77.54850905821473,21.454457375044417,-94.12249146143436,-185.71022250096985,-112.1837600069742,-210.2749035356606,-59.4733509411013,-40.4912714461906,-12.412510259924376,-169.12769967137388,-270.4190515919653,-118.36758034690791
-217.6972763609017,-80.00749867440535,-232.95606724918525,-251.73378406492944,-222.86806370195183,-130.06255666020547,-81.9345155936498,-21.21528755232534,16.77948734338319,-26.374158662900168,-207.2577816213773,-105.80309091183685,-173.06811869098527,-24.47082599378501,-163.53764188981827,7.542071690283123,-135.93614161333338,-254.6319153550185,-59.74958207079839
-203.8931458093974,-105.23090830586406,-248.67043479941964,-271.39787923136106,-140.30868796552753,-53.7721850248435,-11.975002650159627,-8.01020949067599,44.037477846526855,-31.309820284455856,-229.89516747018325,-74.28973755066706,-144.76159874325316,55.85844523234303,-166.66394827830996,37.97518304625584,-188.8182442240389,-235.73642011376973,-130.80961447198075
-110.91349653876524,-125.0615113108002,-208.42351149422308,-237.97105532323928,-114.78643670882988,-20.75852645623367,-69.99999805115269,-89.71301857030691,-8.725378423419498,-109.84908257728594,-181.87171514284336,-52.50748517937089,-133.51943929077106,50.16164047045417,-141.90822233806446,-1.0949916846603065,-170.2688628639766,-231.65158255920517,-216.608215932932
-47.024432955492856,-123.83141938203724,-155.53976459539152,-183.5012908604232,-125.26449903457224,-36.01213510392777,-218.7279413481373,-129.10695842236464,-108.28010779132434,-137.42247844440277,-118.49786412632564,-34.92468848760546,-163.5448170430129,-3.7958145620696353,-212.1537795834936,-29.50379434088296,-140.75468265471923,-253.45746798285728,-219.70380233182448
-95.996306912345,-83.77226898980786,-182.3264709049217,-160.93425327172017,-197.1068856319409,-45.06398566875495,-291.8141324032182,-125.59708555536818,-129.46787616592275,-178.93068445427397,-98.52321756061492,-48.79471235618502,-200.4188951990852,10.446048827735405,-255.13023728946408,-24.56547560006395,-178.1081586913902,-267.8763244799531,-245.2669203484257
-165.45756848692298,-59.254301918311455,-237.2710119376266,-184.0647782734569,-255.43266849983505,-73.24500995868027,-236.53761719368777,-196.653175622147,-52.02106489223396,-247.8506185320445,-98.0316902708689,-63.42457360118497,-188.84109483265303,-5.844130248332205,-218.00437030763868,-61.25610235898491,-240.36848006551224,-298.5987633967338,-306.25122552947835
-155.07345241791415,-69.90654993709697,-184.36719487132265,-180.07148645622684,-197.67673991568725,-108.73440746732972,-171.67409818639817,-257.4935542707813,14.432674324110042,-226.0425978009151,-81.50816326503985,2.6311247337210317,-123.62090177742496,-89.82742217750268,-164.4984267701123,-90.59363753203996,-254.2361023714537,-268.16967223313355,-329.6867574442276
-49.09586154880056,-34.07501746380883,-46.51975802731928,-101.02735770438407,-112.1024727788636,-95.26971118410404,-161.31960261607972,-202.3026838712837,-12.373049105729852,-171.0936297666142,1.886017660383709,31.94807028766893,-76.63640477170621,-122.78897631576191,-107.2413461420492,-123.66024193790128,-125.4568077000959,-143.42514417213687,-297.9699614307013
57.26234117035644,-10.847973253230032,47.67027820545279,-92.29870291028983,-98.94924017132384,-67.09984150999587,-141.03712223729153,-122.67825452368572,-62.81150071069977,-120.99551649839036,106.96537810416488,-57.24175359442072,-67.89663119991218,-102.7346610849964,-123.50191399493784,-128.04105261902615,16.36021745585614,-58.759074012682994,-223.86377045135583
125.82753550688088,-14.66318701548994,120.22372810968446,-91.422604370498,-56.19450937406605,-34.07399736331603,-89.74226367853606,-90.11969785995076,-57.14543630664314,-77.19057153091119,161.5272332279915,-77.93404268602792,-41.033026925570056,-68.40331221552078,-153.8580156150547,-70.80984989598915,67.96942706939447,-50.66648446217704,-230.721032308618
177.64483291610955,27.83883137038836,188.11439272900307,8.803694376667787,-10.63875355039922,-43.92200682138081,-103.34724984646972,-137.49733104654658,-96.472191917854,-154.45903218719909,166.08122730578648,27.47605572885651,-18.782370044845063,-102.81034676321964,-98.46430158982636,-114.78714609048107,72.49329453032348,-85.55314854194621,-369.69613573469286
141.91722676269634,48.70861231680768,167.9930857068461,16.888886405646875,-73.58944303138061,-166.41355578747883,-211.94834658632223,-246.06840558595903,-252.31019043328,-263.0882410955293,129.9362996672195,54.8174796840222,-15.589311534779007,-220.2951221984634,-94.89060547840276,-223.5161556725284,25.78185799662468,-112.0557512643847,-488.71582870130993
77.39882453966213,12.822333650682458,128.30501495294956,-60.83064257118792,-84.2557420825932,-248.7813113893823,-279.2426568365964,-271.6792192851081,-338.41997566689275,-228.93775952468647,101.39678235095602,-23.486260979958605,-6.00881704989353,-248.12456815590104,-167.07162961301404,-216.03446362360148,-0.805600473597305,-87.91265910762912,-493.97020357378887
79.28167461566476,-22.91198167746101,120.77204814214085,-103.481188610539,-28.50674096072764,-241.1754603323885,-234.06956228169523,-236.3414012692904,-266.6498787752154,-197.27242734107764,101.19037128716306,-58.3343307124395,-6.559651225497395,-205.2537455269465,-191.18797229688548,-179.06180065060482,14.12376360141789,-91.4131413718532,-475.3556459767363
99.6054495168442,-40.13863375510194,120.54277857842855,-143.40287506656895,-39.51131708156405,-267.84997514095954,-184.66322839507924,-253.57128134624136,-211.1705783942109,-273.40400638929907,152.64612850144746,-66.99840204604588,18.71264746243797,-229.97427275208372,-140.10306962862663,-212.9974193045094,4.215209912346543,-107.82694388426056,-513.0029494140074
146.65461740261554,-50.7834350316621,188.80730409361132,-133.0662531513893,-12.8563608671843,-264.70627893542274,-166.75233597893344,-261.7257094631762,-203.0790195547972,-275.6580552807408,267.5641436295451,-105.86384160419732,92.22233865552346,-251.42048435618344,-42.04636047143016,-231.14581290125085,-12.910980963856488,-47.74292119029149,-493.6585473225916
176.7281637704564,-69.49383113159149,247.3380716966712,-95.19755709994244,66.0013170128422,-199.0687509659905,-136.8327426885375,-215.9856576617177,-159.30086369289276,-164.30629677206048,292.24510352118733,-117.46403838909032,118.2557816092467,-201.7083998868003,-1.2110381309684357,-187.4956463564328,-33.00714784780028,-7.500005123937987,-396.17094619433
103.1373262509069,-64.00124886146563,178.18676118617697,-87.13411306995883,81.7731776369286,-111.56874809924228,-130.41678975557164,-172.57676923700797,-131.7914311562847,-77.8553679765753,210.77016072250305,-73.52145706682961,65.17470861543677,-111.06749849152531,-84.93060759453475,-107.5337188074781,-94.32683894450076,-38.64713657035355,-363.12657140262127
25.187511252004,-26.44995950887878,63.92886627922002,-49.57049060809423,53.53500495674415,-3.4570903386069123,-117.9937672657907,-116.41187800168984,-144.90856853791564,-36.43872171458443,139.84125927573132,-23.2121987380385,16.510858819730515,-28.912392605104166,-113.15593642006894,-49.01419105447806,-172.06762716589012,-11.35001202713483,-346.81041147664325
-3.4030828044638426,-32.78666317950949,-15.020132298147535,-40.42266095709942,32.9360356239019,26.05933106236364,-60.173772556542296,-5.523340697178153,-150.7256120548926,31.040169628908327,53.54437360415896,-2.868135189270222,-2.548713098994356,-14.326655522115257,5.304310296360071,-32.802753210558535,-213.992122994073,34.987102150920805,-291.8311646667224
-43.45682428440119,-74.47214850750397,-83.03338898864753,-92.68375631811364,-0.9245312490506384,-0.9591832242100112,-29.58076326452544,43.51860017594929,-114.89414261504092,68.86449441062325,-8.389541165088566,-19.234558880094763,-9.401832060491568,-24.74557139111207,61.02490243658526,4.507321397241243,-211.6938705921393,-36.64872219074986,-230.5626665171335
-53.47880341770774,-76.40312712234632,-139.302631814461,-91.93279360520172,-59.28172338018065,34.560956845193324,-27.50570524323088,2.570224869023979,-57.224998730907565,-0.0271921703692866,-9.376001871563057,-45.35890126462457,-6.40443614267508,15.074584422818482,23.47556898607197,42.70472234205661,-185.32877991564635,-103.2609892052272,-112.98717608072548
-31.678035499170715,-38.52333790106914,-137.52975510898264,-31.480564101519324,-73.45148931968357,76.60551745404473,-2.3774146820863584,2.780625657863976,-32.73865365984605,-52.00400634916811,0.1822910716359229,0.7224109214992429,3.1998931263393176,64.03980718983976,38.9530895242608,21.326848930511265,-141.80208854580425,-32.978618036976606,15.238430181257169
-33.80345664981331,7.117070799915896,-94.09892138637537,22.91258671959131,-24.573411592174484,73.21616240770571,48.41617317970063,-10.762980761877436,6.156646646566005,-62.25006536797152,36.098110766415225,60.13040246202963,37.8427674071367,50.911184376073386,118.674172656398,-26.84659894265005,-97.81805383217396,57.788275905950464,32.20895828540796
-46.51346160331961,11.307571139728866,-64.09082738320905,18.250237601215183,6.258262344292386,57.55352420414821,73.74767386609915,-64.93250469049742,52.0100497668881,-79.05909169002115,59.783095478763,24.77159412574531,36.24869173483377,13.677600020704938,183.0842392748646,-32.056413650989896,-100.5456229625743,18.9842872838588,-64.60165975049648
-57.79710477663623,-29.29816784225126,-45.58724406035196,-46.81198579374848,-60.82052137336528,8.773526322855291,-36.057121228204046,-63.18460796470512,24.7324105336201,-31.97687878795056,33.226230057465166,-13.20323297972636,-61.2745993381366,-6.346034799361067,115.6392907498354,-11.186326207476426,-110.90641244584106,-121.78863381368176,-157.0749832647613
-42.127290063911325,-52.16461946719735,-23.993081239633764,-74.80401831401407,-175.20805900813608,-78.2303417828275,-197.82828106484956,-64.68975014435918,21.35820736739192,-2.199588919406595,14.187295566297284,-26.895739437938587,-126.14860094158443,-76.31429761097868,-13.586615215133351,-48.779962127307314,-89.75651068769778,-181.2098912921423,-152.68590118674783
-8.258012414382032,-41.7027827024612,32.26258181752188,-63.1689205686798,-171.59573604504865,-118.0404860740732,-195.41834382734947,-79.69738768219905,58.53581170858444,-2.6849267829441152,14.165708212734298,-47.75475153832611,-80.49913521083349,-149.84781416301374,-17.64028321491761,-108.31355045488796,-71.22380055949264,-95.70442375800604,-116.24478726619944
18.93270222785369,15.68700833150392,130.43816985860238,-29.458344344612893,-72.63379811541151,-88.19483844378563,-81.1369889787912,-15.82767568732523,11.368480276730164,53.01860707430101,30.987270943422487,-26.74990160627325,1.588210449062768,-114.02128662003742,42.34165518987322,-104.0776245460456,8.864056364488707,-3.042341348508185,-137.421511761009
62.89922348352484,106.31334164357162,195.15071502883,75.82494578198727,-9.382260600151524,-25.976598502391447,-31.9983551751311,41.53096586513545,-65.23519142691103,57.06903934187421,94.32483253550414,0.5423356130862832,67.02212216161294,-27.43296062453892,19.932647188413117,-33.14303636195596,131.89495268462898,33.18886070169026,-167.01806500123544
103.48334734884808,152.5378960936272,237.74043155663963,163.85630588295209,33.233217692433755,92.98819052382984,-54.6690801402824,43.40334696480178,-87.33520048644469,22.45889230561027,182.92444591157343,30.277860911342128,90.64210942336726,63.17809679037333,-37.34613962867724,63.26026979732295,184.5931369444685,89.84774508030063,-114.91799224956708
172.23099006508517,156.04398743820622,325.702995098915,198.1068780336797,105.23337272354252,188.69324009963708,-13.894402970617929,109.58563970098494,-73.56559990531443,83.14107187227724,256.82788629493194,85.79303499626,124.74056371642058,136.97364469631282,-24.14865071766633,92.93387303381408,221.56333169100503,171.32065279804,-18.865955831067303
250.80808590055636,162.11381456860462,383.84979044186514,256.5357476565419,211.12627331998615,183.15757588531068,110.91231509127655,173.24405135198575,-56.41602920433935,176.71947719770097,276.41568996448973,131.26829975875327,188.95205168101165,124.65452314637932,38.55372574395501,60.61609097751898,252.45721138625285,203.5892486112496,-8.100333960803962
216.4188137766305,149.48824676610488,337.09431343009,288.5563720142509,278.2481839847251,150.26824556932667,133.84502934295227,137.99631241990667,-60.86735885996551,184.0826832752894,215.0053522065487,161.0911825369106,199.9288923784759,92.75021153086156,80.6350403060282,80.17872012807649,221.57872973629895,173.75031846330958,-58.51273978968668
149.0155687082862,115.75404371938554,262.98257823983835,256.0813194754733,271.4689386235102,130.89718744951176,73.50811640337682,96.38654786139428,-58.2937406326764,127.8543304608185,157.6939542663078,158.43696692340123,165.40049054425435,99.88429670456016,59.79358988789477,116.34319383704816,194.9184805202822,115.32712738818763,-39.273092302620405
103.21385551830431,96.75102383973456,196.0502981877828,178.18318366446815,255.3394927587852,142.89584585973117,105.17507350950191,70.28324145846987,-43.34705685505355,93.66132747581258,142.1498396850904,114.7802441448441,110.51470970298352,81.45323114491127,24.03873268638624,77.47800301381024,144.87490663765303,100.44279711709504,9.497532136556964
48.60339826471543,84.04529544692873,141.49571414655017,94.296965215367,230.32675100366384,163.67840786952445,184.4059968766649,59.33289573130585,-8.139600337614766,92.42297372889212,106.71166642351648,53.33778172284471,72.02358269689655,62.220645429932816,87.36459810964362,31.43747555990497,76.85693217582472,173.25130569329286,38.12847072393996
111.39453050466966,81.48904080661347,166.78465828202602,112.98586431732762,202.8532936814092,196.5876396926834,234.30513371692507,80.55269174501636,73.43500120411245,79.10322052068135,104.53029894914128,19.74902008685145,111.52583605803515,104.1037120773358,186.51953151078612,60.01486440269721,150.02405879310652,254.92137331145756,57.71349914556336
212.3423536179322,93.71655181391104,183.0056911452261,186.46581135754167,194.7960399947005,253.67691560552876,224.21097196893507,81.47839468935422,109.83876117604991,33.577375907718164,121.60302247699448,46.237747654000096,129.3609010749186,154.8923803372344,182.06775035184145,96.0631189947295,256.1790179275877,244.24351772899715,21.74375042018122
167.07590121614632,84.5877293505195,86.28901234717033,175.28896095933575,122.393364131985,201.97085174993632,138.0280860753127,43.3116993005546,36.713496512061965,-1.1585605216442776,49.92158932541837,84.79405089576963,39.14205854645645,133.41123962313657,88.38525781274372,67.07805790849123,217.55321051379823,139.68708543029166,-13.358700287876754
50.16772585158429,68.01360079283106,-46.43919699915543,104.51561379182029,-30.30257332240116,80.99026929314806,40.22817232956087,10.576863982680033,-74.48206882757736,23.072687129676297,-59.969763033476745,79.16753291123064,-64.7264171091227,63.52857462863051,-15.07318854104165,24.320949630814788,111.23034234426434,55.30463122959984,-22.274708533396243
-48.902357460597656,59.94180181323878,-120.06565067756334,44.2348934265254,-117.45272852634214,53.09948927786247,-20.04282017835852,26.11686814112049,-97.24253210724989,85.7382743890747,-116.58736458271112,23.01807427275488,-88.98140392297606,29.74059406154926,-34.62028950424187,28.55898334580117,24.1416798563106,44.32137736446813,-51.66246278666178
-65.86412507308185,35.12565431372403,-98.24200012996504,22.82049931780956,-95.38027004180633,50.97487859832536,-15.576395617176194,39.99613619360414,-13.318365252168908,123.99667470153368,-81.27608353167602,-28.364263183963157,-56.30080237169283,32.69634463568275,17.49055223116342,57.87254929125533,12.377480694095205,19.036328720782123,-43.988417360883496
27.181142844919645,24.162170041152617,-15.64445238720149,40.54559422085416,-47.42671275500712,31.549681657607284,23.376199157164315,42.472465044064606,4.468816239383645,111.07455418546876,22.024714659066152,-20.351668689580023,-32.57677091639115,51.33262265591305,-27.79610062587275,76.6886841536252,80.20268190980488,-11.978931077220343,-14.090989191818164
78.05244325577328,49.82066275261646,38.93540835275025,53.05247728402329,-15.979513179125863,55.61505124486753,33.06099969064612,60.543773093889925,-60.24031788966674,84.9510372084639,66.24602923487937,-1.7150254199329822,-47.8764096723933,64.58816143134102,-136.2247637168982,77.73262706887228,106.6592442387534,-16.72284531300935,-1.395018841933776
34.91705918376001,53.40553733721198,-1.1429813334428882,57.71316297017826,-36.30563995462092,73.28003291334575,37.99303876582451,56.87114383850726,-34.475791944425474,50.666713647995664,-7.274698218107491,-12.9544369965298,-83.19682007269341,54.00971613280071,-90.64543194436702,61.39672877717083,32.8944738617658,-44.80115820372918,25.479865139338845
10.359833998600209,33.00422962657492,-51.20403500043526,61.49356479420037,-72.07509372731494,67.17659463172703,73.93335455171928,76.8127170285724,52.26103584063901,15.76515488268356,-48.7596447740692,6.204175546369791,-98.65950545609684,80.6125614626754,42.13618092404334,72.85304854081649,-3.3937100035891343,-50.959413853120246,49.48902570096127
40.78909141869821,34.29701850617691,5.319077038310824,27.528223858630348,-74.13166624420136,48.31718898464596,110.25528306598105,72.29910331653136,23.038050539652765,12.645222296999382,18.983696674670814,42.79376468639035,-90.06789132379949,74.27889556551946,48.40738538810962,71.20502781531276,67.46735766025114,-51.70571215738538,52.32063555384679
97.8483211272212,25.124697702974508,71.2927383260851,-16.105867763352943,-68.95256533484206,-23.346224677534657,63.91108312007485,-14.661577401914478,-103.21054905389164,-14.866543882948935,55.65017756073296,17.24567982879143,-74.0587897660195,-16.129677722034874,-77.38493876332848,-21.183254476999952,103.76131011087509,-92.47156055891364,28.42539960847605
114.13458714680102,-4.448062703367516,70.53979310225407,-22.85742117586935,-37.42080280179862,-59.69208080063007,-13.873022974104831,-54.64708412486461,-92.57487016185836,-54.07583698916096,57.09742915450887,-20.286249623985785,-51.23416695978455,-26.929600506607883,-159.8547632884389,-53.9635078352067,88.19860477587345,-73.26758092246327,17.096695988424454
78.68698951731223,-18.148025074863195,68.18466545409952,-6.608249594338744,25.663688201835026,-4.824634903596516,67.2608086506105,-23.92122825534756,66.03506340245835,-9.32172889528251,79.8514083166795,2.575042948501854,-21.629752783528808,36.855849226728765,-51.011933219583526,36.09063647594451,85.6309031803274,-14.44755762744394,77.9241526399534
64.52335062351366,-14.023953759042335,53.50538786037699,36.96816435085784,77.30057211779963,71.53884012234498,209.39403709611528,58.42672817668539,109.3855894781502,93.42600745977757,73.31150285264036,58.14931572165477,5.804747201043942,87.3666665996078,104.8898680093112,102.85929914013585,56.00535631814619,3.364895482556047,174.02122340442338
36.618899936500185,22.14844185936633,11.373120480333014,95.69629738901934,88.86683751406822,143.12920474296632,213.88916716115628,166.73517609851393,56.0187894678365,166.9957131889379,31.80215444044021,94.67947377162838,2.441096465893045,135.91940682687468,126.48161974158712,119.336420201406,33.51780997802567,49.95199610825536,257.1823746178444
-38.1235744585044,59.51581358671363,-32.44359617108772,95.02089599560564,60.441750588626284,150.5052340854478,175.40592829420842,163.66196336925708,80.95303283420417,133.618268424523,-32.76274975870123,94.44182116404556,-38.3420006448173,115.54753359698856,107.39193721469678,93.29343728119922,35.77076064153856,92.0674417786255,275.3035118512016
-57.32636453320895,25.40945834525449,-44.86983246360952,34.67415192792115,44.8470591119636,79.00506236354362,178.16776531896411,67.58380065306042,107.51846182428709,16.04040444817312,-52.62112881953975,86.7978858819698,-55.23834305945689,39.594933044580856,153.51041126192587,40.97299727310785,-7.896652661920877,43.39066211023058,212.7834931767981
-51.21203146822703,-54.31043113020767,-54.66626471091073,-28.462081151771766,25.29311161746627,-4.776283231192577,151.33472193605868,8.284614700105761,111.58049092826889,-36.55700931166599,-64.1115603796929,63.443008504389496,-57.77851692283964,2.323678996852615,210.0496199366764,20.659792338765136,-103.47171165412604,-5.580913745598174,153.55020906987335
-155.0917701253298,-72.66528069186091,-166.30941507719626,-73.01849648666727,-72.86823746723628,-57.460656771551086,41.96843921735598,-13.731078824285444,133.94018744131571,-18.12589599642946,-155.91595926190487,26.417860693555184,-101.88014462633424,-28.40945830018572,169.75521062222106,-7.447426233518839,-198.1596858900048,-25.588636965435207,82.02515911599107
-307.13069429990884,-24.213217464991292,-302.8514420354674,-88.5231217866388,-149.5026404298577,-76.30793326644358,-81.37373308186058,-54.410225241114006,75.50706742534982,-36.366956352612185,-248.91721122146896,43.1309531652626,-148.44372002632883,-65.145538916231,77.39387014363083,-62.127041259604965,-250.66133643193652,-49.920576890841,-22.37594489320125
-360.5154584877241,-9.01480096899,-342.78821751220363,-79.29098883797334,-115.835251826017,-87.70210185567807,-114.45653430184882,-121.08981028948196,-20.84979166942633,-66.52791419971189,-292.86975978554096,80.43590255055769,-168.8684559189424,-40.61639472244251,28.816433995963727,-70.80395679984214,-252.67166651151047,-49.51391685792145,-53.99996400450395
-276.3729652541223,7.532540015166522,-263.8425062154151,-34.13392408952994,-78.51438689176027,-23.86906033493205,-102.6787440609966,-129.744545238316,-68.69759351387334,-66.26278996200668,-217.83655537462624,83.07030572931748,-138.56238987841172,36.21309074506961,-32.58932688999029,-18.235569350033256,-191.8070029043382,-52.6960003516993,-39.94102655752519
-179.93478966730876,37.46131214336586,-149.04524035826842,-9.32199709995095,-119.1376553860482,50.853000871048685,-183.50096057954036,-73.3252426493571,-141.4578095594281,-87.52612935571143,-110.81089078230627,76.8493945694877,-118.83020171124429,75.89795274251664,-113.15077833087769,23.340326905218305,-173.96458957660104,-66.7252310271755,-123.59780206372962
-168.3171280154286,16.466202129686238,-155.52606838001134,-20.81569657626718,-206.8983843269617,45.08338537145259,-301.5971503595994,-47.19254526631797,-179.52265182870258,-97.89889439217356,-130.3241233582642,64.67082258670406,-176.66259209513314,82.32769964005593,-126.0704213605775,41.04349953475999,-247.05382504849555,-32.15357022482335,-234.46497481993785
-159.96225736903207,14.92557241532803,-201.3584674506272,26.49100336584781,-208.2091341477499,106.2817233516596,-255.32322729289388,30.85493791589393,-94.42659022031978,5.478067693483826,-130.50514958862394,41.439587350333255,-152.98281354856215,128.15618947405358,-33.579361921425345,95.9721516710976,-238.74121902685692,48.111501145076936,-196.157305475408
-169.64847150037727,19.84024352506135,-208.3691091504034,37.52500085484372,-121.60177525087268,145.79474553753278,-127.6439142525147,141.0131191043182,-17.822516077742385,109.5200088811572,-98.87344407827057,4.154402952376099,-68.92422071379926,128.49244350850245,77.41397269498862,122.32734891675292,-213.9312180709343,70.47387486420442,-111.09991235385256
-213.40118021779128,-5.066760782495962,-226.8492159903192,-30.262017461500136,-88.94935833553647,31.03728431199142,-126.77018575707872,74.53737706527247,-55.66016524540884,55.209915240865065,-130.18435375616963,-3.3005771207214125,-89.39792843780748,35.42450639325749,33.37540833966312,30.542712589720026,-250.6409727391536,32.98160639863015,-122.14728551430332
-167.46923290455956,11.879306663086984,-193.997563590346,-1.32025773382695,-55.36504305102451,-43.33057036356316,-174.19947454798796,-39.47889148429852,-116.55762356601156,-35.45280376104141,-126.40335129637832,64.11130445742167,-93.34925658888022,-1.0185212716046117,-111.87037577247452,-54.277285385175645,-174.2765184340513,75.88377431809042,-119.71784805847268
-96.28778980262685,45.79466892882425,-132.5336809767324,83.68035955057697,16.783854104424957,-12.742504185366323,-105.30697034692616,-32.767277506149235,-78.7347894012294,-33.49617628280062,-91.03930510227671,95.49181538130244,-21.944451097058888,49.90606724037537,-113.8508097359341,-23.32582756845989,-58.0283932879087,177.00506938042446,-20.325811212063407
-132.62906851665022,46.85138609939093,-116.3789871606986,78.4318002805143,57.69761229448435,8.772758054568286,26.44616403650767,-10.980748298932337,8.797868481515303,17.019044324783163,-101.85594050618477,56.5855199360659,-2.08012069201096,58.13782886958182,37.62966908285109,12.23260714325438,-52.17448773610137,244.1615650667241,120.07329615760912
-142.21740342286537,41.12761163478467,-75.01361231594544,58.054611260258696,96.07574439395934,29.18484881103585,102.01350471157777,67.23148807319329,64.89798643848859,95.22098889603362,-70.67856392904879,47.68661858489364,8.48676287350066,18.3407400434038,152.82610774088272,0.8036042919920646,-56.80876209168955,310.55547571304083,242.5261929387739
-75.26921812197277,36.74075836697723,-8.76209027787838,63.78254964112356,110.7015416312808,59.095641095914495,84.81966440920101,172.47893916034295,94.18308670475456,143.25710027532108,-9.453720933896122,41.1402246575703,36.24226193722998,-1.0383864644476246,128.77781641169838,-1.44966701603526,-19.475301014269156,318.97559498468314,309.9793370053508
-105.34835162483245,15.60458785954296,-34.83833003882266,-4.026361060206626,29.13932223446101,7.816542969166613,-37.43139553807693,135.41413215213487,68.36252430068859,89.65515648902064,-79.57346270181354,9.71528602551492,-24.310713499718624,-49.972893519448974,6.026309140904411,-32.78193226605763,-26.86363210316469,215.95966756723365,266.92014160862766
-180.35208934196547,9.399435638891992,-97.50322790183398,-79.1462731136297,-56.038647207580254,-78.30476511916652,-104.14305237112646,58.2793322719734,16.810336475468795,32.82725337740947,-172.02008553928354,-13.987660164618095,-73.5449172783788,-107.95300808810876,-54.54079669966906,-89.79955608615433,-48.42392407918648,140.2507648672014,183.51008826479665
-154.7953621179019,30.346829559400582,-75.27058951723801,-51.30379099892087,10.068465268521496,-99.12548901299596,-8.140784786150958,21.51260731958514,6.742189663657552,23.797207028030904,-132.7588710858507,0.3549739428619395,-12.310076101583292,-105.62880786644833,-9.786329054253144,-119.53341200389823,8.146066376525825,149.0409772450972,173.30574827971083
-71.25193172665179,33.38342775498544,-17.661133954962516,-4.895974133876654,113.45226505008236,-137.89419966284896,57.1029504664364,-11.722515084023277,-3.723871096471814,-4.203200825549589,-44.48193383280792,52.40695326391542,40.80199963827518,-132.93871242690545,-18.39042072154568,-151.93267494967407,50.97842947881988,146.91292200833075,105.64337052648742
-21.90857912779185,6.471708025206855,1.9655487393041615,-12.567658680484785,79.64489256136731,-219.10920669349116,-30.84477347897759,-38.43392949216132,-73.92942083244141,-31.037309095151542,-20.272866335517865,31.015982302918108,24.14738109161133,-185.53049055738515,-97.80785810712624,-174.31241756167267,6.948228794953649,102.04836579731378,-20.735852494896008
-41.70243697748098,-37.3411624347638,10.522487427168176,-69.13683389999021,27.90259453287773,-235.54971310316813,-155.1660940215512,-67.93428830947975,-149.02620485760195,-27.90396684540953,-50.54269768553416,-56.8668870596846,-9.742108746068755,-159.5488176805325,-146.68485424372517,-131.52784183790675,-36.15093350617956,56.95127677985418,-57.71408499867657
-31.44367989568905,-59.00975195980346,77.39884909499703,-117.77620183887078,43.25646342084124,-194.92666382646107,-160.65634438937818,-45.98740465754194,-139.53580596344725,-3.323425761230141,-31.17904456150156,-85.23137708507237,-6.93153393868742,-106.1761519557828,-148.2605800724935,-73.2009921110913,-25.072504358614008,42.07297554201027,-73.79708797763215
36.95358886803752,-42.457157813404976,126.81545900698184,-81.26987745433321,42.69811883906533,-187.01234877880665,-103.41809649135452,-11.64714016655502,-77.73370838217097,3.767142400471154,-12.44466582433366,-64.49517545574564,-21.964969358767583,-118.83166511194436,-127.72517830481696,-92.1843843164866,14.867173541351468,53.05493963715582,-56.9419663637924
18.119722792217093,-29.09992834730876,53.29264039559797,-43.35554416810681,37.8978884744642,-201.30395062653685,-81.81201578686567,-41.45544686082254,-16.309082166362604,-44.98108100794384,-54.069491548353575,-39.86069576182599,-55.14790872628315,-170.12972032722558,-116.49545147339254,-137.160960311132,33.278383823497904,75.93055074413043,39.46570130516405
-26.377937919563973,-31.70711938248863,-1.5436592744849946,-53.33924780673202,67.79817493602008,-178.78708352689804,4.34586683166942,-55.1653661325994,29.344804196332063,-54.01552707813495,-34.12640077733823,-3.287057747812025,-3.7496695934933983,-146.6798526762167,-90.30468514579631,-86.55326075540532,33.67067418389857,102.03918976940746,116.32602917378698
27.84771630150583,-42.45592514689667,41.877576527943326,-26.824424665853883,101.59236213320015,-118.14816700415176,117.96057769678728,-32.23960603955052,62.149764435333175,1.9157807048779187,59.9366242722398,28.094712853391417,61.94436770152872,-64.1547848640768,-11.506901266478032,-3.9696449632029776,35.020811843830195,127.59776433564458,152.34166290864914
88.644787387638,-53.55773807735997,100.61631579223966,20.295642974720003,112.14325745750698,-44.6042275665621,115.08173237720456,-1.4822492587944816,113.0682270211397,34.58351626701295,101.018000786328,32.91389648283562,69.62403915628303,-25.26007140335269,77.81101941161927,10.175270506625774,13.6094609089368,135.16933311330143,176.92878147223828
101.17599220979712,-58.42093686740443,114.85192194502316,37.95599966606298,98.28113135749211,20.200248472932014,81.37313395608813,51.39466153522221,140.36444456318824,72.61448880847709,43.188713766674624,8.647667284926424,58.21441979202454,12.2811865620526,89.6642732749608,29.127233965143205,-10.151984299010524,111.00047966374736,209.40845182549768
75.20218365086544,-23.82359306549489,66.8336067356671,60.50938102526497,114.1479135601905,127.21004249913494,130.74440426443738,116.19644741878074,157.632648096951,143.93448143568193,-3.134262281984616,-21.831094575422657,61.603677344156125,102.67809509343172,23.985050490563307,102.23670368140768,10.906822657983035,146.81713074541284,271.76328299368726
70.67529462216787,62.532411035423245,90.31822441741316,153.14312506843513,204.99868208111167,284.6301845441342,223.345174873019,186.52814049517025,216.27154017255933,212.6428800292721,81.272650778121,2.352282531001104,142.1678649995662,198.64209563805625,46.359102213776346,181.2681743748693,107.72031321927516,264.00186970546605,337.4192647022941
134.4730103123477,99.5582424151605,190.1019525282157,232.55452629175292,290.6818339596754,326.4043061020301,284.814378165218,197.70661569492043,240.81643969737183,208.83694938123395,219.15517100237,67.89912415110585,241.71304430372328,200.88150132002096,196.72471581859008,181.6228786196808,214.25191266787044,293.19146850178174,338.82084080603187
178.23338527921644,59.05438433157228,211.1763053228905,180.5536964736877,305.4029212705287,234.50338757078453,286.1499759296609,153.7067545896782,208.3904265165501,120.79546498735016,249.4645776171965,77.49511082972072,244.06624774447556,116.60999464535816,238.6292257466112,106.24113195970035,237.7541992094218,235.73623656266983,273.5742375082396
220.6613649045932,41.22062707422244,204.85319817287728,145.42653169380105,315.1099380775258,206.7277764818732,253.03388177795688,158.01831217286025,175.4662284256672,72.03549184400364,208.71051937410505,55.06708037586589,232.4042777321497,128.23889881152436,83.1634566268825,109.53048955877392,285.95535045637075,232.8758106386184,244.6400143491805
297.06513428069724,59.429287321827296,265.81667831587185,206.00777016405888,355.90503224851153,222.5179624897976,228.1469349584454,107.18923363653734,164.26644919522116,35.48875958136568,237.6153936360861,83.5800699881866,275.14053503019966,181.7502605755487,-42.50834764099598,147.82441118646372,379.4265566215138,208.16084792612543,227.9277222280371
257.7428378812153,39.479176276748746,291.6282521559678,169.07702662615213,337.6761332666594,113.77551285304168,192.30678799825017,-55.83351757261611,139.37954491050382,-67.17454699397751,241.40372673921027,86.21630286817519,267.0933414119998,71.8929209354978,-10.375049409688046,63.92004641638493,282.76943213687906,67.69429852135279,112.6442225496106
115.9553023204482,-9.118988484036072,184.87845663198385,35.98660173807659,234.38038241487456,-23.3111346845742,127.92347534784123,-117.81114802479291,25.158401689947173,-94.82214528996997,134.96377827328195,32.104373233249554,169.719451996058,-54.48385587821927,26.056658157347098,-39.42129318234987,61.51455289711684,-67.47119322921857,-18.109383879976505
83.95668732256968,-13.594905132127892,79.63097158289311,-9.449347058680354,134.07552215527625,-28.344619517725658,48.77566978323783,-72.098936309275,-129.69728705203576,-52.81045003498426,72.74218012061698,19.0509396830789,67.76047560876697,-50.32289455765997,-48.78274890503914,-43.42580717660566,40.42122324784967,-106.94007782371276,-98.06849457447112
112.68138144047067,-3.267805654936668,52.9379906959643,-12.804231704571176,57.668602646000615,6.413115786111819,-69.95646348098062,-110.29450346553078,-221.6566894058791,-135.0395617349016,38.68823912444782,43.112382021216405,13.173712033563238,-32.62636948506869,-124.99538025879816,-9.608747623462374,128.13443022286958,-105.94453597333006,-208.82563297453476
73.9849126785591,-16.637091908475284,50.69248517385065,-53.123209482678014,8.285873424905185,-35.247308799157025,-129.17819134150352,-187.12281575946096,-261.3181528973808,-234.2753677634507,-13.770876215965862,54.96891628383045,0.118997943053121,-34.12638884523403,-88.45168659039305,-24.635994805584826,94.03033302188533,-74.0270709407121,-271.15648607905666
75.28524642093132,-22.31086846936125,85.8962969508193,-61.66908447392674,-20.461427268082296,-55.27559376463051,-78.54713691202714,-147.48871299530083,-235.45794534996008,-163.62588466708638,20.931418293571184,33.86352322604774,9.619550965785535,-35.06984179841413,-16.789133205351842,-41.75795384715848,55.48356147383444,4.657335527942753,-156.71005199729467
107.02374271983928,-40.646410404827286,94.99181637599936,-69.46271029049001,-71.24546018798443,-3.8191683395061657,-117.15912087353944,-68.18004467447713,-180.47921937271917,-87.46888058871966,45.82451398049744,-13.704090125701784,-14.697855886128869,-42.23708557563827,-49.61576757097023,12.59523188270412,79.24778801460162,31.222821157520738,-36.17893687373905
80.7054731884888,-68.7275681372305,69.83017400711189,-115.1522392953591,-95.84077377636731,-6.28590636620228,-222.32770547228887,-97.8014563309027,-199.05158677483337,-123.22780919648498,15.145620530411056,-52.78535678625088,-63.21154788050532,-25.434319158390824,-137.65920677794173,33.22240407814433,95.29519848817328,-23.40279352988077,-31.92095464686292
77.04568427249589,-71.4547343025944,105.74090080434304,-138.38467858726125,-64.34428078242553,-48.51245761649995,-182.63248895628865,-127.34536874366292,-187.54707176578248,-133.3002886801542,53.32310168223806,-51.95103065731274,-59.434152248511744,-18.79137563415147,-101.51426826170751,-25.651402333059306,117.3877593601832,-41.65913341326545,-14.105399605229431
113.45607932690643,-72.95138282182971,145.6957731511098,-126.19927271180964,-31.12964627279697,-61.89261307948894,-68.60333172349051,-94.60731880773324,-121.91246404619191,-98.30024897277715,97.05484676780792,-15.203877707459531,-39.931397538654416,-61.65443575752959,7.972292650662384,-59.39057189318338,104.61854810548344,-37.3904020913701,-1.6733878123181012
79.27789766877065,-85.37713789181012,72.39809588441696,-134.05684966142047,-58.23453052157534,-96.35899118413484,-75.88810199073771,-114.5432160070942,-147.90729365803358,-91.03635441835982,36.88341171980733,-22.300471953309614,-87.80187981170796,-111.25506255993444,-38.05622874836367,-64.95749681214997,18.564989489530955,-107.80196482214474,-49.14655469515965
-34.53592936167386,-113.70911805775852,-79.0273474651172,-205.9338794447832,-156.17337306397266,-135.1035666095585,-189.62245701957016,-125.0314174605354,-176.80184156991237,-89.17566004594279,-86.82282212023756,-94.89775759698402,-177.06471764168785,-110.45711163970866,-185.18410973044232,-70.16057903416406,-89.24572180889906,-166.95919882442462,-46.89804189681213
-97.79165045978964,-145.22914256679636,-146.86034161292693,-261.2828270822316,-204.27212912493053,-129.1998850094698,-219.77079519821424,-58.13523340990316,-112.93402062674872,-43.16788666865953,-149.44227985311994,-158.19323931124416,-195.5519824405225,-77.24721815419724,-183.48495570856804,-49.87426306725358,-138.72310721828595,-91.57392308937423,46.22429849850742
-57.85026746547102,-135.84467297864506,-95.2146403079331,-228.07198778179296,-154.11397251855124,-117.48290198442427,-100.27957317490828,12.419920688124291,-9.326845779235446,26.087820724718263,-102.81879037308872,-166.15064555715304,-140.34927749415797,-78.25518035888862,-46.33736408622977,-44.16469043475664,-81.66980893647754,13.176242560012104,133.07808354388874
-5.670547547950311,-103.56539301255016,-56.11915306008768,-156.5518776359438,-100.07167116066256,-113.09886675920404,-9.005537325384475,60.11167720029009,84.62122884635325,49.91246052774713,-71.57518697513059,-140.80246431227673,-109.1590275108879,-85.9469162161046,24.894647237303975,-46.58746389090651,5.154731766227408,12.090696930580188,142.81948389806988
-28.002749756803595,-89.41824972335351,-102.72803069482632,-94.68892562466748,-92.3035362696258,-68.37351479381893,-44.51067914452902,83.94866487292627,112.53087614985088,72.30356315657282,-139.53131860406603,-110.55148551237689,-122.41052341462036,-38.70588251804683,-17.507165214553424,21.074501833643307,0.208461810528213,-13.31852231408678,135.99755177371586
-91.6732169697891,-62.69936846031674,-169.364382644151,-43.89022960356704,-103.92772840524796,-25.94913993991316,-44.818717365441685,64.03467190050274,131.64249547218887,121.48421968446684,-201.13311969327563,-68.1330117076873,-122.47616859704245,-9.163232326612306,-45.11686607922929,57.63656162229175,-67.96142518153984,24.261770866940463,134.99782247927664
-113.40375573732776,-3.5257422644044363,-169.82463721576778,16.24466790793142,-73.70705259176928,-51.1371756330767,8.669865716016307,22.48086442520288,124.48304740662122,112.22502252638394,-176.66786155594127,-36.58168771071301,-63.94684675116515,-64.73389787291275,5.587612621287779,-26.061379363627232,-99.05364006978722,61.29702679334661,60.27958518700996
-100.78585586400494,26.98967897018828,-143.6795185658414,57.16172712244174,-53.2416867764287,-71.1314028445036,-47.80266537060733,25.697356541423503,4.599127488765655,74.0837008691463,-160.01911518400237,-43.65661926228318,-49.09081438105813,-76.37257592858833,20.561430226551632,-69.32774363778702,-111.47017403051508,38.07743245036641,-44.98927438508375
-76.7243972109604,25.48497463177269,-154.88465072770697,87.84402041876838,-83.90556619884346,12.542406949190188,-124.44643600895972,85.9473771324386,-63.92488911846342,94.5998171803432,-179.22409378754313,-48.09233246202336,-125.34284166092016,33.056947695000574,-31.466761485661287,23.994212119434167,-102.31913507958176,-15.556075157993003,-52.96621462635101
-38.45813149555531,22.01032565066623,-159.88665069597167,109.03394060475767,-112.6277718194422,96.87946633078649,-104.28252411475074,92.6263203136874,8.091059974571689,85.52297051981569,-168.56011873393695,-18.18491871606476,-168.58643941681123,75.56845034364078,-34.42168447839102,90.74041942268734,-72.921667035722,-74.65824254629017,-26.97854500290377
-25.01692925969001,13.122668361346305,-141.7273477873446,61.30179403502712,-185.21187377334667,31.59873696264934,-82.674427988468,-14.973332337715796,91.43718343694007,-59.861699943354,-157.2837797049216,-16.660326454947306,-181.3472629434445,-26.97858297826571,18.92879374583113,4.155172099366246,-81.87809686124332,-123.1359223628907,-61.92529808017154
-43.54464956811516,14.894680516312498,-146.9839251739653,27.6877028210452,-259.808910377281,-53.76218401389888,-96.067306111026,-96.32158352785568,88.5198266595251,-146.91869000971414,-152.9915073693509,-53.71814967955253,-202.4250847349115,-86.35767966113272,44.59264500444838,-74.27335010005902,-96.82022329527258,-153.82833750106332,-67.96632742388059
-49.54604753385498,1.9783952321591167,-168.86497178196976,33.589842986938486,-258.28029278281065,-53.220443019896734,-156.676791907305,-65.17979282630517,-38.91896916882861,-61.53538072497705,-130.06598474031586,-46.18684530573029,-207.0664823802698,-47.65064701118864,-47.41580611709536,-31.17189634435757,-109.56355394033974,-175.5574118411229,-28.24725075004051
-53.32834203894556,-3.219652426150349,-137.9131765063764,6.639465203318473,-234.68425011794395,-58.11372838146876,-222.93101205237932,-43.73169861544225,-146.37248052049014,-29.326245674624,-91.43518793372805,-28.25516538776844,-185.9822661486567,-37.06501843035666,-163.07484439111482,-4.070526940108167,-96.50837518873966,-135.66734589549867,1.135941801525043
-84.53258091396296,4.76363088240993,-58.3007203109734,-48.05139606736699,-162.78532699528895,-106.07425321471725,-121.46574513787589,-100.03270748530586,-66.20657555058483,-78.10151408127416,-54.35660639278738,-66.80697033071394,-111.07374699973506,-112.11270529335955,-53.69149569390459,-62.66817603865247,-82.10904893432358,-58.4520047033747,17.33323065228525
-74.64021173239479,-60.186056525959785,-18.9654999826246,-124.4998110324754,-23.977173586463135,-174.86936596463906,86.44641666892461,-124.346160316433,59.560259792285954,-77.27114725104185,-60.84340978520044,-122.25069688201526,-28.86250202591125,-179.95623005528833,157.13757078047038,-111.12853350105284,-98.58863625314385,-27.969956696026404,30.130924906048868
-0.4853517587476487,-113.82065774146078,-6.470463530014663,-133.90039429488732,92.62133365766248,-160.28454014912526,170.26414279994475,-70.31664402565566,64.80828507793802,-43.63351300370845,-54.82605115793215,-151.5927192819291,26.010005273449675,-127.78847329242662,181.75465481437084,-50.37130437979313,-28.008220113347043,-6.1405049927426925,84.52233455633136
49.439278224537325,-82.4445812956668,9.5905367273945,-41.98725313405312,138.03439768401608,-64.94673719898047,119.72089198382112,-18.82382399048995,24.77878718496732,17.81244635514662,5.851460481602344,-125.06232614697872,72.54984194383071,-39.51017821368373,61.096974475982805,38.56060325074181,31.661608075404512,43.08446231156535,130.9159383354543
77.86073171266625,-55.78282790719446,44.36966509405532,9.428059065837168,159.3163662330069,-33.75566504308465,89.71434052586558,33.799863443979405,48.55461996715176,94.0318105712154,73.63591743687324,-84.90571000770447,108.78605073396928,-43.07716713572734,-10.42450072492439,23.56179478992446,28.528284082148097,129.2987919930154,155.41918084177237
131.2818306599362,-16.239672352984815,151.79589006655257,24.45817760822504,236.88140981647507,4.462133407592332,171.81071269430402,131.90222535687295,94.15071171206002,146.5049435878407,171.63767114280307,-91.38615259752316,186.46760964982167,-58.04012657822189,61.4611322245737,-9.201614209133824,144.62682297179623,298.2951774693108,266.67666899084503
212.08760363533963,35.681067379901165,238.10832393658,117.49170031818711,361.9226409342809,135.1333143609193,253.9279036706288,244.4808871053528,69.79118639164297,223.97461733772147,243.0867294022173,-71.60259596485582,271.85805905170486,39.15883811400058,139.11882218416503,62.86771061876074,322.8897741048699,435.28682765590696,382.0019139518864
285.7272657660786,53.43970327039474,251.77695707673,233.84418588269023,435.8890068889784,244.91612762905012,239.40069401105316,277.1117219806272,52.14765153976541,271.67703015597493,200.4691561442044,25.85183353189956,278.7059375611557,147.48238642489414,73.60824719008114,150.52499606143994,405.1359821956417,371.9092321396759,365.3033279645765
258.58323202211824,85.95645789072671,214.17243055367675,271.7895912990103,400.5036955962692,225.75780434961865,218.18011196759915,153.06356256321575,63.3283046525003,149.16288008289726,96.76446368154843,137.99722192141516,224.95487015991517,88.32386593054393,-13.31236222920625,75.45597638151085,319.11821578179394,229.4305932437224,243.0736130679623
153.68175678149262,92.62471422138118,89.05832881859469,215.6864894227072,301.2337036634668,78.85922355402464,212.5778814729882,-11.354101219660066,10.298185096447224,-5.954261929481652,9.76691391167721,151.1204973623658,160.24995278948455,-55.39393884163319,10.042466315961772,-77.57768775953504,175.9262288709291,192.77027147201235,101.20208860819676
105.08719661155908,48.39263704942567,35.47678369471281,125.49137639632792,233.2511417811708,-11.409717097965109,198.6575705481882,-44.06247260586917,-2.3380390951409566,-19.63748193700325,28.87685160697188,69.85305183681177,155.75452634737653,-73.79210005819249,83.27050238040046,-85.37016617908984,166.66453514268426,189.4436591779015,58.898156363206766
93.99722399212456,13.541418481713515,54.26033893722971,67.06624451525931,185.50170730695692,34.34949632596048,155.31575811140212,-3.0131644707120016,20.94920061919224,-2.3223379280301617,57.10505950904911,29.887513715901445,166.0199398627371,8.735044613733862,84.80079725115826,-4.999066476362045,157.98818031209603,63.30447785234293,52.84857284904013
21.558698653277258,-19.94294614255078,-65.24218849283568,27.649931558368937,52.4140753413606,50.29468189291888,21.60240477323264,-22.15966863946913,8.515074248489842,-22.16447334477385,-54.430895661898425,20.338935348870628,106.7688300341555,44.59687764937362,14.920810274466914,29.32151230936025,45.34452197119885,-117.0915307992716,-52.95634188092044
-50.94795702727827,-39.66045661624222,-170.4698124269178,0.4020704976660668,-60.09928644496458,5.290832330305872,-54.50405867732847,-63.72344397182761,54.48974939655284,-12.49824634426645,-118.6342257613438,28.662393621373997,69.40908744082468,11.160854358137405,24.454099630200187,1.0011719931755203,-9.25040164995293,-189.0223716913085,-124.38391995228916
-38.38136231504588,-23.47044920590972,-122.95055510321356,14.728317209669417,-42.39968195014031,-39.0069013445108,-11.975122303010735,-49.58972057011641,36.847023303462606,25.03055805866628,-59.64503339987795,75.98659732657613,78.21942931115638,-44.17070901474165,81.20767247938467,-47.688215900290295,14.111683022940886,-234.5692068213664,-118.78101994936024
11.84028641719311,-6.354519628709525,-69.57334105847401,59.8177971391241,-86.11036837548632,-46.883429943256544,-98.27302934959356,-12.279852194574303,-82.62883674987575,59.8530480914766,-58.261091469736776,74.26676556009541,31.17765338636212,-40.86718661042289,-15.491323797612225,-19.296861355226955,6.363955251546494,-332.4440315788606,-156.0533443037935
-28.799189958271945,-17.1737914826793,-130.7827734886477,53.36518298682675,-214.6539494800254,-28.57340383383133,-263.4468134871744,5.540620444275311,-148.87319947283532,94.71803712336327,-142.62117227888749,66.17743158713543,-75.55013755550314,16.8700446579351,-186.1116305076052,28.368690040392025,-100.03347843463962,-384.12152743053673,-180.19244579524977
-197.7852095940413,-13.983923760643936,-292.8227037697066,-17.81181599326451,-246.6473591191512,-77.0762094294631,-251.19094358101196,-13.549704146998796,-186.8417605839363,70.40591647563923,-221.90841744437515,63.83114840268793,-136.85686839097733,-17.846167359185387,-211.6959168845852,-29.943592048093496,-254.30819825544808,-377.89141795453344,-158.9855276870121
-268.5698455442265,17.066344096600325,-334.40496328294483,-53.17986261393242,-195.5780051739036,-138.5810244937464,-114.30088942838424,-80.94405908684143,-151.05844175347454,-62.76353991657383,-199.8480181961491,10.247555374957424,-83.93363478550008,-110.05057333692515,-105.31120028758583,-97.13155013547184,-264.0811046171158,-315.3469255502767,-120.25119988347949
-139.7873987942588,10.573825462465058,-180.6353059118669,-16.461124933699942,-97.35674385187336,-102.82304247298504,-15.540080951453096,-99.78615813364084,-15.069330550028011,-122.26635861180152,-74.85951864488254,-6.289198380273255,24.5325612460701,-74.94815135361934,-8.167548010863165,-60.22652956957232,-116.4239693290275,-179.34534572731496,-8.351145347170732
12.485932721363715,-10.731851654020083,-9.065606050839186,48.65901170407573,54.08083980247588,-5.697462958563643,8.670479786390274,-20.413942035662554,37.9515983939118,-14.963175255109238,51.624801958417024,-1.5311482677966808,88.7940658414093,23.12016932993924,-31.00175697396053,4.595651824983936,-4.755998868094581,-47.79577088213111,131.86323166462572
105.54411954790706,-11.69576018437959,98.4982656004129,63.79586652813756,140.6291317865422,51.85902067827399,18.219133889079668,33.25085344645366,3.5724777062090274,51.7888886549324,106.99893405085623,-13.924955899675709,115.31273486281268,-4.848311937642964,-98.70226289800048,-0.7417274883817523,19.091123292357924,71.32967324018277,208.42467430401317
124.47707331094033,-26.554983263637663,98.90673115053374,39.14273469981085,139.35824174584778,26.555312239517807,74.24167420954277,41.77735656392645,72.32873689965537,45.33784886925649,90.8155327021573,-13.665613233555383,150.49053163332312,-90.97566446472236,-33.00783483933753,-55.74904138483413,7.581411947664774,180.6754535876547,243.76415853454495
82.00239865565823,-9.481016965728308,37.30484966138892,81.52775355002585,156.64619762028514,23.9073540376358,122.0720351778333,47.006868682033485,151.44497210727056,42.43411622713087,55.562519304664505,-8.06979501824152,128.1474899504219,-64.47057275052208,36.11273306368041,-43.45504108722746,8.354802483742182,207.75495276806487,246.12757969403316
45.61690736095116,78.05933834636011,13.453701736545998,167.04377723887748,169.35295362307457,120.82916738561276,81.77128727567265,28.787859723423825,21.921720152778256,-6.330301387413733,7.409499290925175,52.75519986160204,58.12138831838856,45.70943610625237,-62.386159599334455,44.57226682863398,72.58473273068972,206.3368869513689,190.27857352676023
30.507609136280323,127.15548113145236,-16.1124382305346,156.08879936736338,149.89651526106925,186.61447105102548,27.645392454026908,5.848828162082325,-136.61651614103693,-61.59851691252892,-43.28166494216086,72.12634376512372,36.37858108962779,73.8573010002606,-189.02630137395104,38.41841683777803,113.35894214830104,231.34549226751992,121.8586082923377
21.52298985174385,84.8900253146357,-17.94906694762401,46.36695788796234,149.08431908121517,121.85207741104652,68.83171757617298,-40.47333732965524,-64.18215728466721,-95.99969247118116,-22.06598313940583,-18.608624350576203,59.74730902271582,-20.842274620729007,-151.23373408534513,-58.576834268439846,75.47195537564913,230.55246392802107,64.34463887747866
64.15750007957784,47.9095604583723,80.55534144304437,12.393241352596434,149.3095687229361,75.15361597898448,149.86211692883597,-65.70704836320745,101.3906311843166,-119.13851343282822,35.108691215836096,-39.30438917876442,103.82281795926282,-24.81668491222711,34.15237111671866,-42.28990159369158,110.42871530925576,191.78666344389268,-16.786033446510555
138.53644205101077,54.31961924702753,116.567546881036,73.76721607131832,113.37358710090449,138.16583869804717,139.28470361651915,-10.40759720514735,88.7577577384518,-83.12990023793137,17.5218213393909,11.343093501233104,91.04089857195471,106.31801555750928,87.34664689725068,74.2322238045347,227.92288988991064,105.526254772841,-107.39496976380862
132.2420223924685,64.62428427840098,29.64657383908756,95.6184494393984,47.91817193658041,134.57779639387672,25.733601128078075,8.025646403519211,-75.624278810138,-24.61958960741713,-16.172355922541914,44.37565236179519,11.280591435959783,131.23973674520673,-54.85872666552334,102.03976525036605,266.1357893461435,5.582103927523007,-183.77333134428417
93.1361063033938,47.215488007865744,5.244535016695383,53.73264112968916,-12.640610380696277,23.886070866806527,-30.30618031920112,-27.375767905195044,-120.00599770480592,-1.030050154048673,-6.406587866330068,61.73190689237258,-27.70624896587528,46.143256832774966,-98.77613515146928,37.85195570153774,217.6880816596959,-12.18486190601717,-202.06767808274432
85.28937370742206,23.73120217438096,48.59473329314849,26.059767083438206,-20.12308880053385,-5.58581357533405,57.444874582797226,-21.93379205638858,22.3677802300758,13.26509755568813,-25.782632117548765,39.80637957604888,-26.78281546048856,27.845366574987573,24.283987678118667,23.777192001080063,157.78334273252693,-0.4919612737875552,-172.75491533339488
32.83472314950176,13.483668092098211,14.47940865675769,26.891930007748496,-32.94487165593827,36.67857017429647,77.36408564062073,-34.857998222550016,58.43010115198182,13.572990730797793,-107.12317968807416,27.134962700171045,-83.95618875437123,79.92743643598584,90.68482484762372,62.11616853121164,43.33448049171994,-126.43969688631846,-253.33079424506056
-84.12913671441079,-35.74401401534952,-140.19575992483755,-47.64329534306126,-152.53696223818858,4.425748591316161,-90.96752620610178,-92.55043117247692,-95.37690115948688,-24.049121452363373,-226.87726563261364,2.9743873206503486,-229.02674553130987,99.03222598146304,3.760328201795346,75.89833124329934,-121.57183069957227,-298.316741087763,-366.0032087338376
-140.34496247622795,-52.66554779817599,-231.46334803648017,-109.9846830527254,-239.46232317242777,-20.183004341338137,-142.8856025807339,-80.32178033991045,-83.57227026973045,-26.885168178845817,-223.09872340607785,-33.579990067806264,-273.9687064819505,85.16841871166503,-61.72173267687467,85.00024441321682,-110.07874180249912,-243.86460229839471,-266.6449718312839
-50.403500838637456,26.084980208307,-113.16594717886126,-18.015960919611164,-160.4302087208945,47.692389933636,67.76660103889643,18.049257602592053,125.64140010869252,28.180282724715426,-73.6089931388193,15.2713185332405,-128.2564781339091,116.33940414778314,19.84825247744909,97.9470422949826,51.6209464113847,-58.28022005904489,-100.736670216051
37.76124442885912,68.96236240173954,6.681993566828393,83.91912877949416,-58.20119472363384,90.399439455214,235.6475365377888,86.71902643672708,161.1602274333575,75.8041531205125,-33.76361569555565,64.80482972662756,-20.0561380206537,180.39390135357957,142.0405047263601,115.61886412741843,65.61425319524989,0.6302808740078005,-85.32816808602549
24.86359734548453,57.99487114481981,15.655393739745143,89.93838123826352,-5.717584463342688,99.99774694089224,246.80889681912103,65.81857262798655,38.18117726765863,78.57015016944193,-98.42049868432764,83.83267124031184,-21.50295691764664,219.46765611665728,177.52469209621654,133.32626159486688,22.12303012790107,-4.020388114811391,-89.49255618640663
6.907416323674344,65.76516460154997,-0.3034704611984843,82.49026259782084,37.23217117281624,118.70074377541948,237.79318917764095,18.79153795023072,16.381209967262947,27.13569551005822,-106.15574220307433,118.04650712683843,-3.338480869929678,209.47725675651856,109.84771763526948,113.35276431348927,55.09078933472068,22.871457563545423,-22.72218472773685
-3.9938679696253545,57.32834226863177,-15.923272399346368,77.98350631230599,46.65762623847685,100.39711103647888,189.58412420105677,3.4880098706418603,52.79310492246075,11.509782709146144,-88.8359153506825,88.55140696258272,25.643118539744496,163.5936080548903,29.37587274897876,95.01424173734848,28.741711346404905,24.47145673123233,9.467955600470493
-62.93222681232077,18.92100294099344,-31.696527913630398,32.236198267379656,22.02839861670725,71.71237064845442,103.74467485135438,30.16006757205906,40.409947449053135,76.4214190932497,-132.34067145759354,34.00613642475292,25.96365652286536,125.63020804538652,35.80276205635872,91.63502017285585,-93.4279643335399,16.417914561880742,-22.51828853401259
-151.7009527297559,-9.317060217545318,-103.98465415313382,-16.743995917505615,-27.722469656307737,54.40043666738132,61.91607056744099,66.45084332536346,24.411612753748997,105.85179737238266,-219.6262160359828,37.16853259359453,11.037065049190772,110.21243689096129,98.6031541869993,73.84392182800089,-230.9829073760577,13.882983711536376,-60.28291906284888
-248.7685479846804,-24.40515482680988,-222.5211913491837,-91.51818750448037,-99.48241035036742,2.657983216783443,23.401417458435933,5.7361752951887,19.91191853239912,32.92939135637224,-268.0620290166355,27.643561951033348,-53.72573662716468,58.6835558455327,74.45459272615047,33.936563716492365,-272.57110907837466,-38.63147239588483,-77.4046717973756
-272.89931347579727,-57.9105733703004,-264.9078462673174,-196.29968553408392,-139.35071695740575,-93.34741408323296,-43.01944881732102,-93.3494143811031,5.273839772454098,-34.39283293870413,-249.9186404361891,-38.14375565452205,-112.8002234216974,-35.94482353918516,-62.77169530063124,-27.324520516434163,-223.3448259664005,-88.74821257829365,-88.992502518213
-167.98776801888357,-96.36490281923128,-196.0126136337175,-197.16475250752043,-124.02255034814164,-139.26748442867685,-99.73518606125911,-88.50287362354779,-5.863303640010278,-13.736467880634663,-178.96311815733824,-79.82214803334499,-84.63607299396091,-53.60474118993852,-130.78242214908602,-55.82079056968827,-182.87123388151912,-61.48321319856127,-98.47149717182717
-114.87965785908932,-77.19239134623132,-140.7529371505875,-127.39354482508276,-128.4921644748244,-80.19449340938563,-112.36069305623842,-50.57169472036804,13.09107225424636,-19.82497610399424,-142.06134164787605,-63.115301915331536,-75.29210327085465,-10.592161044501166,-29.907389505179204,-37.402853915889246,-169.27151534837975,7.1208953765958425,-89.07766698518454
-190.72929249844984,-23.832656563592245,-189.29249709505945,-114.3926415895279,-191.8143938547287,-66.44124738124822,-76.69440830690232,-63.26271738939241,48.20359344581768,-67.10646835517993,-190.6594757510969,-39.38995597052483,-116.07602364826248,-45.51936663283939,58.45774028344575,-45.72595002846706,-154.7921670725263,11.62455233073105,-65.05540938928708
-230.68734804917813,-32.55968334262251,-234.77638174647845,-154.42117094151587,-229.27973645522636,-158.87838524650445,-87.0281499540072,-94.46792652609771,53.93296948082404,-61.03526432360847,-202.24844848282967,-52.36390007397697,-103.73405680811766,-118.38980730158356,-16.190245605297672,-92.99620001468534,-138.98937389456776,-91.41145359461,-25.138000811378213
-140.80461219132917,-48.1302088711502,-132.1162912170272,-137.99923205200923,-161.55438485277193,-168.20172374412667,-80.65426627110969,-43.95243425204757,39.45854111579457,-2.1301374389844687,-56.19050595724043,-71.41715116088758,-26.810574697373237,-110.17847239642312,-74.06355967754033,-74.58485262021811,-100.64621741983837,-106.45854259441812,28.831629290556624
-2.766444134159177,11.511053667630884,39.26404752609093,-24.25619699273709,-34.128916829694056,-68.64100868416041,36.995782844842935,74.85638113376316,47.20643272621038,91.542643200774,138.24179325384227,-48.53373505939303,77.5291087517041,-64.47272074525189,12.625642425661177,-22.31891005262179,-1.5196647985145728,13.92678542614216,44.22382189579906
35.34554386219667,36.47924299552582,93.77703881418228,11.019555075165233,42.86531900879977,-56.24540891531908,109.53386551309625,61.18811366939436,61.21760750419996,78.68930754708437,161.998597413994,-47.16837363694683,140.45486332244343,-107.91544159556656,107.7123713865428,-85.60220537361685,20.80864971322142,22.43154763513128,-7.557526908966387
1.313794075378628,18.17952810518689,56.55046481190567,-32.57788729715844,47.19338602013193,-133.4413503071198,114.12968956725436,-64.24474139439816,21.492868283767745,-73.91248619392492,79.0558375701927,-51.27308399764456,128.36400207985065,-179.95041208013066,134.6598556880611,-191.4773266799636,-61.41439739242213,-44.592104472180615,-89.15149097231466
-13.02064690206095,90.23946052970376,33.40574684990653,63.84963088501528,33.68972697110646,-107.60231730197717,103.2889022864108,-95.80582722029504,-10.870552029054496,-119.51160516535752,76.54888662152975,24.85190250788349,92.08467334540626,-142.8780353941756,75.68968354381072,-172.18880795296755,-35.3575824268906,-13.23247010761906,-100.21897553468332
19.55898786580542,205.38116104660023,99.50910044847332,250.97236493445268,42.010051065990126,58.29807998974066,124.27843701563168,-28.9611921216478,75.4097615035818,-44.72149542995429,155.78731368292603,117.34780216393132,86.22765905706665,-15.532799033182378,51.02307096783356,-27.24115568773377,88.79400952205341,51.782755848421786,-2.728016594694046
84.46495237778204,225.08754596571123,201.0660972856153,315.4373498082562,69.17851683410986,190.8026783839956,216.67536045453437,41.09965368113033,182.77454610318196,1.4627390643561466,225.7500934973804,129.0933030191083,119.78772126333898,108.30846628449412,200.53406439683368,84.65827861740743,134.7986203842224,66.86091447942344,27.39847807149636
60.62048527580711,136.69056287846254,150.65891724609816,230.97739597456888,61.086876258522665,205.2277983646728,182.2062342949804,73.09601683636212,200.92617188829644,64.24487206138431,196.5221489338705,59.88923354142459,122.50088093843628,126.51197204373564,303.0921843154957,94.32770977322912,49.40156410629879,9.057775134946905,-17.206497740552138
-16.13311848187027,25.410809424375422,20.208496636448995,121.0372722719033,5.462270401396464,170.17680435323925,50.66329888739588,93.68079890718764,182.91935353540484,135.4302503083268,96.26535810728028,13.346207277250343,57.446524686606885,89.50715556013392,217.39942203918812,108.25552201558024,-86.4765314273241,-110.9865023590439,33.7158168603557
-39.2273460443676,-28.971210588867244,-46.14076692201528,54.540435464954456,-52.56435481872955,139.5841047170684,-8.542212903368544,132.5146476058335,156.78483981307554,142.3923159070829,29.39838890161219,30.43096443565436,-29.8598417461121,111.15851369042372,103.928510436529,129.58527734034897,-149.07651677198038,-195.7607299670317,69.54009801246129
-37.67949886223103,-33.939680593471934,-53.37392614147733,16.15331136507054,-77.38874721533004,131.98924734716385,-42.706656658178325,106.82306202441852,133.18333141877727,86.69475934908411,32.2775199517929,50.55183666735937,-53.07911622688038,120.81936097613308,91.7545757374722,111.00765900750142,-116.11102881156997,-179.26391280362887,-11.38961811296412
-24.945777877906693,-57.82980452385198,-33.24720203594489,-32.231691942270984,-87.08522862705793,83.9532678237321,-38.72948397592884,-5.091713482960797,120.37339637555957,-30.85729762542127,46.45959068331,37.23114871557012,-28.57623679681064,78.27730711677641,189.066164043882,58.15177662125127,-115.33970941536852,-165.7842321062963,-127.84565807012848
-67.48959563713669,-83.25884356847648,-61.47319492267481,-101.08662820961456,-148.0851240414453,-11.006858570481606,-55.471046489469096,-94.41766181737329,63.13656693232632,-122.5882628807902,8.10931751424547,-16.998732647057597,-78.55792898427596,34.87614700387169,227.1082380321245,5.359153235269025,-178.756244299774,-228.34593571448164,-191.43669596251516
-134.1135306336262,-73.42950950458032,-103.41321673257652,-134.61044598196466,-191.06896195311003,-11.329241096148582,-101.96068910346068,-96.74319067028355,-21.850172106196265,-90.60138231646307,-30.373305215258064,-43.56001762175964,-115.69248096777017,61.967891395216576,109.46432921755748,47.19854413874053,-186.27601682045568,-270.1161735251142,-127.07575158045348
-98.78606533269284,-76.38444827134323,-98.81114621126774,-114.23750868364792,-145.18869378225028,62.54323696642286,-68.47816393392371,2.945676144158978,-42.9534495763065,3.3335131399715148,-17.388700346710937,-0.8378902897449219,-61.61224928256204,154.41343984338826,-1.439636335732145,135.45824057492055,-161.88995139422894,-234.53148706417795,-21.299419106882876
-36.49314550354039,-94.24758542068165,-73.19159930215868,-101.44830218460352,-123.93508439520544,40.89561426363178,-66.17598377024518,88.43163893433831,-22.071964766720505,55.19400389004112,16.399703145174918,33.73150049588024,-44.94844698829976,139.67439277885194,2.57341200969331,118.08192701370848,-135.59269446377337,-176.02697857539349,-17.23619744402448
-51.68481039199192,-107.35256638711454,-53.74960733962986,-138.48459953523783,-159.8551974343478,-82.97557495357597,-137.48525668028586,25.920420749713823,-29.51852604661113,25.191509496785617,4.96424175953524,14.921488849652526,-77.83889310123288,21.677060747722017,35.67545707132624,9.850019733629829,-110.2007138312145,-207.50636490255744,-81.41307682241431
-117.9441253899633,-119.1406369792032,-114.83653419744766,-157.45095529438723,-180.16337233042867,-163.30394672668663,-170.6261488649944,-47.40220271538112,-59.68769285215912,-23.375589740329705,-91.17966727887143,-8.174809666650022,-113.4335839419936,-14.677189027825786,-18.06518213533868,-29.321821846404717,-176.47778862271863,-295.5128824413961,-76.75689306587925
-162.52450109502348,-98.595481315346,-212.19880853473117,-115.04222397846776,-162.50739450598755,-106.39742752473067,-159.39808185208602,-22.487747831307995,-100.21482114244336,-19.10699871330035,-157.500199725133,-0.5405991916503936,-157.3300336394791,46.68921062948528,-122.59992743823732,48.17376654336446,-225.74556868806377,-255.14062501974615,-6.310813580597433
-142.84276172420715,-30.66907762122073,-176.76286653540473,-65.33370184935593,-112.14384015359973,8.161410627064257,-108.95433780287338,18.730606643182924,-100.33034335257848,7.466611708492041,-91.48214892343267,16.460125406756433,-157.2477332261151,66.21060769611832,-133.02435403729896,77.56844417139138,-150.28170738710165,-136.5495050004874,19.439006990199047
-83.45104042717354,38.5291263499873,-73.17291859281983,3.412919385754274,-87.92307322579323,0.6378596888570791,-41.764936493012776,20.922270589264425,-68.87586188004886,3.731822547905914,7.403616897447688,42.93565999543951,-97.29975878845546,-5.858863996710431,-29.924156570118768,-14.436511432923767,-68.59247036544416,-93.32376396560474,2.1328691108732283
-60.47142172859475,80.68292027482305,-48.669681755560006,80.77312803860588,-109.99049963070846,-71.62719360527413,-22.905921339611183,2.409523531466668,-70.15928830989819,-45.646760001296286,32.3720022612071,75.98024930766178,-60.35950997520665,-43.313361426575305,75.48544419555218,-63.96517948247027,-7.770997820627671,-74.66161882258237,2.2393836348091782
-77.36331690779828,97.16929216754956,-54.90249444816335,126.72411480996271,-88.72451956259945,-32.353362571411914,-53.06857026557483,16.95547379441383,-36.08156414233476,-33.66176884467632,-11.051162345546931,90.216674494565,-78.4953894020467,-5.528501978078416,67.91453988348627,12.219791882592771,73.69631400751682,-23.390489595997572,74.2152302081027
-64.49262994668128,35.85596897663039,-82.5859421246483,92.82284229357234,-56.75981471065198,-7.436132457590949,-89.99902226278668,20.230400305491155,21.07005940684215,45.44334672582436,-58.9020304256854,64.68220156054998,-122.89248230557612,2.2204300813328324,-34.30404442129945,70.04359921640993,99.94089200972316,-3.314444715253105,164.37689810579724
-61.56492350024991,-37.88582639721687,-114.89294161201956,-33.6868461561149,-74.70156381235554,-64.94508170528808,-85.39942145988752,19.637759245703485,9.854113578905674,30.855027990509395,-67.5887832306077,20.629294964659483,-154.71393676690855,-37.50018930248334,-76.01334990036844,8.732048949822012,28.03541212607623,-13.902283581318276,152.12138837235983
-80.05353535087715,-5.24691614292461,-84.27928818724705,-52.28545557429608,-76.00040834694846,-65.43655075747282,-63.31080747292097,62.02720416572993,-35.172277231191124,-0.8557275310286031,-66.58947644459217,45.421774414154605,-121.04779687218908,-59.279880717432775,-27.93989558316832,-75.2889511664733,-31.24575216796329,-2.9250821934549536,93.8143251691017
-44.0115868762212,50.2479760372696,-49.79131185540312,79.12569492629413,-70.88956624930505,-24.404997095778285,-104.640916142998,79.01228295756735,-49.448869465112814,44.89963961653296,-46.62219623437039,123.73248166861543,-89.69175287974646,-48.34973400336658,7.713111540188334,-59.92937579004348,24.129760732783428,20.765520185898584,71.5870723958993
2.3008624887112266,63.62140854104831,-41.21359486045104,132.57141570673866,-100.48514953064698,-29.71241535290272,-172.80719895408848,65.9901431364663,-39.999228853144245,41.309242213058006,4.428106683701406,140.8621655725198,-133.06588670594638,-51.01362954214535,-48.55266410371826,-14.32383861147492,115.2287044831384,41.87723897974077,47.99475999770483
9.127484460308285,68.39744345792222,-21.55001673313692,70.26708971003221,-143.75500139821295,-79.55291754122582,-208.19807870560447,-0.5514890189048546,-74.368995256162,-44.23367721432875,33.9635101661416,92.373037087183,-155.0217049829215,-93.07314784889964,-145.13205070933915,-73.16343987378231,124.43843192834048,26.129729910161487,-14.26484947157753
40.27654323381064,48.67649319345951,44.32948411863919,15.16794981213009,-141.53341396532443,-93.72949309147998,-200.49263911602333,-63.7117048560583,-122.27253752604322,-109.11545554016467,70.54587683750968,43.9271966564251,-95.69334263263592,-109.33977435608298,-119.930133624431,-116.2402377459148,81.13732901478748,-22.55129772750495,-97.82287804466208
96.30112302462068,2.3035253656889023,111.409760645932,-16.163231240106636,-108.16969332935756,-50.91936156711998,-124.14452385645772,-16.139859214156964,-93.4995221641409,-103.29117428180436,124.07385999625416,-2.8287726317332327,-26.879424906899747,-54.22999615714527,-7.09416450289679,-27.35210597053236,52.18640510867241,-69.64692672434258,-115.25314505323558
144.35785448419068,-34.42256219161839,132.54390344392667,-22.920474937757007,-87.50820122103342,3.530157393621468,-51.89275904002291,49.16970807551201,-17.964251133265403,-14.138771894136823,148.0538196664662,-16.231369641259384,18.071544867101423,11.309467653005164,48.08737331306696,55.45511313464264,92.66295114039085,-50.62235027245952,-37.31988364984311
215.6089278872647,-25.401246368793807,189.77111689989556,46.68831661408449,2.358487946204225,66.3014002177481,-20.58051680707352,120.06783368646356,22.964071451038297,130.6750994387037,202.21647283087464,51.28544880805731,88.55827402410364,49.94069510708322,45.01771117000277,96.29345767007806,203.07431562059588,112.45779619144363,29.35785021765353
239.45504801099128,24.575151114492773,241.8646890509729,116.0546172164325,106.10254947530254,96.76636082438483,41.006602010100266,190.97408205930404,-8.910217745354997,183.6497016126851,277.8619810207091,104.90750690065175,214.2117961371956,78.68564832262719,41.63974082219555,128.76381832714645,253.6107255637531,222.5532328336921,35.17948306657324
203.0793215644678,46.83672849768905,257.1406504832351,91.99237003050972,120.49157782378578,78.74686382488905,116.7839586003304,137.00359565358784,-66.21372005431732,90.64671644285254,272.301575825734,72.83290458491999,377.724407406092,100.87081630787026,91.33599255549436,102.07166737514724,224.85002871741764,141.58175225761713,46.76732686181073
216.44080640605512,21.22858768328813,304.855503505475,44.85980751139863,144.72641477918606,61.26850917393478,183.47380807225824,48.22908673021565,-55.71025237747245,14.579948796406772,234.0165926915976,30.574929141618387,463.8245176037798,87.05391705095674,134.21060494324462,68.16934071901248,218.13586334424787,68.86098673925498,101.76780725483688
229.1953930529567,-15.777629838251173,293.81832581547286,11.269074180674586,166.20224236919566,39.64445866341798,164.44958028014017,72.66320434574145,23.113763570011415,44.39486156031073,232.157980914999,21.47698016600772,393.2736679588208,33.135069482573655,56.10385711829289,63.96391731204117,216.0407048299252,58.49133078177756,122.3131691944644
198.1664462596055,-47.73760944153459,223.19927376052547,-26.30662694067608,95.67055640179144,25.737825036561624,52.66941656538909,121.45049433403956,101.6169020340575,78.67224508220141,218.66020342987133,-7.206245158363993,297.7625587489211,16.39154696107745,-34.79234481317578,71.64701715967226,174.7295364661626,41.57989855969527,84.11291948194265
139.40146620403826,-52.1651291053614,178.26728894842523,-43.74518755745503,45.84296072570604,47.80767483623672,75.1865396265647,122.53891035896284,171.20411615832867,74.23235662360668,173.09246580951742,-35.86918964336901,265.51127457238346,68.48420149197491,36.39425043494786,93.43832196629543,113.76284019939152,24.083947072973597,98.20564401579756
54.40303095378482,-56.90038690116348,111.9967233870324,-52.43827401537127,83.62666660300626,49.02148249509056,195.25289327075097,106.1227852327964,229.496303105241,98.15901937834714,81.17292615821577,-10.128405769772575,245.79395375642667,100.1013037638976,166.09409883036594,70.0979467329793,43.24556882273833,32.19185047423548,151.17473085077717
4.475247072453237,-83.71551951222645,22.580912331767383,-53.28089856076459,133.84692583728352,4.380250432592689,225.09260106350996,63.13436058429159,252.51414298526683,122.9738864226611,-21.382231416685563,-4.496810668578118,210.8034385615886,40.51629745344319,178.1329765146732,15.035222400649465,-12.35180437507345,100.13046261581908,207.94257267579
-28.035601350499995,-73.40857078814989,-40.72745144051382,-46.75567024521182,137.3567411804251,-44.26643783238361,205.09680102028088,44.28073167498901,276.17220582940024,87.3228439680293,-43.02513285692278,-32.983673799746576,130.10790809836763,-59.981817605277726,117.47725662648578,-36.6229531273345,-32.057684882801794,147.0551470761845,258.1903226714432
-58.86739505755868,-36.393411358991855,-61.14413203091342,-57.64921519577504,62.34265630143449,-80.70857528348547,133.22858923500058,43.15379355248061,253.49021727258736,37.05476885369629,-48.88849817745145,-40.66712424951172,35.94198258279668,-128.24737306253863,43.86409630372368,-102.36268857068032,-51.23038855997238,97.87101513909728,193.96613104881288
-63.58273932375917,-39.05729591679363,-62.21906207083878,-72.44753095519606,14.087741772427838,-94.05042813969784,58.42637684864373,6.146404628234353,156.9281539051617,13.285048589977135,-66.00063867682053,-57.49562159986532,34.598100643869884,-148.544123926497,16.27515328732203,-120.75756516257016,-81.42336721853225,49.76838203170794,139.4414031080938
-57.34772096416742,-74.01314721904427,-68.35260968122138,-81.06368634398149,50.32533776126903,-90.69358205815855,72.14139848840473,-11.35431239336127,146.65196563218396,-2.6030030771314365,-21.0805841187302,-70.81548172523,69.62388866944352,-124.28655270828152,77.53503089471535,-105.73112961033388,-91.32406229846276,68.84951615733098,216.7822069585841
-55.05494499966466,-82.85430846597211,-67.01067129182383,-95.9203877949046,33.08322639962967,-81.8307391060838,81.20462817761202,-43.95935212302648,170.34766920011342,-53.85254323531044,-2.3803931543570656,-68.80912432422429,28.475787349252027,-94.62986106338155,59.17200345042653,-100.17579190655285,-117.70191768526314,45.470471479152536,239.33947670037284
-94.650282513655,-49.8055911222971,-72.04101782201407,-112.60061621476308,-28.005892313607987,-42.12190418922589,52.264224271777394,-75.4047552740124,98.0831737692392,-102.3311551294285,-44.6536902662039,-87.38710733694833,-22.41599170850948,-68.99639686815871,-35.97829610116325,-56.873185907088455,-187.7141491501079,-16.805441566554766,169.38612214965073
-125.17562791339128,-37.41144522594867,-81.3564719684974,-103.25440453778369,2.2580180491274926,10.8994601358612,44.40627756865575,-23.699561471088217,73.28469477705059,-47.52562475528334,-31.67123862315617,-103.9307415976414,-0.1770166770046842,-22.89164821140537,-6.643254520184981,-12.046285510395563,-206.21015464129923,11.725650736664786,124.31283722852044
-87.02928234498185,-70.39878553332457,-52.33165540730371,-98.4436280342428,106.42891111451496,-2.149692577339814,73.18394726593456,-32.1100238660098,106.9431817741277,-5.73429474651672,10.187381909986064,-103.76682278929933,65.38410084616523,-47.29382338098019,91.11776973407318,-45.05963051487426,-136.8389204912848,11.792944750426148,102.13546994847889
-75.69686660082922,-90.68108918991976,-32.65984521012707,-137.3728956202836,151.80077282079904,-113.22199502509623,86.66517535622495,-128.88460492267072,66.87056573501492,-66.0750359579068,-1.8152021393592404,-119.00539431520828,73.44032353049374,-158.97922308957612,79.51288007680101,-144.61363173647612,-94.6593231244447,-103.81418231687545,69.81544392541674
-110.96942493315464,-87.47872039900388,-62.46207333555786,-168.4153345102631,87.78144862942315,-191.5885610138028,10.929184894492336,-164.097168751495,-6.891240540701585,-98.5139398300488,-13.75998142227708,-136.9728801839303,-4.724159902119814,-189.24583246431604,-26.87155238023458,-179.8975030117733,-124.196397263659,-186.393772094028,21.943552338533767
-80.61838590541528,-77.12063002092557,-30.896287037822795,-150.37334630406167,19.75938938562244,-120.83999147067657,-64.55887482256234,-132.3460942164159,9.612693258001013,-123.52318754405472,26.94242170020573,-115.14474948090862,-42.0930284452538,-127.4818368211342,-48.880827883621,-118.91910072293052,-126.90431049060793,-173.363716540107,-22.65735064806613
-24.05331915734897,-73.20307178226861,63.005032812301685,-147.30823138132683,31.16425783947077,-53.67127360860823,-15.449073647555847,-71.96697369367261,110.92065354276669,-144.78933775257426,89.5765046980975,-122.74451244546646,-8.662549270461398,-106.46932554672584,49.67283556115928,-86.83114737378106,-108.01675847584592,-85.8687301959587,12.698762103219371
-8.839674849261915,-93.22864312466191,104.64508694221573,-176.20354310488932,95.01031305060631,-55.76075975578655,115.35741363099932,1.7269919446142987,167.26107174317931,-44.03741231229369,113.35433361016,-176.3445031290843,10.975494655079236,-82.58804723234418,96.1647502803753,-43.29440755393561,-80.99080786288302,26.253976079923117,167.99053795232106
26.47568679015025,-76.821020407252,83.58243627251879,-105.57724269767212,163.58133840410815,-16.223728287756487,192.2846591464389,73.04411197764993,144.5665735139626,74.77358813190745,59.55526742643601,-145.59223861166043,-7.248269319783266,-13.204744448561994,29.30970638390723,18.985282782504637,0.1979661887486045,72.86156723576474,295.08798942928206
17.774558736464407,-41.17675188690426,18.97788651365064,-20.946272987044065,181.89431533244215,-26.29170171684903,172.01092847113603,93.16195994305777,108.96737517417316,88.76006932711304,-12.340480934394815,-90.2971230263842,-81.1565370372295,-26.71861913211857,-34.91321993972149,-22.43597127324913,-8.555431758868176,31.469694803576797,296.01986690835383
-23.160124043448683,-67.99250568973804,-21.657857996511733,-66.50559977537233,152.54135741347477,-93.73651669350568,171.34711044128278,79.3257959504824,132.75047502194855,101.02592203832988,-13.362548317603135,-99.43453711501526,-139.28701619032617,-95.4575237122976,-19.16197911028404,-79.58936972325813,-95.6209380609376,12.85253613683049,278.82207545953673
17.74858695082818,-93.26056714127724,9.256103045622906,-78.96192345353774,121.14636103479609,-70.28964574629524,173.6002050492963,116.73803971914312,165.06958518189677,147.33189537137005,11.287870329563717,-98.88203052932836,-122.79069376783092,-85.44271511327493,42.15544459186414,-68.75034510185371,-101.89365926852908,31.40781593009337,278.20410975249365
4.395496648430244,-72.67131049925285,11.740159795474291,-49.46376910909949,73.35049346380778,-16.037830266226624,58.30677425423795,164.06204523625493,105.9230965160896,152.28830327477178,-14.15518658250533,-105.00338458019012,-141.0736563742887,-44.58024288625277,12.922207564650597,-32.39072181435828,-97.8141832017998,-18.564296401409432,275.1756515394938
-79.40975878029586,-43.82202245201884,-53.76889134613061,-59.45510344653447,37.46922832381986,-3.3638855169758446,-53.0843982221622,183.55373645693024,39.924543354207294,141.13289929584792,-29.179982970199664,-99.26167462006715,-197.90682040005447,-14.833730570386104,-145.2318270984204,5.413688799956032,-105.74691126998408,-47.55655446661861,284.5146136355583
-85.90428965448456,-17.215877876597094,-68.69977017322395,-40.12119542222972,53.97763182154572,-6.249956278118614,-36.164590343949655,132.74428622126032,30.53867782286737,95.1524085151877,32.105021556979615,-41.94666461168024,-187.25181415797343,-14.251577793177592,-193.3276152756725,-21.872222683817327,-102.14181938481292,-40.53615453879616,255.17195738822215
-41.762513978542046,-9.260898089190512,35.56194940071556,-45.99875128229272,82.97443719630178,-39.78876817240289,-8.053472241578017,22.37570403814447,-3.012999597125949,-6.967723300721761,122.28575743127908,-37.734942415975816,-140.25736529654014,-85.35906602617689,-102.01890000327496,-81.68560202991291,-83.36681522525272,-95.3271486473494,183.46535419634628
6.411267333065354,-17.058769018675143,129.37265696288742,-80.69563862464182,53.22311792214505,-65.95359075261725,-89.83234250108971,-20.204529840589608,-95.2015987540713,-43.96903540427936,141.5931510615363,-90.3073790952535,-172.11385245570742,-105.49854628414198,-130.40615957736972,-77.74718367556277,-21.834500200846943,-125.34812666772288,115.9809256884934
22.82026893150308,-31.951880129362277,95.34558704914969,-90.04157768602718,-62.71916679674045,-70.92766221492641,-254.9893548621548,-37.58324109777249,-146.9477273771543,-32.67828850051359,53.66601184552862,-115.79150887099628,-291.4621364714964,-45.11136105250591,-285.22830359855897,-45.46421507276722,7.445901086666478,-137.0581579934132,28.99684330942574
-23.412329446856507,-66.54211382447058,12.079858247148564,-135.51118369838963,-170.29618349703745,-142.47207667028587,-384.3702896658365,-121.20634167191,-138.81914936802244,-100.17868475855208,-47.243567716340735,-99.84292230544236,-391.3507864039127,-75.87717664462018,-396.519598998759,-61.79767655293866,-35.89036974882479,-191.12921385247284,-48.705321805644886
-90.82047201774569,-94.30697025347136,-42.77240573836552,-187.63178747483252,-180.98442811743303,-254.87184188408085,-360.4776816933884,-220.81471052725743,-169.134154928113,-178.23048770163058,-58.89703491971246,-79.41303017010603,-382.9956617986858,-169.26045771659048,-314.11641630518955,-133.13483725849926,-110.76027472866524,-204.44950767806256,-71.51217555075092
-99.76050374616771,-85.59215574898128,-28.967604392306928,-161.0399524536405,-79.19449826380783,-261.87836881336324,-205.8348447202138,-240.60772253378644,-171.24309853252623,-164.19876841243254,-17.47004278407035,-96.9603832517581,-260.5826062670414,-142.88722931582788,-95.93574037940056,-154.1005452549497,-110.60224817676048,-144.61537542231693,-79.7665847521816
-52.04086141465456,-46.67011477861816,33.604255183566615,-92.2815444162995,33.194398629299975,-137.692202490291,-95.05684571221452,-199.4215436876724,-137.3826342030899,-134.93200903437358,-17.650846745541028,-80.86339679798265,-157.0417753164679,-17.580819365310408,-37.09291740675776,-76.98043409783057,-15.13536391228496,-66.6684118676029,-51.87613081814902
-39.693757182037366,20.931223434559307,49.88243586299325,-38.08299503704493,7.598653897985598,-26.97428565778593,-104.20871159817766,-194.6227957287268,-151.08587609923566,-156.14504247422863,-39.94686982238197,-4.015145952253825,-174.96203947628192,53.06357104886387,-140.2888290277236,-17.35047564500517,65.6748021270321,-20.47901112444624,-26.463420980369865
-25.62431695933715,68.1366978796753,59.7960211938334,4.127869424030683,-45.5226012589622,-18.443015661999677,-121.46898933479773,-179.0754925082818,-110.95661964646835,-149.82977178760746,-10.435439633827604,53.09262106189723,-169.70292832307763,36.06495172888677,-158.77464853070776,-24.509188560697392,122.2104860718416,0.2308220315383673,-89.20020477762978
13.852321644676609,40.248660539886025,81.32629565635817,27.642043759676053,-13.962346548187949,-50.68088644099389,-81.61142696347308,-112.36827552551094,-14.843403357009391,-60.21325469834028,27.65742730930057,69.23498422871954,-71.66393377805352,17.418711491712273,-54.156068788462896,-20.430885008206666,116.0895919383051,12.151130271589292,-159.45256232704196
-11.790043470036958,17.317514445412215,43.62450011264567,47.61131573264006,-6.235882701909373,-29.3092766781351,-70.075503259076,-51.50287028453845,1.2548653845816051,35.17054755160261,7.952215258139399,51.00600123893135,-38.89589461144807,87.18251175091774,8.153129587287783,35.22937129534331,17.15420837871375,10.298822145911725,-204.99183488339423
-49.38976337949642,40.62493260822116,-2.0546239424152386,63.04615553895048,-20.22626503502921,68.21411625206213,-127.83274677299455,-2.146770123127971,-93.02005199904758,50.12200482776873,-28.543086170460768,46.03958751970221,-69.41544277668785,165.2535447094084,-72.7895059479074,94.91686038899968,-67.12704067357242,25.99330328404144,-237.37898746881663
-21.139831901338532,58.9320982807363,2.406958008371677,59.70334580568032,28.849808354408225,131.8292477525717,-127.63586018217208,36.86183730019372,-196.25454974985084,14.371664765329731,-19.300309291868544,64.80879731617463,-54.75833767892685,144.7332708690827,-147.56254544242296,99.693790597067,-59.73690387476587,81.34022757559404,-221.15591719856403
11.76197287964777,88.6584879194961,31.63383799837661,100.15439938034125,101.8332523406528,122.9090717013338,-11.236083888759548,75.21474475143948,-170.36931125178376,34.30638105167247,25.29216323054222,62.3857791457578,-27.74587203577921,121.22852063403349,-77.90742015704534,81.34306160084378,-3.6081614121712575,145.00321546305082,-178.56104331008433
28.25491963388921,92.9649879764102,56.902767329195335,129.15647155806715,148.44707578700238,157.9194565170425,95.20387646486196,163.79890345178725,-61.487705795828646,160.17025321772638,57.90186116011755,47.80176631708171,1.582958948776071,136.86384089833743,15.572505632129952,117.43590472639288,26.511942221999423,173.96354642108855,-112.66740508905345
61.6866321828376,53.9702027426949,73.33390378655162,80.78345902442209,183.7635782247744,213.96100584846863,108.64982548816673,254.24011166734644,-28.83916824616112,244.61544556153012,90.3686935459856,43.94127069744694,49.61685389804925,146.71991936919676,-4.023917995609772,148.31032916030276,52.7760760341734,173.97452172535046,-60.82699145271861
83.14058402512997,44.32415612730344,74.68499009817162,53.97962417638416,194.5410201843801,169.64147375030146,57.15415866411031,188.99795083221235,-100.69177451186462,128.00943226152145,99.26587121148792,70.14522233438684,83.16862106900741,116.3532117161053,-93.61170958178984,96.74479535422677,75.09952350275577,162.09160798574348,-83.08421926363917
97.76920142079312,66.49395189168342,84.0667100353773,80.44050917123954,191.068270067516,114.75402844242916,34.062097441979326,42.94954100095431,-150.67572965271543,-23.84111433182298,91.37825992728511,83.79218514423364,111.60602799263474,72.18099768497008,-137.15370322878545,64.71935761206036,110.24164913862572,160.98353024090366,-129.6936774612269
172.42048679478535,110.1039705879506,181.67561557566268,144.67863905656904,227.91093257049172,174.6665755347616,70.8270929371453,35.02418300165455,-147.98789066596885,-12.530154150092944,188.98697349739413,60.94389089691592,161.76046237864918,121.98225959157584,-101.52077979995587,117.60344318599203,221.01214896840716,201.92534190110047,-165.5955308627602
257.0295379110757,139.47425186666743,274.2255737544256,208.85602800840985,251.4453384884376,233.35350559959437,23.867713445641453,64.08150655569285,-240.71418187776075,13.910485478511712,273.2961745548509,88.7689340293962,190.43020657954787,176.20916857801245,-101.86268743036712,150.91634923985484,307.0381861719639,209.9172417950579,-222.46672777285832
236.4020740777528,141.53583329869795,222.25213042920984,226.9287906551811,221.9526946752863,205.8089897532647,-111.82158645554364,-13.742024531784512,-344.1972632584276,-53.61364284237928,188.81709346074163,161.0297511656348,131.40880664124998,118.74522109108828,-187.8464657045137,82.82606245944316,303.1498174899832,166.91240247828298,-259.4566419703022
191.62595147112972,168.62054143858205,184.4200274563355,263.11125342681896,216.14587260865025,173.0718941903618,-135.06860884127207,-82.58483874598879,-282.175518884269,-100.7473484243896,134.8587037454205,186.80986159377423,71.83116398647336,55.94068327119536,-183.6295063226632,9.557069166538708,314.6884321453724,175.8579904566006,-228.23939298769173
244.4137124891928,175.967398578585,261.8262564099174,312.66292078412005,247.38090923764275,192.79347386782803,-31.71337668337945,-45.52520825568602,-150.52974235093745,-75.11014742898344,205.7852822256017,169.01031399737224,113.30726140185952,86.61283302594991,-33.75107418683631,62.84461057550958,376.2542829325266,231.7168510562056,-161.1367975248198
272.11967832680307,140.7748624893904,311.3092352620168,290.61621128989646,250.89426972781263,258.1286909811931,47.85887887346245,53.47114416474373,-48.96042936929106,9.64542092581384,244.53495173811055,128.09228427989078,162.50868443821247,164.9106201784009,118.28251787787926,166.75454847889208,387.4222419576418,272.683697804298,-101.49919857050531
232.9481852002647,138.8987966324054,295.9516766461104,248.53213636965432,208.32030741982229,297.9607575852542,87.98508199095757,125.8886845314648,-16.686290143727913,83.55706069402824,239.77077790436775,73.93196132665095,170.60479023686605,191.5997673391556,196.8542953054052,194.0409130870221,347.66841170152054,278.17727580010825,-93.14535191662272
231.90861261175755,129.92694350327625,249.02373782884465,217.60378976829327,142.74268693061407,214.79627830131912,85.50885366437177,106.01290096227976,-47.10026128798389,64.53313437965099,209.7952146334893,67.69013244788596,150.52891569941974,108.79517416308288,160.3468246101183,109.42355370579746,312.8521433226326,194.68417001058765,-120.93337240652274
159.7627702482745,43.601776968695575,126.13123682966652,90.79226524254987,47.80658668126551,4.4422044091442,-24.472588649440297,-19.386184331465405,-45.12656444869168,-53.21093677309101,100.1517332660178,70.34956258646608,44.05378211699252,-62.46777806770948,40.31747408878961,-60.443079977895614,176.50011053270632,16.246813301902307,-168.89485722390015
3.3571173306043125,-17.64205508893192,-19.536231995325878,-40.85084333504037,-31.381676078229862,-123.22313845008452,-107.6173719812764,-131.15236295283728,-21.68909737582088,-153.04644232194946,-20.339601088931683,12.723142650346167,-67.98037002471281,-134.11991190160555,-30.34704564063684,-128.12058019746314,-11.710177847307362,-68.5188852607624,-242.20864041450048
-55.24261831262043,-16.823562441673594,-93.41290614255684,-45.74502824133779,-44.90894651238604,-53.54491398952145,-79.65752372533825,-104.54534452259968,-35.21538833955618,-123.62736802924032,-94.80986931455698,-16.385226751277237,-77.53857467803694,-53.13288224921294,3.870274720433331,-49.00930777732393,-74.45164683722446,-28.62639513616835,-250.8465668009092
-26.239681844291727,-50.376243788403286,-108.7679392472426,-77.02113075003096,-59.04912193440367,10.408671293853995,-48.53136842872277,-37.60849499505,-16.548103376547694,-85.22812179907399,-130.02988891542623,-14.451416909036505,-82.1873144220006,-32.35152009131476,56.86880387617154,-18.350533659286228,-56.533390065671455,-45.57771202851968,-185.2068272463821
40.715181141810085,-90.6568516679058,-70.78899917785257,-120.16221957784418,-75.31393481876297,12.269655510738426,-11.291264316518872,-9.355938791089034,56.661514059731566,-64.91874059084196,-86.3849435835736,-46.19104734960453,-101.05085203784024,-45.05463739842114,61.40590937457493,-16.853354396562086,-20.509353474575533,-28.33363020953483,-107.53203765443702
117.44943266392532,-68.24605851344941,17.74654269139054,-28.992707831376126,-35.89164119563918,76.26716408882668,46.43999330466774,34.476138242109286,99.64847414593106,1.0407146206616893,29.56067285979609,-49.515320708351,-22.552212194806906,40.77629041427326,108.161062261781,45.98185310622745,12.149168500835822,64.20314449769626,8.445519350669445
103.42121740277253,-11.88559314052085,77.32533410408219,53.94067039697656,4.518949563141072,166.55994072833013,90.97117741693845,63.4287188942476,128.48169948238044,24.501050193891,95.47911295606356,-16.509045701565597,66.67966238522331,119.1490562883198,167.3267904015089,97.31950342433598,11.350120748586802,75.38137716818642,106.73941326666396
33.11868323372361,26.940798119580748,40.62730194159181,38.76387138052259,-17.101106648800656,180.75297051929377,77.69783579210154,38.32962445123269,98.20320047600065,-9.65389709495883,38.5486407508509,-1.94267689824292,45.68521081683024,121.592082722828,109.87080724732124,94.5789996554526,20.804836521780118,49.90892893810678,93.62310804779652
48.25426211292019,62.383424021411,31.829603337365462,46.359243252993366,-37.62199098682668,144.94387550454644,24.11920823677053,-7.19298966362559,-61.028959851665554,-68.3463027786971,22.01764982131697,15.51820928680945,-1.2738730429874237,95.35369454410367,13.169695738819568,60.72892989310351,95.03604830179934,69.3112138555924,36.44645462854952
177.64599716605065,131.68125733903122,156.4209188608719,140.58687120644325,-6.884771220022906,145.33915411681025,26.181905909339218,-46.46972414133212,-209.6707020770036,-104.8237828308118,130.2884759797791,89.22977205684114,6.678512807646068,70.54293655664686,-63.94144956877669,41.89541962405261,234.5134418402778,99.46169570460704,-11.97124817788236
274.4063550394624,164.38828538683592,243.424390303701,224.73844792153184,-4.189804788371768,116.4402073305789,-2.1811550957116714,-114.45584842003964,-265.793821094382,-122.04542355205044,182.0959598587993,151.52113812634633,32.295309298101266,45.15568530355705,-118.92324561065396,21.39710222139605,315.9354617021264,38.07770089706084,-98.13668655826284
192.32980627871723,90.1192894343498,178.76697563942196,138.16265162518206,-84.94337619460038,-4.773957404034429,-145.1007455097487,-193.10382539790592,-243.76074760958124,-168.18212614878806,84.9664160253394,86.78285213375082,0.2390741704342265,-23.517579815561223,-104.58231372484052,-50.34793816836365,204.26423409647236,-131.6766977055643,-188.22354303613776
11.643450471025622,-4.206025463220035,42.7075801311189,-41.72061007767408,-202.55384856720215,-84.24633483564006,-261.85118119645824,-158.9041399441247,-148.4864769270315,-142.73069379142188,-65.67403067106787,-29.863025308175605,-64.27043315780683,-85.36671039528858,-80.30445030453565,-89.68172319370707,11.337047150929523,-268.3227363621819,-187.79481796888115
-52.55959397308787,-8.75903518540619,-20.860317349455634,-69.19061430205971,-265.8732663175425,-65.85990932763862,-239.3960085216331,-58.00893317958072,-32.53233986652307,-53.52866178501039,-109.4397227601016,-44.72693747562111,-81.1573216092466,-76.55549488024701,-97.47934055082952,-45.4266667123561,-33.87840468219309,-300.5551337670254,-96.84602090545737
26.348694708980798,41.1532879265817,36.67314520806568,28.04747759284558,-269.4603633063713,-76.21149676119202,-175.41384352894738,-55.756203193730805,36.81100693532,-71.96574308226324,-28.733685132240023,23.942347551073407,-63.786679501393536,-108.79848507374004,-98.23730892771448,-43.32178381517758,45.24022076960736,-281.9087747523035,-56.41391482430054
71.85474688742204,-2.834439159496778,48.91529929213116,6.894658096843445,-271.8676979929597,-191.60816088752597,-189.27107658528809,-153.69398831570228,29.35711550868256,-158.9197512162747,3.257639577617633,36.21281822473573,-42.441996146514406,-200.169756960037,-43.9794515812216,-128.14534338828116,32.615244905742,-286.03388899547986,-138.1126886523902
28.41622960757916,-124.42835306039254,-30.5788087785166,-132.94933163299206,-259.66888394799355,-320.95189721384725,-192.77750878120224,-220.2004777944997,24.213273130553308,-149.11625261285891,-50.2620487089913,-44.494238484905175,-28.413799012363388,-248.4291780700142,16.595404446216186,-206.86083988341025,-86.7870345503695,-291.5229018922125,-194.35340341915528
-22.834010908807723,-130.8773291235922,-86.08133288709185,-169.97248687996273,-236.24773661602757,-330.92876697807964,-139.16683429123023,-197.4492830079772,25.14819385533377,-100.32500005654622,-91.11913598890526,-122.61487686744012,-8.299696566649262,-249.14907242400847,3.91301140479028,-218.84372727036848,-149.41682864764746,-246.56921845709945,-165.89236566059685
-57.04567070496711,-75.52248598668508,-116.13353578692778,-110.8920738252552,-219.13513230841423,-250.144838559752,-137.40186137703478,-165.56759829999018,-26.56491188054825,-105.7480849887322,-116.4358202080344,-128.4502605989424,-9.574139631064469,-188.78170293154267,-39.07289083784211,-137.8580268941773,-158.3533380502097,-227.68614268294456,-175.83581331407157
-67.78607497108658,-65.01374649064329,-118.81179985482946,-87.68793344107274,-220.29316607483608,-165.966955410988,-138.5802045931231,-134.09662025635953,-42.83044978049035,-114.62135304916336,-120.57401230624116,-104.18856727244837,-32.966360516747095,-114.62732138931148,13.934839532480137,-70.49477523673094,-196.9209324718926,-244.39758859371491,-218.3558020818866
-29.79389263526297,-16.780637986302555,-65.48123956497089,-57.07846572166681,-214.21132997276567,-111.75280843034754,-53.16331365481778,-96.96387291893072,-30.17143901490983,-125.16181460944176,-68.2389210204925,-86.10115215392628,22.99860027989667,-112.19892870616066,88.15190227911624,-118.59366456524444,-210.43720697905343,-160.6799752988409,-223.2555533486551
-9.45754983072715,18.005677959529873,-48.07067554738344,-12.558139259044184,-138.44520995117782,-124.20778256843998,4.150391041770161,-112.33744855364036,-64.80281351636968,-108.74342686748928,-58.01180105889516,-53.030251903642274,90.83950659683944,-124.84729807472084,45.06955432550223,-149.0471628914531,-185.3990547136721,-15.04820927140368,-219.33396039780035
-36.25895123538656,14.592392002010316,-88.08956713677443,30.286804449292497,-64.26129667107216,-101.017983139211,11.90947697738332,-81.85735096990915,-80.45262755270987,-37.0172861601708,-110.48568732818327,-26.14114512026798,81.85803011934229,-77.99771929337847,-19.9423864035153,-68.37643605234095,-188.80985829326173,50.20781392540151,-147.98668445370367
-10.00360414471418,26.54316174894909,-76.80585347314941,91.35456769889464,-31.39894007635673,40.05127260711391,85.24323240244962,54.68862104613414,-7.15970921945472,50.33326530201833,-71.34624535840243,-4.386179651659759,81.13288171952311,40.494819816722085,15.157573801596683,55.22268796083042,-180.20004758946249,66.82507057813392,19.08717299454968
18.87153270618455,-5.47837565379869,-34.632118803430885,61.24728446966585,-21.813356967279468,119.13482486099046,145.63484516247382,132.97548997855455,110.0739909322321,122.3014391275576,16.36152021645191,-3.199179566255066,105.48823034621718,113.77843298035653,132.86621112291118,89.26818188535293,-154.42530003108345,80.73403642711818,105.8470169798831
-10.609066130668731,-47.83387694205052,-37.639215430796526,-28.556764318716503,-39.04823807888438,83.64054009877268,118.46372237541816,102.1083908439514,137.246521143574,112.18068254763313,0.5918830030034068,-31.758024526463416,105.5447423506472,62.80485407369735,205.53456705422775,8.641522131563942,-162.3081407548077,77.58902367248871,85.99316214454336
-40.17440189099572,-48.95463450597998,-107.64862851757978,-49.10776859669843,-30.24445410171895,63.43261690051748,78.00460609135693,66.50075130924763,33.76575895002609,62.61924280018378,-86.591433444117,-29.839354107725764,68.75374511126253,40.43583421539948,121.7048743582926,-15.806909957412367,-155.09411725506482,46.51507374028008,55.4334697911071
-105.38858194725395,-20.9245568754462,-195.75551040990948,-46.49781812124739,-59.74587017127282,69.76349246708673,26.520807806867555,66.25311379460175,-74.74028278275046,58.203858353936496,-151.51286739799357,-13.2644217387428,11.204515882083276,97.8147024687649,-30.54666783270928,41.97985523802484,-168.69357568412238,-5.211967554986959,-2.8600193160553977
-156.30215315572616,31.45393990161796,-193.84091206373768,-12.641679782002772,-121.50954127263137,104.6107639276592,-14.043759122933563,108.5694799353625,-62.90918643732002,79.42607741327836,-129.17240282954353,8.060318335358469,-13.345840648088227,110.18571753603392,-51.51214269114636,70.34671235319861,-229.50812604197236,6.41793348490869,-34.16056830269582
-162.76324848346687,40.00062145389794,-159.2297725325628,-2.150815009224326,-114.3662483369024,128.09229287052167,-2.3784815231295915,133.77495122365153,30.636203526103007,95.9515325160897,-67.18993769585241,18.66958917015715,3.438814873131218,53.86549145306004,109.36269232667986,23.523022359667475,-236.31116359084857,94.73226097291638,-28.34066945409312
-191.87345186909903,38.36163996580467,-164.94064815180994,-58.06153363961752,-122.75466495996235,95.45969709946448,-3.223772475407729,121.10445436836368,25.0065899771967,88.93734081310471,-76.72447255429388,-1.6250205045967332,15.946471140524414,10.512616792156,174.1423727605907,-45.82877391839374,-186.12861955267007,147.8866086037893,-43.34611835397513
-167.16878596060008,110.22421331574353,-146.9358938513141,17.588651372239344,-157.55254836715162,96.42147578566284,-77.54735340003165,160.67375685699332,-120.4206397227227,100.54125852936887,-83.42498530377912,12.309289959065824,11.151722722853158,35.388441820911794,-33.01819577320755,2.991214554175712,-111.98872274188209,119.15263713321713,-17.665945233361043
-151.87733953600318,148.12879857531078,-147.7569077835771,113.80500140940872,-159.92023958774027,125.29497256718103,-150.38644565042105,176.32536236020567,-175.7934312621873,135.2777158058484,-65.94324460856392,52.80374559684731,-17.285001073004334,84.40606590048421,-194.2123753967604,80.16693482681113,-92.95949203944704,79.15941223959008,32.728009696512515
-201.99672762136427,80.47239574494377,-185.5143835558502,22.69229538120925,-134.27304641839095,97.47280762884226,-85.40276393660055,116.97099830628164,-73.25984051194497,145.71897363123998,-116.98968889140964,51.617960317674296,-40.29238535874253,60.770286843173736,-93.91986623957544,35.544304781606975,-166.7868276619657,73.62128079244663,14.748823534314171
-159.83852723083453,15.620453167400992,-147.2328929057034,-50.49551931052022,-74.49199523641958,39.79607933110174,12.905175196973948,113.35212403761876,-46.63118995969339,134.92453782880975,-145.64314634979723,-0.4659924846431431,-22.376591694205192,22.913298737544583,46.58580825565413,9.261824399286954,-167.5651345349823,79.07850752821174,-34.27909149962475
-112.1020197715339,22.415219013627866,-85.61117008695177,-19.71034726489328,-64.27884949466842,20.13612196079266,-9.880152611212148,141.3248258799096,-74.46412265808425,113.68525716179148,-121.49981110711448,-18.2665497337472,-11.837219116547152,66.9509133166559,31.67854823152775,69.95799914776002,-83.07302225609807,63.18337795477993,-21.255340586971933
-129.9613049942264,43.88870444645186,-85.0034861716604,-8.788029694872703,-105.67405424511996,38.202208236976574,-57.52468792354376,104.78325010143692,-16.783423687874457,89.42716238680315,-87.87039151880181,3.612108495622592,-18.82701050587452,75.90335095964359,-54.648803508255824,103.69176106733606,-14.598326376006224,-1.411080132113479,33.837379227675484
-71.60196853012924,6.263559666107582,-73.76731827533858,-31.51288050229855,-82.29555356358374,3.2709518155665718,-48.83860858698804,47.897171167874696,27.21004412565404,53.94937193961307,-22.02576121360969,-23.179777931994156,14.506750157539711,4.276565862716096,-42.98441752683273,58.36362965138936,38.68793362306855,-54.44791953060752,34.83543320168119
-12.732958451010925,-53.95242537161305,-31.921241552180906,-80.01243853956532,-34.08234032347819,-75.18204211198163,15.914173379105184,8.38930784169599,53.107336719222005,27.34187419639056,3.284123652597358,-39.78179712172453,80.57193316584085,-23.156460732537145,70.24203844244805,7.47269996844246,57.54263878532712,-33.21093758287643,-17.321152390677387
-34.40704905385222,-68.77287516424501,-15.622974726369414,-122.99202959579958,-44.32123065724386,-58.27393454809953,48.212477277114814,-28.475152635486214,75.75074477874374,-5.116752052467707,-48.26194305536513,-23.981703223443112,67.65938503652214,26.234273585129937,118.48643697915772,55.35057499415493,53.89278095942041,2.755103600291709,-58.80109518547636
-52.433826122880525,-57.23325516280623,-55.02049413330432,-110.07881009080326,-76.4904679700645,0.9079699155627317,-54.392602871541705,-43.82023676940373,13.542985145563936,-48.629190333173725,-141.43760936766466,1.8671587062925643,-37.19552242589221,80.41726694671621,-12.476691626899358,109.37050781115336,59.51094034449852,-1.4076431385295034,-76.50624118842002
-46.05645219527375,-48.897876696869474,-95.82063592952954,-84.73279311629615,-71.15139471563933,-21.76284842327705,-138.18377855359282,-38.58285097475535,-71.6709522512408,-21.4252032661526,-186.7599063356496,46.51728531553318,-48.914344000034696,67.61569167871092,-181.33525206192863,68.06241593090866,72.86662650422505,-10.167724539397302,-70.97909372319371
-57.29459762351431,-71.13596074889021,-107.72466940143364,-117.50824380068832,-29.417381119084297,-70.37135609860542,-132.69633801267955,-28.169621158968837,-113.12852390403393,22.93779839054484,-115.03559195304622,22.30277366795487,24.754917931436573,8.861967912986291,-197.89925375205704,32.95065833809462,23.26386615520884,19.539129600851744,-74.60007847214446
-114.62021498334816,-98.6080154326232,-120.98510595882745,-150.252032506226,-33.49749776792471,-96.23364843291192,-153.08807887680493,-14.18059146349626,-85.78243489155648,33.714452283702975,-74.70998400783027,-29.98094891299309,9.976056980448,-11.41953187677696,-108.11910512178012,42.55466613306409,-78.90096843592742,24.149968996166017,-85.9812558027477
-153.2473784041006,-80.72793766018182,-126.10778383492418,-115.64470409748532,-105.81631400274996,-90.278921852981,-178.8356216151752,3.1734954504577875,-9.599365503088398,53.95733406463107,-139.65842785631847,-28.38212061153215,-42.85085697762567,18.83914405134926,-58.12431845031257,49.32906664824039,-113.88212166556026,-43.21837583651287,-64.42979792001367
-130.29548992859446,-58.64462483255036,-124.23020417489558,-96.9631791771662,-146.17974100871174,-62.63353659825992,-207.93740644752543,22.629149098538164,-24.25042012340794,38.10905149681649,-170.1489071410874,-23.604933765969776,-45.220121789787314,27.225878297524364,-124.5448617008905,50.49929731964525,-93.1860654342872,-72.4775624871179,-63.38137791407336
-133.8469392254827,-41.32699279724672,-107.3110980515443,-134.56602155853946,-154.00240336946104,-84.08983017412855,-225.83991220255368,-8.375098813862854,-73.41350226210261,-6.746039174081195,-127.04026208633164,-39.45569281287202,-24.31380301825715,-34.46555399268436,-204.2245767199561,22.73200176460985,-81.90604276951794,-10.023577442694563,-77.68840781817683
-157.56157297245136,-16.36434844000644,-83.95227103055936,-133.34707686362412,-157.67263222840847,-135.31436970090633,-176.5556035741649,-64.91140612385873,-30.135081811545227,-40.07225932703942,-82.31778079978389,-49.94277260922532,16.568235599293452,-90.42175385470068,-141.9220482920216,-44.171912704840125,-90.15732749401688,44.52080952799797,-51.85007358121853
-82.21765550177423,-5.495231276281901,-41.88177562138554,-40.90058431776324,-75.63091732556255,-121.22646833778822,-95.31299066457268,-66.96170127207611,47.18955045896053,-47.09673169933984,-47.206339267847845,-11.66239670501169,80.26493051232933,-67.70881611287439,-37.73872453737535,-54.6379638097597,-7.942602346954415,85.10720354380616,5.156258879376147
-7.329276201595985,-4.359970083691243,-17.278120557917063,13.990690541127355,20.939784454567285,-62.95892988649274,-22.589804532350875,-31.84887802501476,97.8649802368976,12.22630056948865,-69.02900842404674,13.957507908688978,73.12792331959103,-35.02541855868502,-68.43497318792546,-6.151054600801644,96.8787665613203,165.76218616095733,75.23209037474714
-67.07547007341834,2.85288267378229,-68.66848371500905,-42.64795124441847,41.511463988335,-41.28081128610365,-3.484487014140794,20.933793411924256,73.1614527128349,64.49043676482079,-144.84470414548554,-24.37425753216125,-0.48095837206837,-46.98493062169626,-142.63737050870446,-31.260707010079788,44.42571240676091,242.19065192486983,79.21404430391328
-92.00361567077763,33.043738444722734,-54.79832432348801,-63.163964494179545,91.97913493045247,-54.04672222843568,47.23301685202088,40.1338745797874,47.51476832050775,25.97519941015016,-122.2953970880566,-45.89092178524066,37.42469049533288,-95.22508189934533,-78.29481809949858,-104.5934808734559,12.583229442071412,252.80151043826825,-17.006588407901248
-39.06501477973492,44.78457912324703,-7.793731006688039,-32.484230270076154,132.5454880585771,-92.9512583449974,132.15560362179593,-28.21698883143385,72.5460812565165,-50.05783468309444,-70.58793652448271,-60.31639900490101,117.0239854227576,-158.0903139015534,43.70685177238642,-129.14696855609546,48.52740881051993,186.14602353638904,-139.35393790555375
-29.686836938742,27.730174435488237,-33.87245813010066,-9.453886628626735,102.48992043522438,-99.32131136600168,87.23031811610733,-90.71824892384042,80.9804507479364,-91.47527031811076,-83.83336843198163,-62.05383827278701,93.71953156783027,-151.12194647661644,61.011042502771446,-98.53852490772957,53.70183054285761,154.46581764618736,-174.1871453594878
-0.7042054856531051,58.77159449436197,-0.068603129128191,64.22476952692563,119.8776534749631,-19.179035671735285,71.09341083281856,-75.60627918977515,120.70096442871194,-85.94344735738404,-33.77918879472276,7.196930046813811,91.9505885157255,-67.82018595927326,-1.543548175329379,-55.10231386277176,98.66340154094088,178.5712955217128,-68.24116214206428
19.677767120750996,114.66179400621009,62.73939890555432,110.31067993480794,157.53045724348485,11.267140257222902,199.5956320063594,-81.6112027790537,141.21070135316953,-92.63469980697433,26.51440218863971,55.73783839746863,151.57468263347127,-37.43433108712483,-24.26611040625658,-39.97608258782482,127.76934826733728,119.9452166260052,2.712161260558457
-34.172711832230064,102.71272462834784,67.91221481351198,42.450929539155375,159.2102562696394,-32.750097466145945,261.06345362238534,-156.90952283468332,103.4744961362772,-148.05586482055284,27.21822432469529,21.21968705964776,179.23178982056655,-59.39661334404428,41.96991464858312,-39.9947975075921,70.45750935716353,25.22325834404648,-68.27229579699413
-62.933958591941774,31.77548094772776,28.133392770533472,-16.94811545988023,141.3669726622664,-35.77315922730303,207.3401904687045,-193.86178678810072,88.86947225873571,-156.32501442819634,-15.965553405068851,-20.318092983561534,141.5983089839557,-26.63015863664289,91.86950470086566,-20.1500106753173,-15.611027605543928,-22.26798209550476,-95.53697462742277
-63.91454580119465,-14.528582933154324,-74.85636749303245,7.3182622022552115,78.31863975132954,-12.122266629969074,144.4420893480304,-139.17169566634277,87.32046866503244,-71.21986444130053,-111.7219916494013,-14.026063171910875,53.68845830428704,41.22159976058631,55.21275251643889,23.803310557511047,-59.9624132258411,-51.21373874405151,-2.1058307319194864
-42.84667656412801,-7.240204363412532,-98.1161609325242,51.46138696741437,50.96013811851598,39.24441804677646,132.888770001229,-47.412548512734645,122.58771067000242,12.50319063355771,-76.3846116710527,29.603604173608844,18.807111547565583,96.69165350555711,34.65569851800801,47.725514189689015,-37.26812242050267,-44.52529110582448,92.2023967557044
75.48387121886707,9.957193346369724,53.56238594096492,96.51874488491336,86.25130791150048,111.2110247417165,157.68992637131004,14.205936444719942,114.38153438124516,37.43448100365893,95.56205891177903,74.88662716431915,74.18549161878786,146.28630414504707,110.02154172862669,89.18664291197854,57.50881669382852,-9.160753579472258,97.86566723439626
171.68805281856802,21.107851630516624,145.74786452448896,138.73361900995704,77.55692700672908,137.9277257990315,118.32407871005516,-34.84710902196889,-29.230748722301225,-54.52170464173619,120.8221418151304,93.74916204232753,100.98319289876623,186.9042121747243,178.1618665176859,143.29723031201763,141.88089121102988,21.56209335899404,-5.116516383145592
104.54720482635668,35.856956280205075,69.87557103897001,125.27330177266715,28.68263062805788,92.66154020773746,11.11475815710269,-190.31783896778575,-119.2155254595556,-224.88223620310265,-14.032982672790968,80.04742693777926,58.83564692766747,144.11161024552834,136.6301172458064,86.03716890432968,115.51205963247132,41.26837064521416,-117.5865609566817
26.8797189140291,22.77499050847595,16.777967419506812,66.03824944227048,14.039481386121588,-2.22407349452441,-55.59161904127155,-280.4254136050754,-90.02032862276957,-269.301606514765,-65.72996924732814,47.17334310548384,31.184897203854263,32.48597666763031,68.25245613343424,12.663526084869988,81.55852907982714,58.502116010846514,-174.69516741056754
55.98726473565573,-0.4260167176420463,59.94872363907344,54.588351079137226,56.53810702208971,-53.85051454370411,-42.488157363196535,-242.68115655929336,-85.11036862284583,-189.74982596629255,26.15371721589212,42.36793159948142,67.83611591455961,23.319431167405245,68.24623862619883,21.48145916826074,87.46129063817038,94.55339182595714,-213.98012628622263
28.148171977818507,-5.868415536296144,74.43353126572036,51.01763405256446,110.21193348609742,-65.0983957642629,1.6621503980802146,-207.8676042880901,-102.05846826332927,-132.0731093666844,35.68817358674889,48.88028984316155,89.95721215715747,45.30423337177825,98.01450020631589,3.290118305034871,15.429497256717628,96.45995884354396,-184.29753787537925
-102.42109131672294,-32.08465660035073,-58.21949951634594,-33.739835410050304,100.4689679321294,-100.23910936386685,15.942595126639,-188.64320175504253,-91.7179484305064,-110.7327954174018,-140.98410143438042,-15.414444908744985,14.895887284421145,-13.015033056989497,56.06338973931386,-44.59263175326262,-102.52862936590728,53.1694418361815,-103.0071744566278
-152.8722648174982,-17.95931664869419,-183.4491048936376,-58.2278764823836,40.00776767117823,-106.222600534613,-25.620629473773917,-104.40509264845323,-79.44133490405167,-82.56611075536696,-239.5423320671644,-53.12555024488225,-39.36920798727826,-47.31479201210775,-59.23264748969898,-50.80956393214322,-91.926482644682,39.654432329064335,-114.24908580754489
-100.98700095920218,33.99427619460338,-120.37346677403848,-6.074915772414729,10.195246757529814,-96.02712492270446,-109.80659868654703,-30.208337676542826,-95.36824974302088,-32.26229712836777,-136.40342477381978,0.1256036022186673,9.876396525792323,-77.225163418521,-137.52871689919826,-51.742881274719736,8.190233474330729,6.255299410194278,-206.03625141225
-76.88600493283816,30.053535250049315,-44.635276929092335,-13.52959857774553,2.0346309699704177,-111.4341939941212,-120.09094626418924,-38.92866125174334,-101.67546887799722,-24.947315961416304,-96.939621412712,11.190625885309007,36.11467003313262,-99.15779019049386,-82.95985898155489,-82.27764373724561,3.09968615806466,-27.13995639414686,-228.2206128042217
-97.21745767193484,59.95608907857294,-61.54265324084436,9.697829129489197,-30.31234955886155,-65.95101791845504,-19.34573694543989,-30.63955250133131,-28.59818211853221,-65.65700505355585,-186.26112866004783,22.016622250157955,9.45513431880404,-50.47313984289304,10.238679409881758,-75.89820426617491,-8.400114776134906,18.530463983744085,-140.79534080834338
-116.08472035439787,114.63327404094684,-96.87280572496006,63.282280601689074,-60.12582478320936,-11.887343267153636,1.827266161306352,-11.148135772101144,36.3274430628731,-69.81312294091548,-211.6403806427508,59.161944934792935,-15.430887533269136,-35.57538094413185,-39.2911493815723,-53.736255547427504,59.9592488111588,23.33446220280062,-41.76067080924385
-107.4281553418713,69.64907579404567,-131.8640117161269,25.89464267314224,-75.68263962194148,-72.89189519644971,-51.85236965647962,-61.857796946822646,28.49243697796829,-41.94032107617536,-154.56464397669362,6.344447206506764,-71.62574011021454,-98.66488499268388,-115.81754901175609,-107.180764574204,31.746374623492883,-25.74911909503663,-16.83208684593893
-78.8113188333927,-6.065409021912745,-122.46270008616416,-45.14949109187109,-74.65651516168984,-118.2736081273736,-7.59561122422439,-94.4195557951328,28.910579187149352,-10.21826812919194,-76.64413040439455,-64.93256288410772,-97.30348142857662,-124.18620941699857,-47.78981002568069,-129.51488073790293,-58.53212946217312,-18.211083173370447,11.97175248049968
-52.08073447277764,-35.71428316019041,-44.2471507543965,-64.54067191025844,-13.819229414040404,-51.20160801499181,107.85015011108206,-15.45821153779906,46.99133017646878,30.084967459290663,-18.0227080525873,-76.2772760225432,-6.275639563492668,-68.46329103875175,102.88530932338202,-54.11884380455538,-89.6884991873757,29.650634673455627,165.89751568329848
13.471167501819956,-53.00816662573212,65.0782781446445,-55.89219911966362,68.4432742852828,18.842327050848358,177.3120135331673,134.40571046765837,86.18787776057233,110.85569134607483,27.2864744671868,-57.15850680625871,69.07071949176093,-10.863856755380995,152.9173479244652,-8.333426028384608,-80.63929896178861,61.12840495923494,325.6273837533733
94.50209368890953,-90.19098253225204,110.75164425353236,-81.5401281243651,59.41626114248613,66.98037323210721,127.14165105548268,238.3027446762629,120.32854059395343,195.6847299695848,97.97249855267752,-40.47110161770687,19.35067649621876,20.241663468172398,29.036232239194447,26.605088546684428,-36.932256908567126,19.9308849770194,391.8846545584825
111.39430759567988,-104.55996747834423,70.91519521922797,-88.30978579664246,8.069073070682494,100.4618092126787,60.23629702250608,237.20527853099432,63.02919262233533,174.9835593963983,117.77225480943808,-41.99098002184396,-55.45815048147534,66.24561981159653,-51.26360358379878,77.65083005707946,-12.792501648423189,-63.2392946954115,401.0729788410868
124.33357899713404,-51.44808557929576,74.46254268307038,-8.03509743877098,25.98105504624113,81.55154921211678,116.17778359916876,173.15115490064397,-42.8835682176442,104.90456832835504,91.67258285025328,-21.32311333408201,-64.30335658752419,103.43892152064728,10.913200983661394,59.51633792157229,-3.2290860574212137,-79.7651854871524,320.61767541288395
166.878282821048,-4.058331033506646,156.67594514122524,70.64116332416917,81.25664035203157,74.02719033043225,181.61185421612305,124.62772981645256,-49.41106461959792,76.80982732831055,129.23243704772193,-2.947109745865764,1.5742501689818245,77.58793161418977,93.99052286041992,58.459411734823526,45.27632299179247,-36.471789739692206,273.2267733823122
180.61675559897915,-11.70759150893431,224.7447574608661,97.68150307389864,129.17559350000536,102.6370020464884,152.7478869260135,128.12257942392256,68.22139344693306,74.57881456734282,187.1267982738093,4.856953911505318,75.99787570627714,58.11777473943142,131.64268120423097,103.29939694978414,74.93756820124926,-28.844829081288523,309.4916263727897
209.31349826826627,-11.097402999130964,228.0680937282889,148.12323332561593,142.43021261492794,143.01074462882002,121.9772829417092,159.84981573356723,120.13113803087504,119.89649702240747,224.5158273150084,68.79224315258736,88.14945375005749,118.17251934154088,114.98621234613596,121.5545861678042,90.542354957989,-89.40834996905528,255.2361175213736
275.4785188950541,16.373750354635636,225.19502858054256,232.82458598611217,128.40039118405485,224.88451731101296,166.87787211190107,199.3034584699742,100.59652044425154,192.37340252922104,303.34910406827413,147.93912816751708,96.40227432805958,209.74482253181048,155.8988314759727,173.87583919060822,120.36156988501526,-126.29500793512209,166.69509416316828
263.7938704906574,22.583790797689204,216.9868027177405,253.4685448372096,111.50517481708908,256.75750322505144,217.12975239378173,202.4412651539235,165.02440184152877,185.2718187511471,321.25930187475325,172.255232405494,104.62719450103442,247.56885183452744,263.0555480666022,209.50982755020692,98.71673231203724,-103.9386693802717,153.39863202618676
114.4537105904556,19.07234049532943,88.75839199327433,186.7845803588588,66.76611841652893,196.1418697152349,172.50835259535495,205.77123331286356,178.74965553582183,157.99308913734535,152.86187669303968,141.7001521328275,55.62165177679835,182.79043561158895,242.4062781891755,163.10741976031196,18.206592175453213,-92.49619890152672,181.0185463939404
-22.709861624627496,57.87048488841083,-34.46304556831633,162.9774018395121,67.7292525353667,227.55591834164545,119.0757950471941,284.8928764521146,93.88495430681988,241.7502929599776,17.780340076541936,103.65129693867908,16.10650125065839,169.93844820791014,126.9121334570794,162.74186973603634,-13.232148327064293,-29.818974113672382,254.19015226245585
-21.81535535016742,101.55808205821609,-27.091761776382448,203.03715267982275,108.9603342067374,326.66703698286403,114.97659724819314,331.7034241821367,68.84768401478011,289.61378323465146,58.717958062081614,118.77578128130727,21.3591201813923,262.26792482418523,81.50147039689944,212.10170504513843,55.32892552458746,37.13315619731737,262.4133004252329
12.786542270381176,75.12484120176822,-34.98546333243386,158.8648014792698,45.84461774658251,255.2566420084572,45.833503258575234,232.04316748486323,49.66521270779899,159.88979715662936,57.808512144079984,152.97443774255123,5.539281981598411,218.64729201225447,69.70509560722317,156.51752989671766,109.30039811744298,-27.974076446235472,119.2531604579256
3.9936386107197697,21.37142502894916,-78.03444989141789,58.0828802842809,-45.68709067076175,102.507434533239,-27.4729354032946,62.119647613568375,-5.912753879554551,15.047096826100736,-52.935919169236605,157.07309101986246,-65.53187863150765,75.59131139295157,55.821671280893135,12.995260255402822,95.35918862134284,-45.56979253027065,32.223072658317705
-11.806464553608624,15.490478883038296,-94.71489759847698,40.86894718523263,-28.881406096015315,71.91150595491683,3.2142015852779795,15.504025074029274,-1.7023929517009664,33.48685973412058,-126.85850843877084,171.6656133557236,-115.99170523879076,39.17039477200967,20.774242198665448,-28.753594946893266,94.14937744470454,56.611135023885474,84.31647929590088
-4.005601304546536,35.87151553636322,-64.71631617802386,77.19497738035611,50.787130212974375,94.90052145846924,72.2624745337687,97.86439671618604,39.234361609037926,130.80386978337606,-75.48034666898982,189.0718984842844,-68.9349890294604,75.3621549792266,-34.426619406854755,53.11371115803759,128.80062696350464,121.5389613262071,138.1153743697166
20.208231549401237,34.764967559702654,-3.028774950977073,59.734215929896834,100.71249737333852,90.50040544239252,121.509886698456,90.86578035961236,19.32113194338261,105.6076475095191,22.58821422090369,134.94323539601754,-10.686622747784998,80.72163301940267,0.8520363586978256,77.92185042701878,156.6731590775815,125.28507015859668,159.62123017107024
35.00942510412792,10.202175116980186,30.03017941488565,-32.01486049747508,89.65501149364084,60.07416151603126,121.9419710277223,24.086692039920024,-33.36335000375913,7.04728906373994,26.3794133316328,32.90716378193012,-16.705756930694548,5.927585674750535,37.1233264355837,-0.6547209173529281,154.95969226020503,104.01072572297498,145.70256533898367
59.09845072357386,-39.44996329790786,29.011308702061164,-123.89122090123992,67.45143087243619,-26.35618958225692,83.4688312941185,19.70580588352148,-43.79161889923319,-17.078996130678348,-7.258325504803238,-29.740825471656947,-30.86584030984484,-97.8261110211656,-45.48726148784607,-106.58081863225976,115.13490623509226,97.93516040215565,148.74615667150763
56.817760174603976,-89.98749755564671,-11.911400490861428,-147.81199586428937,66.07830972703543,-114.32334304938658,43.70666275639705,2.3442717473337025,-52.79150302033735,-13.552552478586662,13.907649152356832,-36.78577876562331,-4.4466442801110135,-130.74731722578736,-104.73480277221596,-157.5955697361407,45.377752515210126,95.165065569619,211.579896643578
11.88502229702384,-80.80698352955163,-30.62753020386324,-105.81922475416036,88.36732780612016,-81.78922539043194,66.69271306859436,-8.701111838183216,-33.12488568177445,-32.85831424738152,54.76818685365201,-13.628117995792032,44.25782359773516,-68.03060238616754,-29.557201130430165,-82.3888658296349,9.934226707234297,113.9027014117143,264.9614764866104
-7.542719270228723,-72.31817913509255,4.3861793063813,-85.44150921252611,141.2572574414122,-5.188378410373938,188.38399960832643,32.89784810967482,94.205145150276,-12.217326369621963,43.08500814068547,-20.4361303533391,75.9938249545913,-18.41396177726442,141.04225459702764,-13.100064644919351,-5.847479942349843,173.99563453755445,321.3012891304194
-1.4270722710273849,-121.68232973272195,9.980789800347711,-119.22959942492342,183.74786495962312,-33.71849392086714,274.9445122311274,64.45146803047233,209.75696317219575,64.48237639272385,-39.7770361840007,-73.3853282055908,92.91639489782486,-81.63241670373404,255.29791182339952,-71.54306058503117,-75.4563624440957,162.471761338362,339.81247298567257
-28.54990317194407,-133.6106465797366,-49.98642304701804,-136.4059736009576,140.44710694682306,-108.6519535071838,197.66159546177616,67.49478558766019,154.40717817993996,117.53830214303753,-70.52812318747783,-97.54705161057998,57.7803426618563,-129.67165214754982,136.20545565273886,-129.9416097361512,-167.4205849639727,75.78674241224934,227.95436172312367
-84.11610843168064,-80.47239115877842,-118.2813109529292,-116.13292438235923,17.397810791658586,-141.16095228724416,42.785029177211605,64.78212987288308,-12.47152643099854,113.4462906173204,-8.427040064161694,-100.11629775566404,-20.40242721113656,-85.4838004112577,-74.70454357254891,-91.06385141196624,-203.20540193848072,40.66057349867833,127.71172703530893
-74.5626871351164,-48.89861752067901,-118.79156446370266,-73.18308700378434,-29.920965571248225,-126.5941407001892,33.58592162895241,56.95518466099191,-56.76778510996445,71.96721563090459,18.384942206426,-109.812795953869,-21.85199730028058,-49.50741925036372,-55.73429682703125,-28.84256705651408,-151.11363984772044,85.82277769436708,166.01262228700728
-33.7328163449741,-53.863848789164045,-87.80802741384562,-44.98635898348159,14.750555198527778,-74.85739237836688,145.91418947572902,72.71636259837406,82.37892267401986,63.74306059412282,-10.25770726251118,-104.40123019646845,1.8216450499777448,-16.893891755932955,83.64106139304165,-14.178800578051982,-85.09140539347534,64.132010886392,231.2414339025154
-37.11449443177285,-58.440395773263816,-86.48891527855771,-42.66031593079216,-20.243814441331597,-29.968967023175964,107.59148859969108,139.5538462617128,173.06394353398247,157.1661338421426,-40.21587010556895,-109.16777369951004,-57.2736182600628,24.687515301141826,56.951853602035385,11.804655067802932,-59.64876584107004,-54.49303404929709,219.5928040079553
-57.48627189654608,-64.03618235115052,-149.39083611480507,-57.9226298189606,-136.20147820068863,-26.227086469577763,-40.61949993559198,183.6147278487616,109.476264870448,205.55548198184496,-98.44884707205073,-122.6169567237982,-143.2241929880072,20.50736950528649,-47.66073290402998,54.02911093547026,-62.17374081361473,-89.72760250106084,141.96444914424973
-83.98209503020293,-27.589528727851945,-174.1136917881973,-60.46011092170996,-170.73234149910232,-40.78291316607552,-60.782592071876735,166.07656501644382,70.96023605393248,130.15686615038595,-118.88549567406048,-116.8693468510555,-153.02065420122264,0.4189141674372929,-71.37359138079125,34.43936801146488,-54.19714830094596,-9.13723826481245,90.78273097606586
-54.50104765970438,34.558045707602126,-27.385562347586493,-11.311485756415848,-44.84823253889096,-53.94539291756985,31.85070402048829,124.84841574604252,130.21199931595868,81.54333051513177,-8.544982910988443,-112.46537505999096,-57.77560038244894,-35.24509633151833,-17.955360293950275,-11.717877120388184,23.29470392807794,81.61506261008033,107.96996299376544
34.61285874925474,33.85345098050086,144.12476433684043,-0.5532223435840651,107.35563361175926,-100.97750880936846,135.37645113494423,50.09311221508827,166.97301705520152,56.5411043047623,109.07595860413848,-113.09823176201334,43.05490569344638,-126.44673860172492,50.60527668118505,-62.98206269736998,111.753239139736,85.48654332910483,107.90172548690369
124.27089986980675,2.8897035398508706,246.96597718812447,-31.446325830203836,163.0295652859001,-167.5966897708463,216.15297184337848,-25.9533615321758,164.17760623654908,16.173818360461095,188.74685725558712,-115.40961883021356,96.12337505157602,-166.20243769662636,46.62131673410985,-105.844947611284,157.36089855360228,30.085563304036523,115.4940476511857
185.0576439046474,-22.601834015790093,308.40152772627874,-32.61237503608011,191.18728461587105,-167.15369503598345,218.2262358596903,-45.55308922039892,143.76619160663182,18.2235653119704,277.77109192619776,-120.84261334917484,140.6154529134413,-115.57066714382574,-15.060387457439155,-76.7281239202664,141.09381528147276,12.58656234065718,124.82167593369712
163.53876152190375,-35.71353656782891,300.09137108297847,-47.56567092794279,218.7338446831861,-143.76288789750208,173.94349110916232,-42.15206548867093,109.48679797464224,6.878961953453767,252.6944524494093,-117.98981276527806,168.42589113904955,-111.47700183286732,-0.1482213632304315,-58.43374898791365,88.00757896770163,23.51165228643708,16.59706162665132
126.08447008894424,-25.39249097436362,258.5963072554439,-58.696412117012734,215.00675335425203,-175.53501654035102,158.43683153084172,-61.3242548461098,111.88524433270445,-46.922775476178536,158.54008146424923,-127.3213317123545,163.74213844924003,-150.63782884936467,96.319392601578,-107.3103752200794,138.982468087773,23.028912614447396,-87.9302974080369
155.7526208102543,-7.198442180475436,228.80793925466196,19.103529791160376,166.13238303628822,-162.46854794773657,88.53587255813248,-96.4368134354735,98.79173466252897,-81.97832597654963,167.4833341754852,-99.85055246963653,142.5596905606733,-117.75410695134605,103.4594930598539,-80.97628659942977,224.29983419459333,-40.37200701992239,-97.04951553714427
184.23439527579416,9.39289573194974,218.4753634027873,108.30070824192435,58.10675173385338,-48.475891165450655,-21.14217604490544,-99.87709318611869,53.769510586792606,-68.25094857026512,184.21232633345343,-16.730033647339305,109.99906761703711,-4.886303317979906,43.49546684311085,39.26645405994061,211.3188250877752,-133.80687779618015,-69.73616970103453
144.10725522038516,-10.870315143852975,185.3830037113413,69.61933051873187,10.88567759934634,43.67011215679017,6.155118855031822,-60.59063792910733,66.43178176374408,0.0328751705693602,118.82112998364738,-5.999609944162926,88.62831023325155,57.02851579720485,101.00084654012312,88.1106503413488,171.18823068827467,-169.62948738116322,22.39582272410813
91.4678631032984,-16.932121198567724,145.13790874354788,24.62908716087437,83.86796485962452,39.5884007319868,144.39421626354616,-22.89251582654546,119.54299807133532,44.48319581592056,84.4356026842018,-28.281497506632025,114.66902610547612,13.906664565332424,222.32588062343896,37.89306287809656,166.3697591161066,-157.37005851978773,84.47282840289226
129.33372139640625,48.420281507116464,175.59141974276366,100.48202081723204,120.023012022961,56.45767691944228,208.9077321992338,23.782920602931565,134.861524193875,20.6628852060828,140.81625233657402,24.881015449119094,148.43493937383872,34.55439240087196,232.6308710902209,20.511698934188693,231.42069631796093,-111.3436340468638,63.930597988511614
248.70806440139395,79.94810034490189,241.13738317648293,185.77475695345848,97.610703187099,164.0044976029464,132.13943452814303,74.82353875115531,79.98736055836703,16.95957123152142,244.7457768392152,78.46305846137645,142.799014898875,137.3968362825481,130.99301456882904,85.17864583770742,309.21571919629,-47.22984083166139,64.11007893541361
318.10977956022504,52.4899414489162,276.6218482363857,176.84817402266162,84.41398583901913,212.6911475531368,56.971151680382974,54.049885620909386,-14.268399322249415,8.34468069399157,303.2764531110162,86.7822237680275,96.89469299051436,142.63419577569246,50.84655149516095,107.78741971249974,279.73576068925564,1.985106266190764,54.117165684002586
289.0271309871622,49.81520885261766,264.4265786285646,110.689743772192,19.824135882938133,147.95910602937357,72.87954200953392,-8.34531067535954,-76.61382506618425,-32.34776059343135,248.34503786409,75.19352877647947,38.871821680558,58.99813512546467,68.14457087650831,27.764776274516517,214.2737111177832,10.0768686942535,-11.724692640350138
247.09415472810636,36.3473291768926,203.7644682019032,71.06211274143443,-78.05191728062205,90.38787085157922,11.386059675630031,-12.322108510583956,-65.42056548026585,-24.27040361975599,166.35120256755334,53.67736207978495,-6.153566610035272,13.816411803596406,73.0928525688736,-19.052279287882868,197.97899261774543,-57.11469000064873,-68.39521013350621
206.803564388351,8.94101032446222,121.77736520325703,70.20076952411009,-136.4662453021045,102.65487682944052,-137.30112757069497,22.003831911277224,-6.085354291687637,-6.088652490311223,122.67095638113236,48.2081782110074,-48.582932999691565,25.09131351961881,-23.96552762156021,2.569803822831717,158.5812926099162,-127.75896623416234,-76.73673125613672
152.8428731427664,11.54500347644775,47.438501460641575,87.82348565195747,-146.5714051661945,131.5289014447993,-168.85247456962293,25.28446934442386,27.55282727103369,-13.198778503230448,80.25438514732475,65.23487801982643,-78.14303689027264,30.27177441257074,-66.76522305344628,4.490083379459686,46.8734771915985,-109.06090620870556,-82.7156903402775
91.46057591618693,-8.982468545248105,-21.187957354601124,60.0619360136081,-135.54565282706238,77.83024856462633,-97.45208993928604,-19.17760358046482,10.48963306496021,-20.16516011237189,46.05448439560144,63.717062479088895,-115.1196020887936,-18.320169985095166,6.014407701179936,-27.035218073264566,-87.46347969042328,-94.25127880927408,-121.92583717035082
-3.150931443977274,-28.80241355809024,-91.50200275618376,-15.998321218205056,-187.43879677922263,-34.34594951526562,-99.54579899351438,-78.66553155246568,-4.881272497118142,-42.11838298988966,-10.08886670605617,35.101273160124535,-170.38721692792527,-101.1226460858638,33.92304338070607,-83.39905092321206,-146.09707696280591,-164.0756959219103,-166.16828425136706
-92.86774577776356,-10.00237791933662,-165.43121633969315,-22.694585635251965,-256.5304529248626,-103.47639385497058,-176.92695734035183,-117.69732544826626,-5.797698231462122,-77.31283800909817,-107.86436565182784,16.583914653268508,-204.44448403349392,-134.571638568824,-22.807972429319918,-112.6437892851996,-150.1347097598116,-234.26879647436525,-167.24736593771368
-162.40901630429454,11.687386333294937,-216.96398557988888,11.656328875325912,-227.51832713078048,-118.48850768263446,-194.9314578864169,-141.0295261834549,-10.383610405517956,-97.4500119344562,-135.84400683334033,24.298091780267374,-206.7553866583531,-112.4812570824593,-84.41300155814798,-98.036529997702,-209.53217544548627,-218.38180394521055,-143.88137205399102
-203.7651853805912,-1.3650691914171609,-210.6497691874457,-36.183868199333325,-160.381248041754,-112.74176228769304,-159.15891315336546,-136.94321526905583,-8.493721329959397,-93.43555046113715,-77.59912155355295,10.54896093381465,-160.94317443641495,-121.045412858347,-69.74888942550315,-106.4903415046058,-290.02879163387024,-131.97888669336103,-150.56753427429626
-112.08682302909028,-54.331966574758944,-136.10842621672697,-77.34586418195812,-90.37519660749936,-79.4922873857424,-78.00861810540933,-75.89455627057788,4.529341902919482,-44.66129300721357,-39.68916092156276,-42.10825196677076,-72.93806428048863,-109.37167014665438,36.10389475081524,-92.71900131107066,-260.5572249587926,-73.41087006468317,-128.36702900342362
12.113474763430457,-54.27352645520964,-58.056776508947294,7.749066950372132,-39.1717706288105,-15.697220094974222,5.199166550040372,26.40766294820104,24.477324232367515,49.67383814563273,-65.57152647233306,-17.00983638166181,-27.039734235550352,0.6150248437215875,75.21171445604179,8.032223622899945,-142.77182741263178,-110.05603212221408,-90.03954861306742
-69.78667176519991,-22.0557828098096,-140.5068442163171,46.16663700706373,-73.67509315408837,2.536205296541717,-67.81543779140993,56.34874692843382,8.490992145222197,84.33286005678937,-154.77665212483177,45.420018354239815,-87.55340442538136,89.68349669716592,-66.48219085167592,98.2357801139082,-145.76706846643825,-191.12473860313384,-138.36922645852607
-219.47864760566955,-43.79302513522535,-261.54725355408937,-68.00476477865486,-118.047005005129,-67.77665806600831,-164.96541858360095,-29.450345384525644,-46.52537111382528,39.754407671890576,-203.2067035413668,-6.236096636264781,-151.36952709022356,28.850810079609097,-190.93638779427764,52.55418958885987,-265.30690917979706,-222.6086753604494,-216.492733529829
-219.72385046476745,-70.48995880295763,-178.96697878058762,-200.18014330713385,-118.8065733061784,-154.50975430595233,-145.55904569416447,-81.4496512212097,-70.7311458085817,-20.381964985376865,-134.45081088977943,-89.61504259136474,-118.01749163442068,-100.75403452722044,-158.6348992967256,-58.02429462021721,-294.8226235399623,-191.45451818450127,-254.82345966568792
-159.71659093777475,-100.25424841422316,-76.27702953080073,-264.6940182918286,-73.92112315504279,-173.98243246665723,-114.36638526144772,-69.38400559685165,-49.32165890823561,-41.79189297144612,-99.34860162982568,-122.90995198199585,-68.5669297393901,-95.9305064657166,-154.0393640581098,-58.9083523690657,-212.22349877096144,-139.57322886639778,-224.81492234679385
-130.48620475109675,-128.99585552889567,-88.02401192161106,-247.7369557276162,3.4034104177114384,-114.68521515592032,-88.34121087281395,-61.94758993956279,8.19019246327475,14.426788914913274,-169.44967077187343,-108.897444363982,-70.81045170944586,31.91826546796686,-245.6128229001892,29.854534434307727,-128.83221235513457,-91.44053060248784,-143.63600497237636
-140.88515647914815,-103.03918477298566,-106.314714963304,-203.94756490618715,19.38541282417721,-46.20446507196733,-87.06440218461346,-55.06556200546382,71.00798397482372,-1.2221558348447468,-212.77476888387935,-62.270291840013336,-96.3770130983107,74.31815093390315,-290.1759096763424,59.56283339019557,-119.51580769470398,-42.2092591622751,-103.832022747587
-130.89380625018092,-62.544264866310726,-94.71949836995594,-165.52271034172685,-8.56992959523313,-61.39470844378089,-94.5147433914935,-104.6705298081744,61.75280407812512,-143.52007414159166,-142.5633383792165,-42.53362213981882,-90.33160383420596,13.005777880849486,-211.41122871212437,-0.1776188735843585,-113.77819235300647,33.48267119141918,-87.85195812672522
-90.65468627633716,-39.69626363841167,-35.02114430895024,-152.10226411450498,-7.814314582314234,-120.31639620037716,-48.50671462646964,-159.64364833513997,-14.303091472526091,-199.335265493188,-49.42533864564979,-54.74232886638375,-61.5609035011158,-28.774212243988863,-109.86641083554557,-34.940835494459854,-39.64805360400496,113.11341873120374,-80.69173382886505
-76.21972290349696,-42.382554269886576,16.201073064370213,-158.10203607812548,40.016231319516805,-80.72273595793875,-32.25384891538512,-96.8252791116471,-36.78596282613571,-79.34115524814861,-38.9007645184511,-83.83789670933483,-46.68396656377548,2.527762431050238,-115.93755494513108,30.48963653924342,27.642558302166343,157.55526099189655,-31.374596214844605
-18.10988701621008,-80.92370496825595,30.6283316352507,-104.33390681376169,118.4389235452628,4.025483760588036,-38.35848567460544,-1.477530969149003,46.170247105915045,54.47365822036488,-25.04132945198724,-78.56740927116823,-8.644943725274237,49.79043888110395,-156.01865773802595,90.59606531618805,27.935197024816567,164.64580369482513,119.94881823526558
9.765024470529168,-88.06265657287263,21.634024343924825,-74.82523780895403,142.31962299751777,9.27014192211937,-4.408590345883583,25.3435002733342,90.6115592816042,46.67507128962374,11.04246273532166,-49.08048036745128,10.791711385082357,14.579706546949703,-140.59941131362584,55.3259743843648,-30.40720044459753,143.9921573376051,164.5417945982315
-51.02398020341671,-56.75118559031896,-24.32812969483724,-98.13277036005718,94.51837438634637,-22.24560489159636,-7.426900105223744,6.5968500219313615,15.454553691723737,-22.97001675099456,-6.113702672367548,-55.13216723497828,-44.62340814275039,-26.016401609341354,-92.12111985387904,3.4107633918732008,-92.95937625128616,113.26771881992,49.83900110249072
-47.80045484587578,-27.151225302936805,-18.4830811069443,-33.14426091238246,55.53464629326351,-13.61257157822048,-45.117792584480654,0.6194384729693695,-60.33086710582149,-1.5815893596601505,-0.5044210743594585,-25.32885094359033,-76.33233603341773,13.84692197587396,-36.72427217180168,20.497210559321715,-92.27090437338208,55.9774155388289,-29.077874930463047
-14.075225589727063,18.33109635808541,-6.906379939899932,64.92601155234736,33.4594741166067,60.16965574858983,-84.44250156468439,32.96258966091417,-89.85977167770085,59.98632023684454,9.617797366657584,30.670928642020478,-76.29436976981883,46.87044567082973,-67.28614753546617,74.63646857751316,-39.683655920366405,-18.529610663372395,-48.7857573685076
-33.93230455361963,45.93319028061036,-73.54248505189392,74.86241069461586,-23.45212503349237,109.51600926812344,-171.61590387514454,45.1183400754738,-99.38469091584363,37.77278530197032,-50.56204401707802,39.10936116507111,-115.1760489794814,32.876866723352585,-185.29965251123872,72.5527879036863,-20.893075678482276,-35.19186802406248,-77.60150842965923
-62.38627323444341,54.359194966289245,-97.6000346910822,54.3432285188596,-73.16811434164094,73.38696146342417,-218.95427993717848,18.7097202975916,-78.35985643026784,-25.32725654969436,-63.48390243114909,44.94775017797499,-111.93037590342436,6.471388497357926,-177.40622765952526,13.851920244168916,-35.932611839311825,-2.219904788641451,-141.99764695485894
-94.80166242448732,90.5478463327032,-66.96624613652723,73.32471827993687,-76.98301918410517,35.06554500731069,-160.36596823796606,-23.34482684648997,-35.910273029532696,-38.79884006546631,-10.871725413719382,84.36506371914794,-78.58420552588017,-6.6340653840975605,-62.17751403927684,-16.84194218666791,-11.23276077565137,-15.640049228034316,-195.0650617834197
-94.84251179930814,105.5322208174575,-40.6542601789291,74.92021075987176,-79.87667479724111,23.39649591351993,-156.39186583980643,-100.85513719586147,-58.72807723829962,-78.05486524117191,-4.808350791104569,90.75776382090056,-122.3201657919702,-9.94993876760259,-102.60329966889068,-31.881932056844345,5.904887971935987,-77.69825196698348,-205.15145272968343
-19.86245293308342,69.27143602818289,2.01510978011057,30.6377189459927,-102.7779206488693,22.060750040248852,-247.6200038994893,-167.65930883040954,-215.52430033061705,-159.53893490433595,-9.911580639535966,41.94348292751696,-177.6583267964779,-13.139556674369835,-229.6755850733008,-55.31404600821566,-0.0689811997530952,-90.0332179950286,-182.51860048566763
17.54613675485806,46.09753075282689,2.4993401444179697,6.491733572732614,-142.32965107619367,16.584463686621362,-280.11427392622267,-148.54023400076417,-319.6953428178505,-132.86395288688618,8.856531578010475,50.32365749895648,-189.07455837761265,-19.337859181553025,-249.51492251244235,-51.864299125656615,14.21226185224748,-56.14890797044236,-141.53815265313824
-32.49986371388882,44.44817530976759,-53.59885228588052,0.5560290055310342,-144.73782947674064,-6.707272375366489,-233.83208368524808,-100.46261385790294,-281.03995667189736,-76.18361851000093,-6.367083114338285,71.93079693020528,-187.9954885294124,-39.02631697000468,-201.8792364434485,-38.28515375208302,-32.307295377261866,-43.407818046648615,-165.858701072964
-42.5462323037697,29.26925857589306,-58.202031251434086,-20.527970954173465,-93.05101436627147,-8.720846054931815,-159.01772333688453,-107.54656576917895,-285.1991607339382,-102.6844695460542,-10.3459417873777,20.96626201458585,-144.1385469007347,-27.688230550498705,-134.89094473162442,-21.737685825816243,-85.00093770707541,-2.817906583260904,-177.21384142413658
-26.428608677118422,33.04217460655524,-19.1454575606358,-37.94917637046993,-57.96841820103582,-11.325278206619569,-70.34998483303151,-133.05880415275126,-299.1800081100776,-140.5513652387721,22.18005629242861,6.992918827037035,-73.36274428199059,-17.157661341289156,-88.77410319293452,-33.75776037700291,-53.25025227374874,44.608996708435946,-80.02936767654842
-54.017828619443016,55.254481271801296,-18.9557074435438,-37.871102767744375,-45.99298504149928,-62.213128521673504,-37.47698441524968,-186.54661532166872,-239.52941942474737,-220.97464574972463,-1.90253365428256,23.63396210477753,-62.09071203552725,-84.76791116188222,-90.42244793994873,-106.65916736739103,-57.94540650244972,20.8251622284391,-67.71167834964534
-61.89373705902405,55.29020655839169,-21.01997917676392,-11.5753457663219,-20.751734869663743,-117.9887274612253,-56.19356272719711,-264.3179894563375,-185.0906530118376,-266.856705210133,-30.628244721266707,21.068400945732577,-62.34308832475256,-154.34000198922638,-76.62398517438024,-143.15746357132213,-64.29165333628504,13.010786402134997,-139.76531674497042
-62.87722327192694,47.22625014571222,3.7551929579084335,26.727459519456456,42.0382632875047,-137.42968509922397,-19.298893018006417,-226.5616823573264,-122.84318457723325,-168.0927854788731,-8.848053474269447,28.85859949362869,3.889521357814554,-150.98092677687063,6.804971313354657,-105.31266972428242,-8.169925645485558,35.07739366082025,-89.98425940792497
-85.27373892887361,30.309770423563798,13.303112647652314,27.227527433561136,107.55059230813906,-89.09309373865881,56.18575149112496,-87.83984844040354,-42.15151911047775,-51.29033641057453,-8.796682451363608,1.513320292717796,55.32347584479806,-88.00408007840021,139.60281743519042,-61.25343229434181,-7.083682346771071,39.35397750891475,21.680068316716504
-46.71657718646306,10.919198390103723,41.78602264050716,17.431915688859576,118.33526853103514,22.99066020482503,72.37644323999166,42.9545203553001,20.52412283104346,27.521430752545072,16.42102231783441,-37.485963755619046,63.275898224579656,-4.557627796848105,192.34769615377576,-13.167576878071516,-6.652437726549758,73.59262617616753,97.30175928166597
59.07066488368576,33.85206398812721,126.56428554610736,83.73151141724824,119.07334187892796,95.22983976899478,75.80872286482136,155.44645838067828,54.71522772321912,130.09608343799567,102.63798730549658,-3.9567354390384906,118.4108770139151,54.4988996465246,145.54259216272976,45.06289013883068,77.62583462886435,138.49321513388796,137.11460062205458
135.48377056334195,46.51942435188592,178.4388714263266,157.47853363228788,133.39734420058338,124.65378045969604,112.90828022954491,206.38905252091348,63.6591888959834,193.99087837292151,191.36064518395264,59.04591433052144,178.57963329635956,97.04772917810988,210.43437766616304,92.65242360883656,133.46753197195508,172.5768233914526,122.78682945218615
140.99041291481308,4.875691299333248,146.2085272033539,142.97005247360116,93.36521435427936,176.5599685465261,115.83299002075428,161.81191916213618,102.12366015904249,122.17072897782757,230.8667012179696,57.03088984675512,152.96414383875802,141.87015461656006,361.58817632987314,132.40819533436195,97.86602037164523,99.00404908745315,101.570227313474
57.27762543526282,-11.703281098946814,62.157169500322446,70.28256016812938,-13.467331090045668,176.12079560433276,87.55900167248934,99.07051444442314,146.67316444184624,34.161334140862635,140.57876382071,11.24085160752357,79.1024587029762,136.08624583513588,328.6006425263956,129.82965199184838,15.95887000180114,8.791240444620463,136.33398729858126
-77.99971963109002,-26.810273014494246,-84.0718006494312,-38.52541352044177,-79.13845691876867,106.24926435251535,68.01322011891624,67.29924978925065,134.48535579992438,47.04886314964193,-26.93621865825818,0.3739039301470902,-13.352855044801217,50.788287586557495,150.87927963103277,60.33518961450303,-71.33885900491937,0.5689280935468262,221.20380852983416
-105.64124857295892,-71.71340843660694,-175.2044964096936,-82.84789171197744,-45.69302614616884,51.11633038769203,70.02272978908886,39.5339387365576,113.75287323892258,61.488757462492416,-64.26240159218209,9.97764037047629,-54.89985665553206,-0.7315647856167774,45.51149617292321,28.98089372257689,-110.82436440582688,-27.75024626390487,262.5321546753172
-33.84788957930471,-73.45674933212278,-111.6528859513801,-31.7379713913428,-16.962751915209157,43.00013377398971,73.18304685917653,32.473971444237925,75.75226886016829,25.53592499821779,18.238137938734805,9.950312933613894,-15.24292087705369,54.85140269557252,77.41231783422037,78.08108405923231,-87.19821405856183,-71.60106864229803,199.6212925175062
-20.78074047678288,-75.87933316162717,-92.2887575282247,-21.898258498723617,-35.511562191175585,55.62553323175264,49.89210032769249,38.43898302421131,19.6045107605109,11.50021544961444,-3.30107381971086,15.262989064943715,-35.38926638599219,108.61225975063832,168.58697821129817,82.90187904036031,-80.49799600813063,-117.03393378359816,120.47001437453828
-63.814279474565,-83.33714969114187,-162.63684385328722,-49.128966836334335,-61.31118969838569,5.821556374340688,26.372878699437397,-7.571834390971179,-9.351274362708546,9.72937018229516,-130.02854445226026,5.647875828110656,-98.59745781086104,43.81367569923226,117.81075213634462,1.779138500174824,-134.1052223182275,-175.05436369256742,64.19948031602244
-126.2424983189616,-47.82723248077938,-187.93807413298492,-78.28065359050004,-93.90014057327204,-87.76090184356704,-58.42070931055428,-97.52788688845072,-85.73289250583223,-75.78554684372524,-199.64410293071197,-37.01957697230547,-120.88604019935129,-87.44087562762668,-68.95197218399316,-93.29301423521385,-201.1662209335136,-158.78668077470658,19.81349100239733
-183.7176853861444,-20.168613561043667,-182.68578937361605,-93.50114375601476,-115.32995853562204,-101.78711420998198,-147.5848137114227,-127.48564841002404,-111.2789220638678,-152.3152935986421,-177.95973186128904,-74.33745806276094,-140.21101666036174,-106.63648147764891,-106.6261343064041,-107.76137158538504,-212.65669417969437,-96.18913853403608,15.764567301384387
-159.4337572751033,18.827477709810854,-147.21480482151023,-19.44912411661601,-132.05748344965065,-11.344147091869548,-92.428166639972,-64.12685442088977,-12.996967159851485,-78.5346628690786,-124.13967531117288,-63.70627339905968,-142.03535726306072,-12.07699367341072,39.40402445032313,-25.910393385380765,-136.9948075215407,-38.71703656110096,1.804028258375323
-92.1129402937134,51.8065536426877,-99.71752890554154,56.84376592792586,-120.32929835366171,70.82236281303516,-38.62846538694221,-12.867366736265785,-8.307722716626335,0.0898921615619155,-90.34343398693002,-12.32138348203363,-116.0063047144366,20.69117903493067,132.92694957249384,15.10628268974762,-67.33010381393007,-9.310752240222556,-36.29687974789631
-45.94142027392614,33.10176756681268,-48.81622770917851,45.59552957916852,-72.38212179040181,36.83682551352256,-81.7257638755602,-35.51605042681043,-64.08787269964883,-18.735772799804064,-47.31691153056792,39.50750662301999,-90.28063988645332,-37.289722913080574,72.46295928430155,-43.91177935953638,-72.92601438238347,10.606788167136786,-68.37171775257008
-12.524904680488785,36.65397908424696,-6.701258646123326,44.68271050234267,-68.20780286562866,-28.01428519109622,-153.45090124927356,-83.54834964874836,-80.26668332863808,-33.84288582532055,15.914794613927274,46.69491351853767,-90.763830798389,-87.35144174557226,-57.08664105290282,-95.21951551325932,-49.33121078845978,63.28677398713835,-115.94463216874524
-17.194845608281735,48.95737661770961,-9.63696288489516,47.00667695278164,-86.40072836778515,-23.79771126017865,-216.9281948081744,-74.61227270023632,-100.54243469244189,-29.94240084603808,42.895603872825845,5.696635002891188,-80.67878241776629,-68.69402238349235,-83.67016212508763,-82.49495419552507,5.403337320910491,30.626711966388424,-161.1972596523761
-34.366670102197766,6.710476218875035,26.16513086772197,-26.73763931895768,-90.25050065616398,-44.09405856971581,-188.6194453154801,-35.18714863503437,-72.84594361890682,-29.044526293731916,64.98192865846985,-29.059915744784696,-9.020084449142674,-57.2378249309657,59.04196593436527,-62.811042495412615,-17.553838599300775,-49.68049612440912,-208.35126908789317
5.2969745238094745,-54.72517288009391,57.66015239643853,-88.44850063383477,-76.05932791655356,-102.16899614158264,-120.03722609753098,-49.29804212455575,-83.72226205295895,-26.908826103352407,122.03781514934984,-28.508739927480462,56.17097740262234,-110.417763807099,169.1290214218888,-57.61405647556828,-55.36345219478353,-0.088677861578224,-236.5749115922516
57.9375350106866,-56.78817786516195,45.64497608332609,-62.861025128751805,-30.840879050154857,-76.57406248704771,-130.9850810443762,-75.5531144256092,-172.79165265333629,-63.5516258358647,158.5658788039708,-2.1720808149820003,81.68461711823873,-87.12460935079622,80.63555050244713,-48.19499292735826,-24.06539542801495,84.75906187764731,-199.3727945465693
62.92802578547016,25.28204735668801,72.1959119711632,13.04187238131028,-4.2963243927490256,0.2808194750599954,-142.5612654698396,-95.99133075972532,-213.32604922498908,-130.00959199078935,135.75575605251368,21.122540550939394,96.5668244639742,8.759112702571791,-48.24579235060723,-24.327160800076918,57.23810085680175,87.0723435538592,-170.42117000740092
40.468319752659234,54.59050319953397,55.69768866626326,34.17872327899277,16.714788923222294,25.64045326935258,-84.92563401118122,-120.29875192348312,-206.580770754862,-124.25612617749525,71.22063755882999,18.689702584503863,89.78629305004957,2.7231980623784224,-42.14018103781104,0.9777932161716548,104.54806706179534,43.54136544129774,-161.42664715859917
-5.474393375737254,-28.249120945761785,-18.16547645955093,-56.955342034791485,72.98101573705533,3.7894937318774935,-11.441116592267674,-72.09829604007409,-169.97343959497292,-17.702742912938067,31.463096695243497,-2.956826767618925,80.15579135608456,-46.29482263856615,29.529364608945347,-7.523935433829286,26.806199289235472,10.919458206888182,-99.99931929856844
-41.113626357854805,-79.70504786870751,-48.85834969828243,-123.39687314233504,130.79115373992116,-1.8820036944710952,84.96394057031563,25.65636069503931,-76.62352908434326,51.29940309845284,32.35837743574772,-11.083746046927304,89.60478019276933,-10.82022279525531,73.30071981031568,-1.499441438258155,-46.44532489876352,12.535838726911742,-7.598490445973026
-13.078608795147575,-61.23264453889727,-73.19021635195136,-91.08050137788504,130.8998953308323,13.640779890749329,140.6895272779293,49.68710761002523,-2.432809258295636,-10.85082837279712,5.989573459782902,27.843441736877512,79.18463648961516,36.61411588618334,55.84942853931456,11.37774022061611,37.85039177086803,-35.6816548904672,46.83684085384643
23.523622237636108,-46.88099433272624,-102.94497685277943,-61.85105276903231,90.21065702850711,-29.26783755465462,99.53767615837518,-16.063144896422944,-43.92561677195906,-106.62162448327456,-23.692451374202506,47.9359518726277,45.15248110691014,22.584441760877947,-2.5424069227690493,-28.27990734890324,131.28578146682568,-125.0811253178563,25.416595668097752
30.60306296088562,-42.54693806614508,-65.36690852027009,-62.53567497889279,88.24064418745336,-73.32873749501613,92.262471859134,-81.16979495637636,-123.94144128882223,-111.7372018079556,-30.92986374459089,14.02425352260095,41.27954036586447,-11.937855247547189,-9.30515625836986,-58.84216786643128,96.65419677887148,-130.73604049790694,-22.63052187207572
38.59214081461726,-6.976002250436177,-6.779955370396552,-27.16649989968929,78.68292357267532,-40.74122082921454,91.49668303964432,-72.38857942249913,-147.3294530142816,-86.84338052503855,-54.40700237154483,1.6156392020261976,51.40499313080586,-29.396805245630823,-14.881058385099276,-63.43850027662084,58.79778531020133,-101.06256784006364,-2.6763059004027667
44.17119450777453,21.431036985649293,-26.54138412237815,7.905356382876073,15.109955113594358,-22.640999846926555,21.137482594987496,-42.03496936565451,-152.28286523133238,-128.02923814984015,-85.15278071638895,2.3305680599442216,4.118897103864183,-17.03353643644418,-90.31474015919906,-55.6108828893493,83.86656690212607,-132.33164498144637,39.214234424326605
31.05398047358493,16.315727612058915,-88.25266341061665,-1.4451469185496455,-60.59735248236363,-7.550402176579604,-27.09935713098269,-67.28856935029324,-154.746915915311,-140.21812926571627,-85.58389050836588,0.0479245129334592,-84.85298324980656,18.608139715874483,-162.46776293109286,-26.882309779670056,70.45405362919722,-194.7242332716717,2.751764589665169
4.370276702598132,32.777954011495616,-89.77196710045455,4.846007606708904,-116.34957776628544,19.28390980307832,-54.94481218630269,-78.74300372463225,-146.09440900957142,-76.9360438647853,-37.09439257723709,21.39171939081541,-98.0079453761718,27.86579075695752,-180.36455853944253,-23.115007644612483,14.159263602789048,-204.79863704885696,-43.75867489801565
-19.204022971756757,32.860734907672146,-41.1167347264402,1.5698366566468254,-112.85525525036395,-18.02006972573473,-82.22072364855194,-24.09658688911624,-129.55167644098745,-11.18119326593167,1.3964842226932217,2.993211825065638,-43.27332896062781,-16.532426295237507,-111.3712997504289,-36.90563547202393,-27.18263589867322,-156.20139472031258,-52.394267998533934
-33.92004662818921,24.041310052519076,-49.74621468899355,11.466225631631165,-113.80357608252292,-21.754856334322145,-92.90188327534264,70.67900076710029,-102.43206802447688,46.40621203034894,-24.604398137837737,-19.21331097084864,-74.76199007321715,-26.338926119854506,-41.23699378247688,-0.3114548485520443,-51.66191348602828,-140.49710673463062,-59.84534589606325
-29.86443068009838,40.72452201259348,-97.15185708856252,69.16709095547573,-158.79770990780978,50.0886976001344,-111.67145636668182,155.0637543923348,-76.63079473064218,102.78392752763436,-79.72936593593951,45.571030447542576,-143.8017628305686,54.526007234767896,-84.61423118704296,72.08995305493477,-61.722087389294295,-145.70276792777622,-47.162637262991694
-24.64751461373389,28.88282100189404,-89.41369078589759,56.09679153194083,-156.60207527073928,60.730024277814735,-100.02734009223046,152.80240084114664,-61.29485945484012,137.2577235969244,-79.98655818741348,63.76659919634307,-113.62368435768828,72.68120810399077,-96.53969357512108,75.3215653606697,-71.58117640319509,-136.34530490856866,-52.93522058626444
-59.73812554836442,23.663555657620154,-91.84131979369316,1.3841027898273883,-143.91270170110033,5.975625004193491,-81.25700865001998,106.0693206500827,-51.94001219724716,92.12969259439166,-29.0536363345313,-8.233490123448338,-48.9317706335354,-34.8268617910227,15.166015994303724,-18.62917695662505,-94.26481400580188,-179.8509738042057,-128.0395328209679
-87.87730430642175,47.82246262916595,-106.98263595407468,0.842565011448597,-168.13998847282284,-9.10538646378498,-88.34929339465424,88.66665759486297,-36.81766509949697,14.775471179593456,-18.286706625010613,-40.16000561816366,-21.38950877422041,-79.05618506302756,113.43150381515746,-81.26406583017233,-104.55410521406232,-203.97558084878972,-191.9772127091066
-66.85702681022688,63.499081641728935,-60.84978246986363,35.162032663657286,-141.02564087376717,55.087793812790615,-68.72369877916194,115.24438812135476,-24.773312926054377,22.7682284030488,-36.48679699117597,-28.934613826810224,-13.663661471186195,6.089763525718973,114.6131984348248,-22.5918118905267,-92.4737214266294,-94.1745902050329,-140.664209321751
-51.77909468179922,70.09189520351526,-31.339503750624683,70.49664367934389,-68.67304755167987,119.3716708003962,-52.48098347394468,157.35048517255754,-6.31835447133385,46.72094370271522,-42.866155361663616,9.942806659629111,3.766340255100839,58.01054657124086,58.32343416615686,33.02810068880473,-90.56309003260526,41.13404067632712,-27.32183089498025
-44.41101932193504,71.06419840599547,-27.468550174328563,85.53850989841384,-23.59507399369401,97.0142223815698,-13.495747213966888,146.55801776172098,27.50940877857317,36.2649649974823,-29.404185571079587,62.58469026910211,25.82800521111717,11.522042689767868,42.25644941091181,1.5263863702228908,-107.709392553121,100.12147242043086,13.713664350969845
-18.941534135538618,67.70413100073667,-6.474065591261682,107.68054588007764,18.222120998944447,47.75410881329807,73.33141334016625,120.1444153772525,41.31571865399533,45.61242529112821,-22.303735218078653,73.53303592002558,26.86070669550601,-19.86722149876644,73.59119799107096,-4.694584238179036,-132.89772299340152,121.085229131733,-1.168714420206563
-30.050372491102408,64.59385876581608,-12.015027034184628,137.08563873610518,60.9655506116535,56.754395040142384,93.3164170211668,109.57486781410128,36.95782347883317,51.6028922671299,-61.8754139437558,51.893834681452894,30.06943077949114,33.06382437507219,62.71170500106865,42.496203936306514,-149.5178849974301,130.38127371388762,51.76040051229694
-44.862965034729584,75.21003853987118,-19.9387359974129,161.91798574430044,64.71651357317546,119.55525833098204,65.18617577734678,121.00700101067304,84.13030660792845,77.75037738815186,-78.38638832294721,55.52141175661029,35.181874639048594,114.45659524461944,3.323899926093809,96.45796794622312,-107.4986684411953,169.667458753892,145.93386384145356
-1.471813934043231,102.68644741225056,15.576364189056047,197.641384426227,68.86740857734729,167.92215903513477,90.33117089198512,175.98960438621836,192.2037440498204,129.48001045959614,-54.43007155996104,89.87319395415116,31.74731609363709,121.37958480630222,-40.50173109331016,128.8579145061132,-35.09843649518407,254.81805261635023,152.28931285823137
-5.414871398522421,100.9326860068168,32.45447023246442,156.374305853115,77.78181020246507,120.9922988786958,121.7049469975718,142.5207581341625,219.58867707663524,86.040987588429,-40.83797066509314,54.95766533090189,37.28455253595101,52.76738088742934,-1.4634519500423626,64.81094895970804,-33.88748697514183,272.4476613824062,108.9677527536135
-22.22683482010484,51.159416443002186,30.465154537694247,55.76592917522079,78.05725592357271,21.04898378167757,121.54191118639962,30.437958634339168,152.24982666238378,-24.57123461913321,8.752633562926842,-32.23460847200819,53.45764027041575,10.132587846112488,52.82119532929224,-9.366542711360736,-42.00315224869073,212.34044706401912,99.7149198000644
38.09965943247684,7.67828817778684,58.72306309417336,27.728654449090605,96.59584132180964,-23.05202751142028,112.39716919044383,-6.833220193816393,135.2598007017177,-46.765136126058245,47.235610210871286,-55.79866893220042,51.798339496416936,0.3681529379023808,-16.420087520702488,22.86858078234553,0.8315208754680223,174.49952653432044,93.04224871272363
49.29683672274095,-18.465112427347368,51.011660143604594,10.00534572138789,92.69252209734957,-26.43029947043978,42.30526323674421,-7.864224010740715,152.86943012645773,-10.596072186442054,-6.581166430535436,-62.879930749405226,3.0996166212240808,-24.064990346489004,-128.84827769392166,28.88094160084814,-2.424976754271266,126.92650869245772,55.94881099233551
48.19971008382068,-17.306312058588766,63.12316238426914,-0.7657514940971839,84.584483025126,-27.33306634642066,-10.556141689809552,-2.084882693912645,155.11519926314352,7.238724505027101,-19.003366177018226,-63.68838932653591,-21.88028899681624,-37.82047610639462,-135.27831207192338,-29.37216232851194,10.892510275244154,94.56138012258732,12.9025247144283
82.63701122620118,9.66138318048347,122.11541221771073,32.1656118537938,96.0362132973477,-61.48727299885459,80.16276062968583,9.563581358617563,211.25487079558656,21.175978815541946,56.96915083817214,-31.143529238668343,21.318112933674385,-44.50642919594135,-8.846572075138383,-46.80602387490004,109.62379656854516,109.46782176361832,21.278274938293983
44.62816142768238,-9.193919310227685,88.27632455184184,7.774391641279728,68.0383235412946,-125.95638272693496,132.17407327498424,-1.0426080914477405,280.194620787386,14.169425105524924,47.94535857335248,-48.19266885215206,31.887056916698874,-66.45412470865591,123.25329241114102,-38.84064629672468,142.1080144545057,74.11837353220791,42.37759815798513
4.364681728224233,-22.56638413692892,26.077539788257752,-35.41796237379176,11.462887801545882,-87.20738276068023,40.511476080852574,18.421694660869736,180.007365130438,6.192400448593017,-56.02506611194595,-70.26114227334314,-18.566431114951172,-46.36065053616528,63.72420661743509,-13.480728148470796,89.92037325680495,63.08917294732272,-6.263258356495465
28.945887346460232,34.70990041291422,28.496407629399062,-13.78676460686462,-9.933184163284103,20.609000402622296,-30.309257014335227,68.84496765033715,-23.959882000566907,16.20375301875941,-78.37035820756931,-27.0194883478979,-39.00361742222179,15.245119204205002,-77.53624066873586,14.74243958319474,121.8257057623391,140.68947712717318,-68.57757130124145
69.97737978891212,79.69763972936673,66.95794160912678,54.55843286988497,24.2284966826712,49.8962455332064,-67.0669168105145,76.14771386586011,-108.9873801271416,36.4687272097112,6.467546859600225,16.943647200547122,-23.42949366613033,47.42520675125839,-79.53719100341704,11.399834714107726,223.36716942196884,177.03409518289794,-120.25339056363116
123.74664031238122,68.00876682769757,149.61870064323247,99.76100884782392,66.64533890929476,36.59134525683949,-92.03093332751108,48.12173400671693,-100.20809449628052,69.25656637334572,73.52585542452032,22.636299842323226,4.688240700346568,79.1697400643786,-36.25675218817264,48.02589857745658,260.1325214864504,160.120695716225,-197.9503617987652
204.7214028158559,48.80683557987717,245.3551618343895,90.86514189936648,101.63422612313065,98.9068975715876,-58.46116605030311,81.51103776138882,-88.82066495541018,86.57505371587834,99.34434632904508,12.793147325214017,76.14252077251211,149.1147564010377,-62.033414554249006,130.0050986678848,293.0694715330143,159.43412958065773,-201.5345034426111
256.0567896139579,63.21939833964448,300.391675505566,98.34589742538252,126.67399827386406,194.22544275937736,-57.14520628296128,132.0362240698662,-94.1338128806755,104.74258178866904,136.52079883750503,40.00202569748209,123.52283764149804,179.6618972099479,-121.14809777162992,153.61711292491972,359.38263985137763,173.5390487132202,-107.53615953583142
217.40190939850947,86.52997160124322,284.07216573230954,117.50806975318768,105.26192825229371,147.66381238627648,-119.81808401940086,69.15278347313685,-122.79595464277033,75.63623658459372,154.11241653831644,83.75640242580366,109.98214508789508,123.1365768770007,-183.27338991885395,90.99729048292372,355.24978623829725,177.43925602879776,-59.866438716111766
144.1815399900427,96.48613451741844,222.52637990413837,105.94190069689613,67.26308039196508,37.50259490459378,-114.53053129523184,-36.58811144712259,-120.93185559284586,-33.99400717131028,111.5357357515072,68.57414136895667,114.44386858529812,69.79412513838095,-175.93548457163038,23.279417981782384,292.16972008103335,141.73566472989694,-81.92142420132143
121.14181180623088,91.84925368113429,199.15496317506583,91.79714771889262,40.58197774074171,32.32494842613106,-32.966361563089336,-62.92066148709842,-61.5228480060323,-69.91062863750615,59.33797473274893,30.443046381208838,109.67781275401744,84.89346982258056,-92.7154072476781,42.392862338410914,256.18861995626656,88.24313682005332,-87.11838762828826
128.57367652986116,40.95131787570009,180.74278026061432,50.82504871958712,-2.0077960381134963,29.826451447591545,-0.050471812554018,-49.65048777159911,21.55623597667259,-27.0625261998911,19.15378677851549,12.841312202760747,69.63252542003006,87.47581377319356,-44.31001635231842,84.38676880217828,240.76838402230044,46.481301896898366,-48.79595327602589
65.5077110683961,-34.10054794711747,83.13784305512249,-46.69973220907097,-52.80622926803973,-65.24949647459344,-17.425258611220514,-81.4175667027691,113.53293376542206,-42.804072695150616,-52.35465604719818,-15.527631185162042,28.46419275816483,-0.1270636455143771,-41.04052060154629,14.043705238540072,148.03196859237667,-23.234181926375555,-12.340133053580798
-34.03216250364979,-90.9426040374704,-34.10611303575003,-136.46420473590004,-88.64233924090574,-185.67860143704772,-27.74338405335758,-127.17813811273722,181.9760453816971,-71.52677656316678,-119.91840609261072,-58.02776292556814,-36.076329378900176,-117.83967633125133,-28.868330319674552,-93.42823545522891,-14.587076742316524,-119.18079505726833,-50.34984825549988
-93.04254786310923,-136.74361574198406,-92.89878757970465,-212.09028831113585,-131.62740249429942,-256.3527658295714,-12.3941928266473,-146.21837379646217,176.54235294180108,-59.73130457964294,-156.4409798097666,-115.82281506340304,-93.75829604327146,-135.5804824725102,-5.082341315647488,-93.13411801823456,-136.01645591940064,-199.97370437253468,-128.95394907188026
-125.4297920468755,-148.88576612566757,-95.64093954497731,-264.1227629854858,-137.41267929224188,-220.4806225070676,29.5089208377942,-123.87891013035036,133.7192241726471,-27.45879707378744,-169.15964595746482,-149.37213095972305,-99.66527749757068,-49.900194883005845,-5.166466681968301,-14.082744516633545,-159.40980117691274,-195.53942820030915,-118.12297670548706
-94.57123114385148,-129.76834325165214,-79.65408597200029,-226.68209242710347,-64.50354311641021,-123.02606116165984,29.46677617823854,-9.621914233637924,100.6039137622234,46.042048757804,-117.1172642072531,-101.95833656327424,-62.83840370662523,-13.03504425836963,-44.55120941303531,41.92002534323791,-90.17152902602388,-83.17871761064235,-14.626920256384103
-52.75514695425543,-117.60037474129052,-80.26642391294764,-182.13041173473533,-21.71187072169121,-106.1993501986228,-3.6296538610069495,83.40094042803334,70.10808188941438,87.44854063476643,-59.78955754157729,-77.31233448202217,-22.613677792426444,-51.29914206278456,-89.2551167800463,17.963231005127327,-47.47996050189863,-47.67036008516538,65.37224469854489
-66.2388645898419,-77.8394617393301,-71.82872586563326,-157.08551301538384,-43.92880133565537,-128.99265461739833,4.895966647964706,70.10393744087142,52.73515664334635,47.86079042750561,-39.238039024831934,-100.67691188862,-35.27247137889694,-57.589074707637685,-110.55536468146984,-14.5726288862124,-61.73197454161631,-89.80654150964057,77.10233290310165
-70.92540281441393,-18.600321067876976,-39.88455837239826,-81.76753679713859,-44.53995537498848,-73.29910796272424,50.31690359635826,103.73795019045166,72.53770767882095,72.70737905236656,-16.70281100275089,-67.10544158048023,-41.8648968035274,-22.972429989321316,-50.74822681463215,25.43420808029345,-30.244143838980143,-19.86043162401327,139.69404597929818
-46.69341129487211,10.823202077980564,4.7909679932407165,-7.990717172937074,23.13310729029128,7.639153973769299,141.2678560811819,179.63209096363028,139.59501949869474,181.6895996120529,1.2985956397572789,-29.40530601587464,18.09418139827727,-2.7101955952980976,48.50186784969725,44.9698358895814,15.531792259211544,73.72658296624287,282.47161458227924
-38.59286587556903,27.45591191085782,26.46113027210592,20.192497274944337,106.2374653074582,27.30224643984865,173.95733123582215,152.96654728976048,162.0783912634568,208.56642171457733,28.433297222784837,-12.508093054675344,52.68828781947183,-30.413104045705325,30.212341995717345,-8.24303103859701,32.48388761809014,84.74769264024079,307.9851185671535
-49.7907613059479,23.11067707108529,3.5571249429597978,26.10093126919176,137.7218602363881,10.031960108295712,93.17010708108548,112.17514857113152,122.16944879727596,172.6586620875059,42.983874307656215,30.99237440512316,36.99593809014618,-48.05530750191768,-10.84349784053118,-39.48835558584403,60.40530340452604,86.58832047991429,246.77009597789225
-7.746824793390983,36.20538111438333,40.75191595479819,80.13077179370808,177.6117115450515,44.49118081835501,124.25121645948576,135.62659758114071,159.0808324019636,142.3184798743078,63.978363673714334,72.35371467360783,80.03960414694323,-17.060203869035245,84.75468082775839,-10.073867145515552,116.94742890948396,134.28508986364906,239.8427235375852
58.45129669952158,107.70997488827288,142.19707331651722,159.91557698955398,247.3035388429312,88.78398908879655,245.82471630376205,88.60445725571071,184.45842482217955,43.05062544054993,122.5215393981643,78.11179739614309,165.30078911154268,-48.68144598221027,163.79838048005314,0.291018443049976,182.29285592885643,185.4542751515116,206.3164630467991
96.51063675165992,131.7313404618875,201.562979361652,146.33108268016903,272.5280473755528,77.73808127348381,252.5088239158719,-0.0054898416088264,85.18307825498208,-42.76242662801875,159.70376464963033,31.84439875728203,166.0033734165374,-111.8413835164154,101.27250877719456,-43.978513590691065,212.61372602282628,154.42119148112158,176.65760823333704
149.9670839712193,79.39464660724683,220.52796210267545,90.64205654188932,242.05538834978583,78.67136915009715,210.8059364280104,-12.71624494318447,28.496082070690488,-22.85281277908163,183.2458667262411,-7.924654368875965,132.03801791881762,-80.57927224660514,28.415273184202743,-66.01079374942229,194.08383982704427,79.50535121573847,206.02242748986285
209.01199780031905,47.228446541808026,258.123397480013,93.5439851490124,223.345817734006,96.7060588972322,244.93079771763308,-27.583395045536008,134.51004777627506,-28.5012740373531,219.3189404400149,21.45982882948965,158.92548812348335,-41.46905468346586,97.31436344782789,-56.93635701974797,200.33427281701296,71.33783556667993,204.43562502389284
248.6366891632,52.13503280654089,310.91399930782296,116.9519909258602,218.1527281709738,58.384617624832536,304.7779798551858,-90.61527996486568,238.79756569213063,-113.05671038826924,248.4733033758378,74.97720403537016,170.00751612454567,-83.67098033028901,236.1471282803708,-92.29555021569736,226.8649513660676,101.77433439033544,126.65767423557692
209.0070477784142,31.63518707313205,256.07341946309583,66.62980243079112,128.45098125595325,-54.97914649104189,193.7393127613049,-162.48524087876967,118.65984448345024,-166.99555412499953,208.1259422044697,72.14504115239885,93.77022928061012,-164.86297432739684,165.82957358613623,-162.65020600675416,141.79054474289438,40.88035816415229,3.639693939703638
116.781632303281,-18.62321741826896,112.31807474926693,-20.35261208110466,23.779591014050045,-140.49081836852437,-30.68707923232987,-180.87796486268917,-56.82621873764331,-121.65603780221404,90.05793066213367,6.402578453086751,6.236888553618068,-200.6607265956821,-98.5087188773359,-172.85271513103072,53.14618128886716,-73.15306423059857,-35.767683969373486
94.18635459499076,-39.08340982072734,54.28879260360838,-29.800058360773043,20.062796436656885,-87.87206296682501,-74.29576585971044,-103.01006919241728,-40.39796046108146,-39.470433994861565,22.61137719887236,-23.357240512491977,-0.5767621192946508,-117.13359330946456,-184.44873628974895,-96.90529800672512,66.9308691425406,-57.61432641691149,28.20416151525971
115.65238065374992,-46.44739165457494,76.01811143734689,-15.273335953669775,75.08800825102774,12.613069922736925,33.874192579571584,-27.52694498401431,-0.1605321703792998,-9.659578440159745,81.62668140662973,2.0119345547896925,40.55371282841512,-23.412822275415717,-10.139856774796128,-42.21329998656618,49.04718621741756,62.39811410268058,84.65915843920814
142.3433149695816,-62.96847657201275,92.11959258602022,-12.223038349032349,144.413178251752,12.79992921803212,115.34687310518709,-3.0122438230687614,-45.77633916341179,-23.85431184722428,172.61029406784863,13.701184152855156,110.19063957009963,-54.94677903164777,154.1181505253931,-74.75313979261958,39.9034433288736,122.5860320817615,161.75236462347922
149.80430586332346,-71.85960944702511,81.60466529795818,6.800012034377676,148.0587089884885,-55.00491351111401,133.04650402082902,-17.240045769318627,-46.73227681260408,-35.30776036069972,156.17652975097158,6.134853852896437,171.0226646524898,-92.40840334534656,146.78884562823498,-91.22378308381232,43.1483319874222,63.17338529400183,225.13613570408333
64.19034720814253,-109.68837643702972,1.92212716078948,-48.79161054319924,43.284511066866784,-111.63970414472196,53.06713433325888,-106.19534109164027,-10.13265744319894,-68.04931278954247,26.288704552258665,-30.143139878122778,118.9454068070174,-69.62502268431928,39.956428029584345,-49.32827368697612,-53.41454244177156,-102.59466254989874,161.60686032994013
-89.77592600423615,-160.12028695467325,-129.1436236414742,-162.9866943929654,-67.49346012698045,-141.03796905952046,-52.7638863009534,-167.216635612227,34.563382591679144,-93.12116901173766,-126.16633225956072,-57.60139790416889,18.175569757418355,-70.04904375394635,-7.03809753638538,-42.889799421308055,-190.62906203725092,-220.15312967341185,84.7355221424017
-163.4435929518301,-140.04864366364524,-181.6366987163379,-156.77371500267154,-85.27643334264746,-96.9628068448514,-35.025726387099944,-101.52238020241916,89.18063666340612,-24.139983477441767,-147.91675281130924,-25.636993478221157,-21.081742201977185,-39.416070285086185,52.62344550322999,-35.80397025983315,-233.97827719040347,-169.24902000207126,113.8963988140792
-104.08981234612467,-63.15697569697178,-141.27988440409538,-40.31332025947073,-44.66606524028919,-5.565415089624594,9.762688610138683,7.114034523076144,62.27468255916274,59.69142230209399,-35.174076715517934,-14.027079728847514,-2.199969207975248,34.44290265993648,83.3876136695671,12.359182134637525,-122.91773606134409,-106.47190248150322,142.48939843185124
-42.14297004735217,-27.67962851407053,-95.9048994988552,10.384939821236706,-27.44520967726484,66.81869203046956,-14.25633618756589,96.13221383598244,18.456583027774663,119.65654482803772,-3.123581483873365,-20.111945330370595,32.26170365656325,74.30225877712817,20.305442246434456,47.90136252313911,-38.530025699562906,-121.47453748649278,147.96424814788162
-38.55132792540749,-44.094485997580406,-66.47186634433581,-16.497709539790698,-18.2474033282006,110.79694218489108,29.60814787355829,151.37653915110215,58.25432407081092,166.61321065065366,-42.44945353434274,-2.054720215935121,39.08721175638426,88.00568566878415,9.792183877285328,70.22615057623302,-106.36780413738028,-146.2137472623389,180.4958327019746
-97.66157729326892,-59.15473624120244,-96.02889355079468,-72.88241347541513,-41.72764145076556,55.58018711067064,75.52568606541121,109.44326577208264,63.06268429813258,111.51231769864822,-91.09694312146388,-45.86354914196544,2.8095687925478856,39.44819251620002,100.30177638546552,30.160386169462896,-201.1150933944456,-192.4619571784864,129.21836238933537
-193.15474537473668,-62.082013042531685,-151.590144050731,-132.50593897893208,-110.71512841491824,-53.47573644352008,18.34795267487745,25.77579780920147,37.46603740110116,39.40363084410375,-161.0255690347227,-89.4173074586607,-43.47789168700086,-34.53482861357851,139.2300209414797,-21.338631967227823,-249.29226038257508,-221.7925830938888,0.998887543518698
-212.5462911167536,-58.49141331477632,-146.6913828484246,-141.95446591593333,-114.48764908317744,-83.65143574381858,-19.449311488375223,-7.70953610160474,56.810808323591104,-3.314687608509476,-139.65619137501096,-73.42548198188373,-30.2633502750052,-11.816162111726422,75.38863484615138,10.847700312333629,-249.82465260254077,-167.53115371622008,-73.4084726644587
-188.68205437429287,-55.46649488789726,-138.60055326831218,-136.05201278210623,-66.45637318273394,-86.19706661254648,-18.632487187850924,-86.55684253571235,38.89473726533155,-113.70634218854588,-95.88974785889133,-92.91588465517894,16.178332303336237,22.28457654602133,7.047377055612491,15.549279364788433,-241.87435322682845,-70.56144129486853,-85.69663545673545
-178.83781149802658,-33.11200375253949,-133.0080150638826,-111.74964162929597,-10.025880566411391,-88.66684647162695,23.505632085584622,-195.52421276441623,5.2714006608770365,-193.32179778041257,-87.96949270573853,-67.10874617626145,46.26712844310577,-9.936118955313498,6.958916553256901,-24.97689120237611,-222.3988934290064,42.968335018860415,-87.8902795005093
-155.1692820913861,6.360361800163499,-103.68107171867116,-57.06752925182872,57.57639465757135,-73.75908522006644,76.17512306500181,-234.7877120541844,-41.634963764540544,-168.77934091054323,-39.530734954085226,6.143786080620263,47.8084861016534,-31.934778676199176,27.16575230861245,-26.461574614936843,-142.1520346211613,117.24020117021163,-119.61436674819058
-149.40921833519369,14.586399924159974,-115.1373577546908,-61.19750170865092,27.4839386937285,-93.114428431224,9.471161794098691,-225.19319343689943,-124.38415255270333,-127.22780194487824,-44.417437273349705,-12.17903240004514,-23.812663724893703,-31.799487573515872,-36.20240605504674,-16.91500676393122,-60.56254293256203,97.87973097280124,-155.5366951430871
-139.27171179105562,-3.639772793454806,-100.37211522391318,-88.97237019651314,-7.937700885967237,-101.35636338641952,-63.00717324795895,-162.3651110146631,-89.52086735546412,-84.17767366137286,-96.4324316658466,-45.10183920856403,-71.76466155781608,-23.820150954576896,-92.91290377481344,-16.665959646324822,-21.04059878401964,90.34782495915012,-127.32637682054934
-83.8840514326618,8.22341925508414,-4.171996064803422,-40.88966173895718,91.6720748884572,-63.03347683365417,21.968370416803296,-114.12478383203046,23.85646558585593,-53.139947811754425,-78.00100916233082,-20.777495283439592,0.6262719528006974,-14.764785459798198,-25.117219539503026,-22.605639244555206,37.34332137896567,146.1233353128756,-36.41396185628521
-25.543463018418983,47.99120938800643,29.12514833573753,30.254310603109182,139.1175638117724,-45.85362648255786,126.53972215223588,-129.10322361778455,22.88621006554452,-87.36673665803862,-33.015518057861016,6.468939746380408,83.27430871683502,-2.900661658577195,28.703222407813804,-31.75610761831597,113.09578421293716,183.0768687037646,27.1097983702456
14.334875324116371,65.19250808373197,3.4828977644248886,91.95284493067362,94.83018877878436,-15.28679766770726,99.20145708644064,-92.40928022594656,-27.02879370452299,-58.70739639877175,6.04921031142242,-0.2558647921482158,95.03540176917647,64.79340304908001,-29.869206289421918,38.21832929604256,156.36553876259887,194.42792531640177,85.25495380958303
46.05807365501299,100.21917239757416,44.928553413165154,204.34658395562377,121.15013525558857,75.95415133398329,63.90862088932705,45.28263736819566,16.614450025357705,120.50376563759256,75.34600304653554,9.663395015480775,88.87365654493163,156.72467305974752,-106.75786521137822,158.32935318628526,223.5050461209629,197.8116475018209,230.7137107298113
94.54581466608292,145.35566296514006,85.84004567625199,289.75745878070825,179.59836595734816,136.194259617046,144.4338801019483,175.18521211991597,70.56379344044687,224.04334197236855,131.57979587911652,79.87368523474169,100.52665361471776,187.36170467080856,-98.9673344023147,156.04884046269106,283.1461113254103,178.41669269832954,337.42095068025776
172.36636377141318,120.95075531289734,91.63733491997074,273.7330485212022,155.75318221390717,125.45650262957984,226.39080549155864,211.98235022702852,56.73758421664507,190.55566768582267,156.84973613473036,119.08184627332668,82.65202695829421,157.07924075826304,-13.550891138217237,90.09957599438862,239.13005787604024,149.2339683374139,316.8111870421777
163.2380933536441,91.20172959759805,86.0515562736598,245.86655986949864,55.04972614756623,79.79882493608972,159.16243263693164,183.588199161322,43.91017793726353,168.3810723464439,160.60852949867837,104.31769711342842,39.546533456527975,92.7763684659238,29.096135279060945,82.26593569591282,154.63470083687346,67.87116544226068,274.474409519732
72.52251091858139,109.56040271397409,65.23084646809377,241.21036615222476,-34.17960558369022,76.63428757377635,5.180347118045223,138.61326461503407,20.608117799487008,139.1042082757049,129.1984499829617,100.52721372903336,22.666065773171727,61.94734353762222,-27.078637507133607,76.91697951303739,66.09151267323108,-45.6366661009401,219.07912262897344
88.55932512567946,130.62451755914603,93.73668154781272,240.16533660703135,-81.43186653923843,154.424859454913,-61.1397045589068,128.11747822936758,-11.57358208583003,108.16405036744564,145.23207743092462,121.37184667461796,1.1898183857372997,101.09746020676644,-109.33045747165936,73.43977564900254,1.3594057495311491,-62.91984459333299,118.86979116200138
112.86176823041602,128.62996747777532,80.27143396545176,217.27550285959865,-129.380041915831,182.48404926704865,-74.31439993508651,133.39092989420112,-10.808140970253298,92.7676158397753,170.98874881660726,131.16841642098353,-45.19242169100343,108.72255551279922,-124.86416322000346,79.34019927593198,-7.112283510504618,-24.308430972815167,19.75692773839265
41.06642938572125,102.27318632399135,3.3184542852168657,148.54635178577857,-178.12344152297973,129.6681132733927,-92.09701995027824,97.5298440547749,-2.500656743395905,56.6763661232238,101.88022602670571,90.74057189913296,-74.88181142983436,65.53251812079023,-30.84469570908656,51.14516364704518,-17.217442630817406,-27.93785359346268,-42.162936063419394
19.02797598528468,63.78443512639248,11.815310418848616,68.98960205501864,-196.5819733212311,61.30179659024824,-72.98637021783914,24.84428996769851,10.764183090228489,-3.302479454907111,49.91088508863593,52.88997238424173,-74.09783951519115,31.788813625990606,58.975695341322144,-2.4975204730924414,-22.56679362424326,-86.0315421811963,-95.03087148095184
33.3487815141009,26.71279504735623,25.65110939931293,6.059632864457108,-202.96923710625543,-42.0005397936152,-104.4254849198161,-89.91942168386508,-12.966230917177008,-107.932647453244,60.10492508818284,37.53263226051138,-85.648392523306,-22.13401730078937,5.239319527493908,-76.09670398048496,-25.94531965940276,-185.2443186299273,-179.24255451639158
39.54472766328745,-4.245899385289624,-20.726258449411333,-25.70032776499872,-219.8799770187252,-123.4907943063321,-143.90774017678805,-188.4301700646228,-85.4726060676208,-169.42556490624867,42.2042926825504,1.0999174972032086,-124.7712225452087,-90.53886481565344,-51.38705827257255,-144.63596419104493,-73.57537750248972,-215.09818874019467,-245.68911501991388
12.838675773772174,-47.05071244535613,-58.91863008402811,-70.77810833135847,-219.37427196675333,-139.17690551690183,-89.13314549652596,-208.8921481417641,-76.68381781435883,-155.61062659479276,-8.533097983370512,-40.317599433701545,-126.12905545003974,-112.21568511384984,59.19756440217984,-143.4742655434307,-161.5820962408855,-161.10225032128218,-262.7258131177749
-105.8807562661932,-88.85238540450078,-97.88651517116315,-164.34421578012223,-214.02900120734157,-149.78683122805248,-63.82235569541604,-226.5256083979804,9.834543620905494,-183.82736418881137,-67.56373562448799,-79.41954625496271,-95.35739883920598,-91.4312319608651,173.1861681158937,-95.52064017075132,-245.19903104506463,-180.08176598581386,-285.0660379901237
-185.14837107571583,-91.2030964280434,-148.78451797603176,-209.67672210653217,-250.0699232454271,-164.3063719827473,-147.9291574320355,-284.142284925846,-12.101835815359973,-247.1722917647192,-109.31110323880894,-83.94492817479016,-118.8294976141623,-85.30753098347293,92.9265265426674,-86.97872454703221,-259.12361435128685,-273.5782451524786,-319.6578329340245
-126.00026618524608,-78.5737063643327,-162.54244087406337,-170.34959977588213,-284.0033689044964,-182.9989134351736,-243.323246790983,-313.74933749700426,-97.8171914944239,-274.7754660243324,-85.18678562368962,-51.33599864342492,-140.66888793242933,-95.7559512203781,-48.23402607406192,-115.43803940934022,-176.95074285017455,-276.98704104463906,-315.07495756193333
18.1170577110094,-56.54135239262901,-57.91833876386429,-69.15341619844394,-214.4024730527037,-156.31160091585778,-182.7687825280056,-229.0625761752653,-41.2788256592812,-197.79446654749088,29.61449637671714,-45.62160326961909,-32.49548396507171,-48.80853868349357,-4.678326645393797,-81.91339647210418,-8.802694251955305,-143.9574042634286,-246.88027396011705
106.76347095966108,-23.437223570757787,59.584232727627416,39.49908456113345,-86.87868640179866,-46.08108738675946,-57.220014966974325,-65.74447904002484,54.29982453163882,-36.22336990448354,135.64171593218768,-26.385865713621733,87.57025634621935,26.265487262605355,121.89853004061742,14.309815160233226,82.72302610459138,-50.951241621503605,-164.9625963220054
10.1932485724108,-40.63228750775055,12.363728345398428,2.8714093083475904,-61.13574014437783,-37.11095021636629,-125.83397716607072,-24.23189459739284,-25.49924184026849,15.250829550222742,50.550106482425,9.998561395289716,20.131539209772185,10.973033759347969,48.58045441870985,16.63772447396862,-37.59467890642373,-126.16693358770095,-132.93126520342452
-112.07534889934443,-55.642481797638645,-79.61834221242829,-75.72314448952838,-91.418010924917,-103.40331068182748,-219.80179868896823,-66.71187627136818,-135.5596697597227,-15.940352759606846,-103.29681126305282,14.356131426878624,-65.22240005027754,-30.68428380670512,-103.47206699702632,-50.12170096259759,-131.95456045366396,-153.4045279280772,-66.130098084091
-88.97892022488934,3.494215808923597,-75.99925722952842,-7.919904095288988,-18.41227148244313,-19.696765504810887,-75.40338995423139,46.70424915143966,-58.781221151370985,72.71911113028203,-77.4288309918118,29.722830427577723,32.47644138255748,20.5315658684096,-65.66727392648487,-21.145440188501432,-26.973427668268048,19.728005035893897,82.76894918978132
-29.841611614142465,43.45997913866909,-30.101855167480124,60.4039787797791,133.3876785032513,98.4782038919346,147.10174801614662,171.9119442977316,55.484847639107336,166.93304232440664,11.74243021866174,49.01659972738726,156.02428409916473,80.73667796348468,83.49034896377948,49.33434514891385,72.15918441396485,179.62822259544586,145.37086987219217
-3.784663953016504,23.14033527389079,12.676077070399606,52.10998850502282,225.46141694866583,142.94339730589968,219.8804787172837,153.2183597966504,47.15744738073415,150.25863993485453,22.81848416270027,30.942783524666687,198.6477240262294,75.10625439176978,172.60818475124367,85.57018808362531,51.757594455169546,193.61307211865204,111.18027324583738
21.67035090775326,-4.165830942208035,33.047118981725234,36.25653400939551,191.72098724545356,159.1501069891569,130.66995428669503,139.51562257768825,10.144097333475758,140.1690492422619,11.90203787267504,7.972547635767623,190.7349968058024,58.035936890043885,131.2074129477934,88.88899660814396,23.25918194860992,132.17604287212382,102.70011587471308
7.348592010781051,-20.181781102051158,6.329476560271329,-4.358975277330835,102.155011886923,132.7844702147892,18.090164466858024,122.11837405917554,28.34644948505164,99.23389633148903,-0.3347488822386082,-12.482597115633949,132.173130970777,55.22333207871495,44.68925075655852,51.67750168521101,8.566362353346442,71.3838416228029,78.19593657243963
-27.35556873972166,-27.048765932553,-37.29349604033538,-40.57871866853263,62.3234530885151,114.5532661208677,25.713730883663327,58.97532010866646,86.46171543060538,9.526963494895847,-31.53639527636463,-44.341017519397184,98.16811768434044,57.47561938302744,90.33961891839016,45.43875236011472,-15.830574441151434,35.30481109114229,-37.3133687161497
-26.282556341316926,-35.44596975147107,-36.53921139249285,-41.29495621945533,68.75243561020842,61.10809684060456,72.00437337876829,1.572998797169701,72.41836863061009,-6.765325211235319,-54.07371098281841,4.642760592658639,120.12520290507572,41.8681457666943,173.06190911180724,45.5490229127347,-26.720265128881792,-7.833486947332417,-211.0616937865572
-40.819229444084975,-33.23843845678658,-26.463719775951173,-44.61832430669367,22.641035495807444,-75.06209147716598,-18.05612462755478,-79.9796211146646,-76.37579051477613,-44.838969632617534,-68.13226942230912,91.35178028426988,82.43636633980637,-25.565303131284704,119.08452280625283,-31.029232425387395,-46.10333196561337,-49.26444906490468,-316.18584482125664
-73.20669406532056,-20.072404540926733,-53.8944437440308,-79.19987969127408,-72.14777807091092,-154.4750558793164,-155.60669184709997,-185.8867517139977,-191.4730009552113,-159.18688392754223,-123.31140305445678,60.18048318276608,-19.060914828627645,-99.18150504114308,4.963434301029736,-112.98126201102284,-50.99702309142457,-54.35335744117236,-349.37018078715573
-61.85329597023479,-56.37310500878022,-74.57526024083681,-130.8193677076278,-103.65792595175084,-162.48654003934374,-190.29898245188167,-241.25479502601263,-164.86827556182732,-190.8268137339,-172.70886202428878,9.089348365771713,-40.20635472873536,-92.25462000315382,-33.02558669042358,-122.7249833164202,-45.310757670507584,-42.28751895252781,-394.6623521816702
-82.06414863808111,-122.00926338580472,-95.84257426950018,-177.81052363133028,-119.11251615040288,-170.49147253168815,-196.25360364251875,-226.784613175142,-114.41703258588826,-167.5148063383664,-200.909999006666,-24.76748840854353,-60.66333101067928,-45.71845760211642,30.3093391573299,-73.52679709725898,-138.58488876486118,-83.25101201833493,-412.9333618040702
-197.8566354467252,-130.03704441665974,-182.1025464890246,-229.80946839225024,-254.81433677042608,-198.80732209897604,-271.41937212392634,-234.70614933477853,-118.81375282378586,-209.7797753213977,-265.0404077299933,-86.03860791097948,-183.1650335187228,-71.4650327156924,46.98064792667827,-59.58389421652356,-277.33031153245685,-179.9314114048369,-395.1101672935064
-267.6054456768741,-109.83850630649968,-272.2281030556124,-271.7924118064602,-398.89041457522507,-261.4849817342891,-380.3239574205932,-255.00204453613733,-165.4040517190068,-247.78986264603483,-276.541876584158,-70.79952890632559,-256.309520454802,-141.86026078862574,-90.91826543066644,-127.9247138410542,-301.52226063777147,-189.9900382858169,-340.5002936182525
-199.1977726357748,-88.55435647513426,-219.3468578169751,-234.63510630966428,-344.6563798276415,-256.29388982749447,-371.10147442284506,-178.05030426785447,-190.4316024300945,-166.71607400332806,-189.0271872589386,-39.46305300162207,-237.79636777616125,-154.8311508060155,-212.69496286595947,-143.96681749373587,-220.50237856390285,-81.60475031351193,-205.93379353097407
-105.1839026020047,-59.677260833103496,-106.9915642379844,-150.8515917433667,-188.13433880578495,-174.43484490396852,-220.222499666913,-65.74657331817114,-156.26887640357,-16.755835075834014,-115.61357709964444,-78.40058737736805,-180.7910688546688,-114.27796486164596,-166.21427935576858,-69.33201333570267,-118.59093383538084,5.150711825169042,-82.89655459645559
-36.396753719283765,-54.96495271144078,-53.03599081528731,-93.19422204673342,-89.4874573614653,-90.61540186761306,-125.18759655766974,25.25116566363479,-117.0928034119851,100.46299931274328,-45.46426104924759,-82.01653002767671,-82.45132776101009,-44.97211656043641,-78.31921407836133,-0.0311891899627818,-20.508527634966438,58.04524507083995,-11.22865927689326
46.81123404507403,-46.310658096415885,8.670261767006968,-20.834135850277956,-26.29350080543648,24.13768055116136,-138.53015099034116,148.27149690553645,-101.45085259164354,197.86199162599596,36.72029199287942,-24.523973921007645,-16.988903429920363,36.46581797576848,-122.92556395933708,65.7327003262719,36.19657669548326,119.96326485836438,88.0230241538836
50.95155807309352,-32.45604452332899,9.685169949009753,-2.773639345813692,-24.02033118348466,73.51362317257062,-171.0027160103371,219.86155264054045,-136.7492016026027,227.7093445793872,0.1436203456758555,-17.85021997883107,-62.982436294416566,49.48052403458816,-222.70592295341345,99.9413370537783,3.3938058902571826,115.55858605193971,136.6617885896053
-33.577148804855455,-25.919799885738044,-49.98785194004413,-46.47594661298973,-82.98574698429557,42.31520863296301,-180.09972176079015,217.51401620737343,-139.3919935196683,198.011922721332,-96.38926999071118,-52.99071798068671,-150.36480171142568,27.939845578318163,-204.16662602193415,87.07334792875498,-65.5612752339786,61.14176612193548,84.85692424277657
-64.1783811552032,-11.652097480705628,-52.74826958620433,-23.52410222916191,-100.56057005579416,81.64082942022388,-162.75013365491532,277.05414995292153,-26.39421430251957,246.9653434694433,-96.94756890885772,-54.77802528088272,-170.5896424030578,70.59868607275268,-97.56288586543523,91.07109548512987,-92.01170502807298,42.3279973942925,56.04994300671183
-43.8787634620322,-6.865966351129779,-31.513989340738803,-7.51596525035886,-75.88948191895626,156.2328889042533,-135.2411591395159,336.3123997095853,54.150773804053735,276.9378005648813,-29.27573618518417,-55.92304990911278,-129.4537272138669,116.03310661158298,-30.666893285000747,109.28796104794722,-59.24216449695996,48.637105856698135,92.39098002157549
16.183669643319902,13.08842785551374,26.24121935160211,20.067214643812992,-26.30369640435558,230.52287167462617,-54.11561755207303,321.60167897143623,111.3798406103005,230.059629553838,45.73924642578006,-33.01904519662071,-48.86791400309595,144.34674297485512,-5.294705716081409,155.1846522614289,32.67737453142944,98.97978040480554,158.05822554252046
118.54494004699336,49.5530530572638,115.36474785001376,147.61062580688107,118.2995795260314,345.75822460547664,119.09848686288449,330.339554893302,203.32377274783644,247.7665000250854,91.36309773749196,43.90277115220519,53.26699963294686,250.41888264559003,74.27506483650475,238.30848029452932,119.85317901561362,156.47441144848014,205.9459712594856
141.98704984648452,82.80928808933677,138.18745492455344,227.4887874264437,252.5266305464044,429.52675429093,282.1012011987579,314.9780872212317,141.99558848535895,233.765106866918,68.08949401058008,112.09519971041551,126.35263494788188,337.3181088039474,206.09332139637624,275.868149071871,122.96868108948924,106.2225748158745,165.57873708900553
54.53594239669332,92.18064983645274,62.26507714154282,175.44350762367617,200.1057223518363,385.8714609544344,250.29475125002156,196.11174128544445,29.66012623197897,98.4724669117875,3.634730552269192,113.15062370783936,118.45467477319968,261.689533567607,242.1948435619082,204.174239319618,53.85914481233417,-5.932350960832457,66.85211113845467
-0.3187860370424494,63.18031675874414,23.848596145762805,118.46942113024473,103.75619784961408,258.2041724023925,99.25268262758398,72.04562620251622,111.24383365226544,12.645694084178729,7.4781155589584944,87.94447725681088,81.07853123928582,186.6692840596788,144.5573015027508,116.34131138242192,30.3291117543913,-54.323315693768485,2.537121063043549
90.6231309214472,61.69909166146138,150.97379676702943,161.28561677287357,123.34026695414995,233.01124828271105,81.21214553787867,42.74314795642243,192.46636436398464,28.830295232811505,120.99275544783582,111.02822778495911,124.883246640087,240.0616030960649,110.13872875358598,153.28041962622493,138.90095904624008,-11.16926286819782,-3.475597038933542
219.7600398628546,58.5278397416522,275.89964155785225,193.244585046643,139.56961340465654,287.6522072076138,131.34440835521696,77.31696470423823,136.6167753218905,38.23288385222661,207.0755182939422,95.6802219447004,153.64948051887768,273.4434729628648,197.52354997170485,222.4871386034497,218.1035420381742,0.9255079114236218,4.808343773728038
231.8398929313824,25.271792103275192,274.49166789791246,133.66110804684973,58.65082553292715,221.79070775381356,91.87349161904596,89.95680328126781,101.7606303338294,24.18793266288128,184.759855485276,55.85156228065327,104.75140789427456,209.62824579528788,206.0993899765013,170.63041494977352,183.6556047878244,-103.24262607056544,-12.97802120532235
155.69917556662963,18.52021697234917,192.9364660643256,95.93495484918913,-22.608104839368924,68.87604742794831,-1.7933274658389982,48.82123492608244,84.07290739477727,2.5603071364256778,110.82888420796974,90.5254262145679,58.398158672369824,127.41176298711288,92.50027444867484,66.73771593249576,161.61448296612875,-211.04767578185087,-31.224723042968964
99.96493706584047,-15.288859323972348,90.87077432851116,61.35434545913632,-16.259213843362875,-58.80362105497122,-62.85926424902448,-55.02866495072292,-13.746386548534176,-60.52230677126115,22.050226890906103,78.37557337345973,30.787263842697293,66.90844780508807,-7.181853617690495,17.112664574703246,133.93886390651505,-235.4594775395183,-56.20562643157687
64.23009202124234,-80.82637572085366,32.57730765831519,-66.25582827912163,15.108151855007549,-131.40302495270788,-27.12929416314623,-145.09656803158623,-114.70637500589469,-108.2368244160908,-46.782004177979,-5.40207684164381,52.10740571321846,-4.513561135533401,-22.48337444649596,-3.9360627279598233,84.15210994392483,-188.4049824893637,-94.02967217099712
-14.920071433393955,-109.22681547997654,-35.14609347440708,-162.09038317673014,15.9600057100662,-126.17417622352336,9.946031915138796,-105.5142582812351,-94.48147814956673,-51.46065737387856,-112.7320233757518,-34.72755403314566,45.77770267737296,-53.72660019762277,17.05096548716705,-10.912338854797868,44.92453061890532,-130.28022537503705,-74.15531478371472
-63.00655827442319,-61.59494899705722,-79.44524896248639,-82.80619182016164,-0.1498654387696238,-69.70092931650939,-39.20894967226382,-1.9905201126074172,-68.8251505884417,37.53850755062035,-177.2823757285385,6.800473216092601,-29.56798078833832,-19.20218447854321,-5.492458787223343,18.719658880529387,43.03808091125829,-98.13218153421272,-14.127093093665165
-22.858415149554837,39.80339220169456,-61.653121134093645,42.286895813150494,-57.4992106280424,-18.46258044702521,-123.16223256251112,17.429564464579794,-212.6386467654287,14.234996177919648,-173.18351557835453,51.92761854239023,-104.11634933951466,42.118434317447495,-164.96681781698518,29.94069482576108,87.39086044317209,-60.69179102107398,-25.86759866556048
-29.53921799607973,76.41761394766412,-83.96821789556289,30.81391450840308,-119.23314416726268,2.5130825419892835,-203.3025567297333,-61.51456404184973,-349.13307954588294,-85.46906672670863,-180.20123115512052,31.207499885940592,-184.58340560888905,31.67575577902948,-310.0266167348055,3.8736963333389447,54.96396793741015,-34.83200990684467,-90.94430081953188
-96.68843764686692,39.69144635828849,-131.87108969012067,-36.08430462068514,-105.16177230377666,-7.7194280539715585,-166.94581027199314,-96.92705330981154,-240.70419128485756,-87.43067437291171,-209.0294364935862,2.161363286814133,-162.93915018016202,-39.65249109325625,-221.68700524114772,-39.49427902847692,-2.129193394981721,-25.59345163178219,-58.52732780053107
-95.70872005804014,13.506201916581064,-144.38348703510871,-35.03760024336248,-63.36394739661563,-41.16445384185859,-76.09443131192943,-66.039647254975,-92.78054616180208,-38.57180257897442,-167.08971959333684,19.121671870530932,-72.36655836299211,-77.24071030450473,-77.04474241642264,-86.96270419838235,15.800914950848505,-10.608600423563464,8.632718466290864
-76.46062978282956,6.746902145015533,-126.6132629067886,-17.500937654983307,-58.08319631871058,-40.93440761764394,-120.41891660052076,-68.32242788056054,-147.03189196874612,-36.26183148509045,-150.05473077436642,8.036181187000325,-89.97191532469208,-39.117072163881055,-124.19537250581614,-51.04062236458422,-3.658014699377382,17.83143986169394,-1.078899850828698
-83.56478532210306,-1.4682884932843177,-117.54627301075398,-25.475658764592684,-37.27999524440677,14.241489430862048,-114.4348730808548,-40.22431275786371,-190.9672936624573,-6.740837093822743,-145.3317560589697,4.1473517950431615,-90.94512479015994,28.86671598184692,-152.39769038258612,28.18677212017772,-50.840074149076365,72.83982903654999,15.370047791554608
-86.83242089787917,-8.16243804383383,-148.22991407107287,-41.53637598524799,10.147294261752329,23.2509694072134,1.467257153641135,-29.43569192382282,-93.30078102307644,-24.45478839793276,-124.77165920925133,23.03798891783161,-41.83257221395576,-0.3944664755592448,-87.89721567645857,2.386908314027678,-71.29872700646565,88.66923588430868,22.89147197407628
-142.6395795632071,-23.41189859433764,-183.94785831196955,-82.87763922557167,-14.311675851762184,-65.89589808023572,-36.33215336787135,-119.38542967388446,-15.947752529933128,-86.7554065395088,-183.8765636108966,-27.210671091541677,-76.19031641225918,-118.18472851758564,-97.37691018226128,-82.80930009772956,-113.70447655426617,21.38726213359554,-17.44395515031938
-177.35324618377527,-53.472046279355226,-188.02652088575613,-118.92131006675945,-79.37850938439283,-110.38276378396522,-121.72121452335338,-110.57741576661878,-3.438910742410157,-32.17674550810866,-209.6652387067433,-78.08209788361057,-114.99287704032092,-111.48059895779348,-106.75836743936937,-81.62292444921592,-140.3199155266765,-36.63161095768126,-10.89137735945572
-112.97526140591224,-54.56511336215842,-191.264159943117,-81.00671960539275,-96.70398085471057,-31.73805357318672,-66.45461713953803,0.916335789665446,-21.31278333207396,33.36930979507729,-167.1647812226046,-53.281122558064965,-98.83960708443304,-11.402790460065916,-58.03360394794659,-9.531177894200162,-127.34119828201604,-32.125078737625266,15.543610471734029
-63.45056000733113,-44.22064001439039,-179.76832192845794,-64.87681261565889,-93.15484118670786,-0.6104289711100285,15.165530823385266,25.14545682807957,-8.686517326672192,1.423617568299998,-103.9634034058657,-34.21445746717832,-51.93072757840724,-35.428345390212165,12.085068844596488,-6.944211272979931,-139.56036696524922,6.407115360412412,1.5240581867803766
-103.25175748364538,-52.01540020882948,-150.97567810652356,-135.97600362084694,-62.40385674003159,-80.42159365140681,26.11887701182469,-22.17390894532657,8.871680782525502,-36.445302948177776,-45.07807977361213,-61.22498936800473,-16.297023562197612,-141.0520699475724,34.14602294117111,-96.262909869002,-194.4407890682868,41.6060100077958,-75.62621364633559
-190.02746336097576,-58.80012628148173,-199.5776373751245,-190.4812254519639,-65.61047310306982,-157.91221834244888,-45.9211626733028,-108.34117878251423,-62.88344473977978,-75.2989105476733,-127.368054757745,-90.79584033104756,-76.34906292483623,-194.4703436840199,-72.47369390333913,-156.17143574702678,-255.3301703618864,18.40769325656482,-108.11488535740948
-209.85584671879815,-68.58960943452685,-242.2452826581632,-187.5331234731792,-126.73075371315102,-176.6467792003954,-64.77572295170877,-166.8227445638555,-72.06089737440558,-100.72506209618165,-184.72908585579376,-87.63131920950939,-137.4259251489712,-183.72914053281968,-152.83397535309703,-126.04601217874178,-267.4385462731959,-18.228946059739204,15.582248899039955
-144.0541129255202,-58.39908378032711,-194.037308622442,-138.93494403558552,-119.27875101215317,-158.04394573471404,44.32661920872538,-131.6177047205259,50.50169399614354,-65.70435438797779,-107.54729859992024,-59.940400407881086,-99.79231419719048,-163.83487491875917,-100.28497281475336,-122.19860541065648,-211.0452437187305,-27.255941223853096,149.77315257437132
-125.60660071736616,-56.85450620985633,-148.7870938011121,-160.28258353034823,-76.25329159539785,-198.07312754806173,112.8700856775819,-131.55918343398682,111.04319346440926,-80.72157160439357,-96.58944489112936,-106.4675402556596,-77.6359227755055,-213.53782654722016,-49.70687175336308,-188.64182853900292,-175.5761318159058,-71.52198746158419,156.073950117668
-136.65372934229396,-90.01049307659096,-100.52760825332491,-269.3078348313182,-86.84410989855195,-258.5312030336778,87.1215394495185,-169.8643220899351,48.79525303159372,-114.41150449348034,-62.71568339352034,-187.99958436135876,-107.7693554802997,-267.740627209573,-91.19471046028514,-196.4810067240499,-203.3510137397868,-92.975514602394,93.32408792587871
-57.85579470448497,-75.46441447577294,-38.8047228524355,-231.1241828230401,-97.84100364407406,-211.2465337195984,29.519026569845,-142.07677246371043,-31.19118334124225,-84.84045648552639,31.103593564003603,-145.14744777778975,-104.21319010027447,-211.98283582656416,-190.71303216204743,-154.23638906119226,-160.72136575870192,-11.319192386816583,94.05781389577967
42.581582872156005,-18.63926993497835,5.21878197407126,-73.92763674148054,-31.666386783220474,-147.28636617529511,32.39835369016871,-114.04991974696638,-11.688363009932408,-112.27179991425264,43.74180158814253,-85.4863323126224,-67.47516205434965,-140.3515453092943,-202.90351341705176,-132.85987968120068,-24.09773115917552,111.18909203496156,172.49241823082227
83.22793974331043,17.435967038429002,64.48121671106736,0.4531359076307948,60.32200573027748,-144.1260199344394,162.66656258369343,-101.55563012276352,119.76874070846466,-133.91636416674817,69.82661758874846,-85.20016444788799,-16.813739108191918,-165.30651987540247,-65.51987703658696,-133.69164487069472,65.4028003913624,187.4411450741017,220.5554318804948
103.97424718182822,21.11808890467452,137.58286685840537,4.041165997113795,147.21841093764704,-111.7577680006822,310.6452536470627,-30.14825835002555,228.035562663642,-39.01230305837628,148.7712044906473,-55.41437484084985,62.16675347682192,-166.40897083493292,88.77537678431776,-119.51663518780992,103.08424187217253,234.66510629716797,248.57741165744284
120.61879190974314,4.978546245834666,182.49380046202143,16.336807681527944,283.31923201183355,13.568169825564087,384.0416000546844,125.4469096264903,228.6511240062109,135.91791321909508,191.88365165977143,-72.44250465392493,144.43496539007975,-15.514665475263522,162.3463565292297,11.453212986318038,154.8818535288736,340.0200594057817,320.7230660447024
173.641082007541,31.95806047310348,240.5026684245653,97.62279288258088,394.65817605524654,221.86603960486272,429.7455218449612,335.3446507786072,230.3894118498672,313.5060164960861,224.2057515678989,-101.60414369961522,214.60119863511144,161.08419629614122,188.0530808971301,202.53297972594044,238.51466421988763,429.1016273017979,405.13137339052633
257.4358925163867,75.87717822881717,313.87679078763216,164.81123411437636,397.05531035038297,302.0852489159628,446.6720501941708,361.5010912446007,284.8509304740461,245.74800293613453,262.05860631866653,-12.708000377841469,229.29457486917408,154.02580529841566,193.3948588553625,197.6730227622066,318.38523807028764,320.87005543842344,391.0977127886164
228.91109004612665,42.95241924425401,252.0989550138239,82.10953288411706,247.47536825265107,118.910804751223,335.10820782227813,102.79449001603712,293.9126052869216,-24.007786270550625,203.59118524943693,36.96293887967379,144.67417000479963,-19.4135998449659,154.54525147186496,-15.029105176823997,283.1945798895107,95.40184767534802,263.4492790798031
132.13725800695337,-21.300831156089764,128.65115100039225,-7.6112067940760095,103.77972308824783,-5.288203092878187,185.53538933619004,-44.75851989587048,260.8674160984957,-97.383163832939,69.34658827235008,-21.171571390639944,94.76100751640683,-85.29391785407846,126.64661028000738,-72.35028228504343,193.988847096614,35.6422374002603,209.7498629978178
111.12540427798268,-29.34293491986472,132.4005875120544,17.034492464336946,149.78695965645002,81.30122252343526,164.6143507494339,44.61288627230002,218.30521549204363,-27.956824149224413,31.42387799890553,-0.6791277550727745,142.3747057788417,15.747111272847595,151.12121461654036,66.66784752808394,176.71770155808235,112.4306811738072,235.13033845771227
82.43804918859432,-10.58330757491678,138.79773382482486,8.32067869593725,156.52661275779994,100.18382395090936,179.26643047447857,48.4805703204819,152.89917542158238,-43.290947010730186,72.02586289622325,68.00756177942124,139.26564653294193,25.024145852536797,179.02703515422215,66.99733367287224,122.9133861975478,70.21608304491428,137.9053397080698
43.17434789925071,-42.047253128916005,71.90510336767711,-53.58353478002719,74.66371183488516,-0.3912023725794601,134.6414966185721,-31.961066341377126,74.52158568609678,-51.74395128170149,73.82092726334447,50.2188605843501,84.60546549507049,-45.494844866946735,186.79436763162,-26.14350970705672,13.19352861595919,-35.99146617322401,-21.277450941424256
50.7017024361955,-86.20753523844301,30.878514027913265,-65.02166486334454,64.27725621094504,-37.79817835143392,87.33261073769644,-34.44151540139187,18.670065923469423,-43.47197769192835,51.58622650958733,7.540132740992678,62.82369060596784,-23.11119950143024,167.1710101030456,-20.49104844927044,-41.26909407456354,-76.6753459440919,-38.65592855099684
14.7291305187615,-76.57453199036365,4.480583544396586,-63.567149624977766,55.12003404062789,1.7195421423046235,90.42953582758892,9.502313810260704,11.705292755307967,-39.54183176911943,34.35709564776188,10.057840049874615,59.95471300058048,41.671324822177766,131.80785073287782,23.06631279238617,-65.20313564097569,-97.40639766895644,47.62335979010022
9.384670329229106,-51.730034425746645,21.07271181781274,-58.79840375767592,69.92304134602487,28.959336526152317,133.9736665681801,46.07409763540726,7.791649454178742,2.0530986784563225,39.23798896401645,26.51477742068685,82.77858921423774,73.34358021264485,100.35492734606832,48.43449453086584,-44.51651364697033,-21.460141305386024,90.19177718934446
113.07299027935376,-22.929227557407494,127.14159644992412,-1.7071246449356623,152.2949311429348,26.187595886864862,179.6288384722039,26.45955597162924,-8.59683355954016,-11.720641648588344,111.35380345609514,26.0977532645074,141.53510235582038,47.1504564609125,99.90271152132036,41.07076922104667,55.1682319462332,134.93927898986902,63.51106268456049
200.9666341639316,0.8612684171027223,230.0719909626578,54.80376353642645,200.6307469990723,26.252965611738983,204.5564358775237,4.466713200066124,-29.47505114479116,-39.21391430121129,210.92042437994056,22.011082393223194,180.89293300716756,23.695379068380223,141.6852798241308,37.80090241294353,117.05690611844568,134.84184161409917,14.13497433456057
210.3737102204692,-12.786259141791634,213.0299341330457,62.8009518005396,162.94439767897703,72.02274676760457,197.07335003730628,80.52955692002458,-44.34938988435607,42.329550531656274,178.47712920338722,20.054697811160917,120.2853193868516,96.01359371655546,132.3861489027085,112.58194923259664,90.47516269883648,31.54622474598261,-10.963896748715529
138.32505852716412,15.23278787081277,102.70377064693577,73.25641615958979,92.22433293139372,137.160952671502,150.57315926708483,133.8048085894413,-36.12507039908331,106.94627876131416,41.66655251392909,11.7170380422117,34.56721513979032,160.51808859620323,7.914052886846768,171.65318239791088,65.2674753850609,52.12646788249112,-0.7168787966886391
51.93733128370023,100.23845698896524,88.54224197439612,101.4588978047462,81.21852570337546,146.3270599308994,82.70657611444692,89.91876738479007,-33.57983197833132,77.3746586223385,35.93307182896401,12.635557324458,36.16768872165014,96.43643803304136,-108.79013017496256,106.91090313358572,70.336954436806,129.8740621812708,14.201889777452756
91.59284556810974,115.32812309715617,170.20233534038374,116.34365001360318,132.5146001532328,100.37985878920772,63.32429972568018,78.76555301784973,-12.0508050274762,48.746964013450565,124.77538509564468,34.220046185226195,51.14360309134799,-0.1443230431176121,-77.45596552964908,-9.460613984474447,91.92715284264789,116.70994118020718,-31.254964542722348
173.80472927396596,59.43941054454111,165.81437872415552,136.66272074642166,125.30043938054077,51.10778691009277,61.01849206125398,92.42083916652275,6.282666440690397,43.79553921626879,122.95749251431884,37.25504242416896,53.52672169806899,0.7262639191886103,21.41575843282424,-52.22595366126871,73.5472342344093,25.57736496058331,-97.69328564221044
119.54654247992444,43.136087874544906,87.14498156975823,161.03187791830797,61.04190647866592,67.78375000020411,-1.331879063950042,111.99789437482404,-13.25350088630076,93.63209009675028,64.9445236414882,8.99493963428782,65.85335372308889,51.67824332890008,9.126309546315936,25.78897659561557,-2.483726636451531,-30.96503047159039,-37.17262397064059
13.953168610631066,83.47476971595856,24.893672077037348,169.6376645620701,45.66777311700997,144.6310152166871,-68.29545247791492,175.33864664048676,-13.128451070381608,176.78054716290208,27.07118949362289,25.422441715160545,43.91192528535456,74.98668552211522,-108.09158478885888,104.69204114605944,-9.476678821957814,25.25354953035342,57.25640506700225
-2.867741546010889,134.91963313084474,17.63857331574516,183.6514363324777,24.33074696085862,192.72050485856627,-110.53287787032302,175.35723450971383,-64.07542981618776,153.42571047387054,29.830008999458386,81.49743497244668,16.489369128958113,76.35199593695263,-156.78277543016793,73.13348104865021,31.92363233132092,103.88043595069944,28.49618604214712
62.130853181311686,168.6319711962443,92.2046023034511,221.31842719960528,-17.58747042903229,208.6652821250907,-114.21704037066216,100.42492874198064,-139.3585118246761,18.73998741300587,95.03036841841828,82.1506548065923,31.367374442398543,74.33859034500534,-51.27812031527636,41.792556614087545,58.77308024377024,156.017186954293,-14.951631269068324
119.18872307383609,161.9276525791466,154.00218775368256,253.14125901230952,5.740095853899474,199.25280846911744,-48.27582339176749,27.781349000192478,-80.26457215677124,-88.95810516892404,157.32775989570973,58.22445526081918,92.34620353721152,110.21675330842588,71.74658516727686,67.05901298615673,81.168398655907,219.93111278310005,-9.076896662571174
76.21132073158107,123.4174205638188,108.97859267175048,220.28781182066157,90.30616439859756,137.18309883129928,17.12735362830636,-35.0021139120052,-27.762518010678907,-113.1912052385068,131.19102106268082,74.80518233805978,147.98325007585458,118.18680334217903,71.13949738777177,37.75283961323582,18.991153834328983,208.50182592350984,-40.43257854047814
32.73674788278643,113.33845329130364,70.78438927008466,172.83411174701013,167.32605877876642,102.70278797758212,42.322262223201285,-60.62953440260303,-70.48943886292342,-109.3909870259422,109.8978598315477,94.81456640189326,145.5577005858618,56.384279336620544,21.44543594030558,-15.619250176860444,-9.404774434469298,145.48283618302966,-121.49385458515628
76.82234908754138,124.2959955836754,109.1224821588839,180.78429737434865,180.24658107190223,152.66515481825587,69.89210628224751,-26.824404981952288,-53.43841940757062,-65.12408589181979,147.85000861814427,95.73084243303116,142.44439982375764,82.04845253905764,53.82795147617362,36.21112666198173,78.88024002994145,154.72905072053672,-194.54718317814084
114.28687664296147,78.30051574905153,124.8087664477271,180.5061692297992,196.52039623735283,219.8180737173564,92.30920841578316,52.71467947965336,-7.308462434512812,40.35860146592972,140.88206471674496,80.7715516497674,171.5004198649202,193.15736866894707,138.1081713483572,174.89285476845976,118.68097899600846,181.7294815049045,-210.456240402868
127.2091288575576,27.91742849796674,93.99760918532148,160.57782118031668,232.19741739117129,266.711167968622,93.51221720796518,135.8327967564166,9.90811181390088,118.36246776509503,114.22454183095115,56.23920599732119,179.45509710562257,259.9282673182741,117.62049697713458,270.25017293365687,128.49739784595835,175.8940905973626,-146.0436006255524
109.79834045235556,47.406194705507154,67.75661171759413,134.53648605192973,187.04875317369263,269.17142163164897,76.72113861362799,159.6978616923053,14.560165543608004,111.56173752112336,87.87797085703848,33.45348514645639,158.1568574702118,264.76925961308484,-11.228784034730593,245.66265165889388,145.89846956804504,136.54203803680372,-76.91641682804084
69.61003086497854,65.67507147941248,65.79371147461606,95.12145114289454,118.4138262543136,221.2680537120609,36.68206542313694,106.126088355988,-22.68562475862762,59.13607450411001,45.49831133417922,0.6901340175021702,141.44403344315518,232.22441679613863,-71.3871514672109,200.30989988435903,144.9375505992512,46.1046506215318,-95.06948900113404
76.8046971687819,34.80610312771158,69.48931964997296,80.27997564634484,87.80675354197345,202.6232606010512,-8.168100540274233,74.28294320101863,-5.711527422129444,52.779563757297886,32.57157764003463,-25.459685452886287,106.93759574635506,233.94795830834025,-19.093779851511048,224.3212872725254,164.21166508669998,-68.74446282951128,-178.03637240891445
74.0419010219365,-7.884265072095572,27.913903611738363,67.28045505426809,22.893645976581773,204.46607024000107,-62.62696003745402,111.29844997457616,61.93147199806754,130.3413102654715,-29.34244636679542,-1.7384448568216742,14.3236425914205,241.8908621196301,31.39743470397984,244.9535846792361,148.24182930094318,-159.8106563398631,-269.12266430993776
5.230268598384519,-31.175013805827376,-85.08473136499498,53.94393050292178,-75.6739251994276,124.36147134060566,-162.72337644148544,107.01872035216142,31.429246589108,169.79661464525046,-148.21324105200134,44.52683135735926,-104.1201333225789,162.06909762571289,-5.299362840434884,212.00232080671967,86.00551012066732,-214.4629256270232,-298.4037890889229
-102.93674292364388,-52.93911647425059,-214.03166234240032,-12.476598976070658,-195.76780765942797,0.9723680902016234,-273.86923599429485,47.45831517491531,-26.03830042821768,85.74435359818328,-248.88658802249012,4.580754391788375,-204.35205868269088,74.72201669842754,-65.30683458314297,141.43266414991123,-1.095752154120102,-280.97071821486514,-282.2385701366994
-180.8603902880574,-96.3710069023395,-268.2369862550206,-145.7207265913408,-303.00612540868,-38.86109895769929,-288.4324734555427,44.43651542921724,4.793311904394721,53.90253545494944,-322.15333143700235,-80.38571325679567,-272.0550539026229,66.55929257495488,-25.21691674593393,92.33157498606424,-100.26117052423253,-325.06514698056714,-293.2515936041836
-167.91940809496035,-129.51010237741392,-258.3866404497376,-196.1731707477173,-334.79046910581906,-22.91485286334433,-251.63425469709227,79.34636296579339,44.92282924193103,101.27510944121944,-321.08572984675226,-79.32848034076947,-296.6003416074393,54.65528334780986,62.05788725493386,63.056653961789735,-141.74296349702317,-317.069716729839,-289.35263785178523
-173.76336663645895,-98.91452022691529,-273.469095775652,-175.1915240597211,-380.1849514530507,-81.89703059919094,-308.65996424285987,39.80572553771731,-28.271146315511267,28.74615424381789,-287.04829100598147,-63.80204290573373,-309.6269263330971,-63.66473986169538,39.03810709000385,-46.52633736815461,-190.85941575321485,-284.606079224955,-281.55949080226395
-201.8549874590156,-31.41271160635065,-283.7014898166749,-125.79874307912957,-404.50353399288986,-166.45947476480416,-359.9762067465594,-6.24402626733317,-124.87512775830788,-30.637189974608944,-253.50645868275453,-73.48924687779163,-327.88932070076305,-182.93462190843047,-66.29128427732634,-142.85347942112438,-248.7925127052836,-194.39643059429497,-284.74072284300473
-133.29403578780992,-12.735130935663888,-215.99258586197004,-67.70326962510757,-330.40745687900835,-166.27682098847657,-269.28453822302885,11.97843176841588,-65.23922543718928,0.3034241247170917,-162.44133930861844,-38.1014892404674,-290.669034887262,-154.8718535887195,-73.13016165489748,-120.64663843972691,-188.47881685189003,-124.85610778419326,-246.24145021541105
-109.8926603849217,-3.370404241944487,-161.58978099505393,-83.03615200621518,-300.63076331785084,-185.1308073415277,-172.84188024963169,-35.6171436783101,-23.449696584901123,-72.73933560134591,-108.72223102026148,-38.52952162725021,-228.87688254628432,-138.25253653302883,-11.842156052938977,-145.06984142700168,-134.5819644793768,-140.9374449015903,-221.756479244886
-194.8252647933576,26.446603222200025,-202.64358310724936,-104.61283736490832,-279.6317284866039,-258.9420369868513,-185.04873494456095,-131.95270868158784,-145.482963648133,-135.60228403444276,-161.71491081402309,-98.9716075211888,-215.97706346802,-245.7496820246593,-48.4773475857122,-240.21743248005183,-203.0924459998696,-132.89045732261297,-217.81639167063395
-199.47670362281764,26.83533423698112,-220.87000199103895,-55.14516060684111,-161.90764329382017,-255.5451111012933,-186.37349059061737,-102.83787220813328,-172.71780170612595,-55.79135104015196,-163.59962411891397,-75.79885590544583,-182.9308850487623,-260.35021056430776,-126.20344652228428,-227.49690786366216,-209.54409188755537,-36.29192860252295,-158.29599881611264
-72.2688850250693,50.5369028125037,-94.0392349988212,43.05610302712876,-46.93690463746882,-169.09085711046245,-110.56906244746642,1.2891420696221991,-59.94249743926599,3.57739159547482,-23.94218834151503,19.055079704349836,-103.99477663961768,-149.44684066315992,-137.02013761276297,-151.44397347592593,-72.49452854770972,41.05676784569592,-88.48143778519626
58.79450014969199,75.79499081884643,78.35513986733346,96.56649131503912,-8.653703887173474,-121.68250926953031,-52.39149660936243,-16.06238869586858,-0.4278596905934805,-56.2437771052922,113.87576245635164,47.04807475527905,-32.72000846069424,-118.19249480177484,-65.58023648532027,-134.77266875339782,44.606770608022686,-2.1369132414566687,-99.6111540467138
94.49465609552912,39.370171904394525,175.65680369586985,54.06225660701283,7.541270462431668,-152.6897604895278,-17.814899744348356,-104.64175576573092,7.138483442277984,-115.19505661552678,162.93899383253867,21.92167576898681,45.406499318556094,-138.75385957017167,92.03887261345837,-132.58430671597154,75.92866198064077,-26.205113047506465,-144.5882021966705
101.74269361062318,13.308007075615338,212.1612493999997,23.9647440995321,68.37821753214135,-171.9462951220023,16.90477475569187,-95.10532717633824,-21.09479485517752,-99.78051277341171,181.37071620926577,31.108576880914743,104.00114008025956,-131.6985634866354,166.74493154988605,-126.78768082226142,112.18632665434676,14.010775661856783,-124.07380499352294
96.99756829066484,30.843497068834957,158.58008127789378,39.780886731516645,96.1808942825231,-149.17490534771886,-13.558959106346355,-80.34161949196262,-81.6022383506616,-101.7135455603512,156.98156944468528,42.617521369253566,84.61355280403762,-143.22593864605707,30.7508377856194,-125.54129009367657,155.0980808633255,-22.65205909166384,-79.61690679270899
31.15678841919388,44.73166603511312,93.53020436316343,48.21552295385682,82.78528042409978,-89.43330929743033,-65.05380387867365,-94.32678551259292,-79.63714412282653,-54.10002419137313,131.57298795375405,17.61467677805943,64.82969827141096,-89.17610703375269,-77.00253726220538,-81.29825831599616,125.53357444961016,-56.059228046862735,-42.33892266457107
28.756674887341777,1.287925490859796,135.39808745248214,27.480414763437523,109.24604296517408,-27.08575836653843,-36.14562172642136,-1.5807048386316689,-7.749374395864487,85.50366928485316,159.08568903140736,-3.573837709085723,96.98727184778336,-10.978009992802246,16.639544097497488,-19.927499461058083,68.18178949552713,-24.025933324577966,32.332094856433365
35.401463197871955,-90.2166646661748,92.225585394996,-65.8692985489534,76.25477319621896,-68.706235370492,3.63675298936352,87.43361916291309,74.42582663579239,142.50514769540732,94.0993842175533,-38.04632295400167,55.8863826729813,-55.75321146787603,139.96115134633425,-19.21631197948296,34.370782189886235,-21.613369813061816,92.51866289501758
-86.32731771159456,-105.89506611496964,-82.49276292544732,-121.86366907720982,-13.785728885188632,-151.2514607638963,-33.06123525947292,55.75580119277226,106.09381795834452,87.0799372032044,-74.52222278223255,-71.27866158691772,-49.21968392746911,-96.68117618468928,112.87460755112777,-60.49199984623811,-16.81910145378751,-32.710628759476315,102.25865874036742
-121.2458667273703,-14.177443728399052,-121.66045874140904,-7.908758738403424,-24.82286823652993,-129.45838324891133,-49.93512513493568,-2.589043441806909,32.43531295992971,-11.646044716331366,-115.21057461306998,-16.39067404935775,-65.3006197527435,-45.55762196092358,-25.576203576719383,-31.69038022169912,-39.25575770811401,-19.82301155344848,110.22909383050188
-38.496892786749335,9.736590300106148,-59.637264045373456,57.94425462158248,-1.6369756971139977,-45.5107333594212,6.698514982401415,-32.110839595725935,-32.22700699816983,-54.2246018263485,-25.018055435388128,41.99853399848775,-42.1717531654955,19.570848774618764,-73.55820569118752,47.52197101747731,-51.5353673365502,-14.851821183873744,142.2213523628202
-58.13397368044422,-62.86963485901185,-96.25273094493848,-31.453424061151395,-22.842826957792465,-12.9205717304518,44.84556110166675,-4.172551255766913,20.73034119146762,14.147874595788815,-43.73523858490704,14.664077145965408,-67.06072029806879,35.11111842532175,33.73301346445011,50.131947935426126,-125.24942851005756,-2.258833413583686,182.69404595354828
-123.28110411373692,-77.0678884675037,-189.85436384844292,-63.45264506348778,-71.89878019666496,-19.792815247015543,29.042016520089238,79.79651923215373,80.00691455313121,71.28605360434457,-137.62946745428036,-14.076492747533306,-115.32146360175165,12.323430407589475,101.58101305123743,24.97419374566875,-155.97023357611957,29.484973038852825,199.50207026042037
-132.2354567192154,-40.85866913971161,-197.87105576338644,-23.6420427946716,-104.44372315982218,-5.0407354103575575,-25.14611353271788,125.25996307328788,65.10372141612879,92.18998681161656,-112.65340787302544,-5.855600109164972,-148.0298741661781,52.49333371730189,16.008138047867117,69.30107517068005,-125.85077733859612,17.341721131379202,194.99470849603944
-100.67039722141467,-10.4251484664464,-80.50749020636087,3.777737093450012,-84.658470792237,18.194604605523025,-91.97241853785226,93.11848632060158,-2.928307018089278,101.2425004100402,-21.169438867991616,35.01710049268857,-111.5678681069038,100.40763285325836,-125.3874455566779,107.90756489960556,-119.4138436130059,-17.70524490332294,148.89059711905062
-23.82001141835725,5.148986618510308,43.16350401778032,6.2526658977193685,-29.294563955477983,14.309487756693953,-118.01890883159928,45.69759756765091,-87.42986363413357,67.62480673251443,72.58643829298818,66.53148415128244,-59.940371200016166,54.46351628780184,-188.98264517281896,54.28785623798039,-84.99290011869338,-12.623055134594969,73.04944488989275
55.0764766474205,5.893224187855786,109.18807486857776,1.3273230239643108,22.020482236936736,-17.533771022013994,-98.0571088139696,8.618172713237263,-143.874460015711,26.584882190048425,155.96876684585783,57.39512751323176,-56.84846076833008,6.585871545455332,-134.59056841325585,-33.08559599655854,16.110547788185844,11.376071718377052,34.42575616646674
45.13265175133802,37.98181288083171,112.91306614675167,-1.7153977855449014,-4.815930780255623,-49.7968439778261,-107.9419447380648,-58.17022402122108,-209.67061906470383,-36.7967398518289,124.93035416510276,54.48288476445719,-87.30431985551071,-10.142871309419965,-145.08287577761686,-68.95234238537087,73.67628572222927,22.13174331861674,-14.023854755643924
15.691685816081652,48.18389706862011,91.0834466685432,-53.02253450136816,-73.32624792325254,-50.514166532061225,-151.27244140039963,-99.09572374746038,-223.50765960412085,-94.91924107591764,98.09727916718572,36.66639373057582,-104.84028620050027,-21.962863375574305,-262.942866413585,-43.65517542895496,72.52621915791309,78.0206563052506,-33.19471733580512
99.85976073293575,9.018484645012244,162.28511148638165,-80.84900155096898,-15.84081586442568,-28.482439361454407,-105.164355267208,-53.82998349265876,-120.82837301622442,-82.88792945360977,208.01400622388465,12.420812418960644,-20.09707503814973,-25.95234963647305,-221.61654707541217,-36.79891857130895,128.45536277941508,205.8063365378487,38.15348218021607
170.27222141661684,22.900664810586328,228.13438669821403,-34.82866490254638,76.88460756166869,-37.18348371091732,27.578117941021496,-32.368865450131715,-82.04456420754106,-76.41858110408428,230.06713380423207,41.0530178731538,95.47442394150056,-79.92402469503011,-56.86442471222695,-106.46316587764755,199.48345173321715,245.24568941168965,67.63461108262999
118.99172837142488,66.36927723149336,189.00467732151776,24.575592185002268,85.60951675991157,-71.52066702027875,98.8448303248354,-72.37039643602336,-88.92107492508391,-78.29632514340388,147.04430526819235,97.39782999052294,115.5094872749769,-106.5026748140936,24.226911102446977,-134.5558486143596,208.50382579396828,168.3946038143558,55.3032503426786
64.8296352405391,53.03237146872235,134.13275033776716,54.52660895638866,87.1563920488843,-74.4454212279248,67.52880080135779,-69.52166511640308,-37.21487937621308,-43.90591981813002,129.98447215911816,114.2933415997254,63.483833508704414,-26.009030484906283,16.877594626803983,-75.61779977207989,176.89520774897156,94.74553243515012,65.17617466090243
82.0546311021849,47.19870657711407,113.06792417597715,51.97260487898423,46.879460122043255,-46.38261908234972,47.082964637617096,-37.93149481252306,-40.41913529320366,-50.29194009438521,131.55795493951013,110.09131095517364,19.952197386081224,5.54764253155638,-25.320848771337324,-42.25638208865473,164.2167711656318,42.740016110691855,49.065156550532095
134.55468463180762,73.38552401145522,134.86541384936731,83.67623675841553,6.780855395726237,-35.600115939077675,76.46619986332571,-52.84642320208923,-31.52529492376185,-77.04241744496663,152.76161786769703,125.86651747671002,42.79070404914415,-60.181264720589006,-1.4682973209880348,-63.68105208364523,191.24043000085155,30.3006628961459,21.942377901731028
133.3098273758065,46.85487256784688,106.86934622089474,109.15392126112413,6.766682051960996,-61.40219957235124,39.796985387022985,-51.58497295320942,25.53179478836675,-48.59896644043416,126.67050890013132,99.87391620178283,60.79947011915918,-87.15900885233432,40.14920999437325,-90.5603796050138,147.3930727180665,2.476723929571414,27.147357351061665
59.605606510655214,16.426847677520076,-0.9602484387463875,86.95761515218027,-45.63522040113642,-36.130364334173045,-17.87613751643091,-12.419019024463598,32.507102523503086,-24.22577539382856,21.001068444266195,64.33750226761528,11.521125497375566,-47.012225581203246,-6.80581035038061,-52.02733065816594,20.94182078392275,-41.52029930679944,68.98514262722006
10.634605436904184,36.6376022986163,-64.24593094355801,94.97113294962791,-80.9281932430653,53.56530235192268,18.63642463141561,-6.782448098081519,69.90066863670785,-16.755774782674383,13.31053676467147,99.68056395996769,-17.176701035447383,-3.634743630338879,-41.76643968093983,15.501252059927818,-60.239808921675184,2.4218804821493234,99.71303262842356
4.729818181974519,24.736679537800125,-101.49671795339388,74.01214457526109,-94.1370046983892,53.66518922018187,33.486672765972514,-14.015229308202114,78.88040484715945,-24.742329682606524,26.087064769068807,127.49503735508392,-36.47955159428129,-2.609175454449653,-24.32168824051957,-9.919976611939957,-92.85603927142203,9.685282959214872,47.64225905712984
-40.90991832856669,-31.896476917035415,-171.50082602323897,-40.1440059883944,-156.12867620889602,-24.733983721573225,-18.14880740753897,-42.28952295041931,-22.17591818489293,-77.99953786721493,-56.27989368944797,41.04490002046388,-109.1091980697941,-49.32756321356566,-15.053369230289672,-62.268861626849926,-165.91208881019645,-91.60810609992292,-23.063938538211648
-104.6043198688261,-80.88100353453363,-198.0349724259381,-113.12184752760638,-160.88721851443017,-24.922860042460268,-44.09783432231765,-33.726057376238394,-37.277761743907725,-26.00659924596925,-98.28696285961374,-76.10691513639162,-132.9755722313284,-27.783006963842176,-9.340837771412602,5.416708975488925,-218.08283586481005,-138.2549728955383,43.92406443092908
-91.28071879187972,-103.18951248633414,-171.32696780760196,-72.90046720078263,-79.78874641104329,71.02516589139408,-47.12458430212026,96.35461290394106,60.40113726731568,141.7699196104158,-64.47909689590323,-44.54380293390268,-90.3039936027143,92.5698931749534,-25.022779375573094,118.918055698539,-171.2312799769282,-94.3041290092938,170.02525881298882
-31.8181194697104,-98.61061252738988,-148.4365974426343,-37.179129455889054,-36.26853908704382,129.35615680268978,-48.96832913742898,155.28824249506994,91.05456935935898,172.7519847547566,-19.924390504104668,44.308071396621415,-53.760906056556216,106.19062272151255,-55.140412411700105,103.91106688997968,-164.61352604710947,-26.418454937442096,132.06804383191692
-46.68096317248249,-71.7674544333769,-124.2359802706058,-40.85282804331072,-34.41025469165271,74.01894132962259,-54.36720635417478,55.33596585745949,50.32756396009207,59.10645440118002,-12.891250997568548,29.94388119233218,-15.040073186409415,11.031349659416756,-9.457184672845433,-2.8770501061712137,-229.72828091381135,8.674986960748962,16.36529332282878
-138.47548194000652,-25.77845916881736,-116.27193277155864,-21.48115647528669,-19.34190300094569,39.47767973231603,-25.52623579505243,-15.865461204871565,56.43232700138415,-1.9990093790787316,-62.22849547386446,-21.43064201562764,-16.300158669669006,-3.6482153365544647,81.7473665923071,-29.624200236047677,-246.3227499695077,16.692961352786025,61.05111736638938
-159.85791070383107,14.931103175025994,-116.04963517258206,6.984307500227564,-4.199685121415499,108.22703929192016,59.49412822025905,39.317284373405634,61.726552225325705,31.38201562331785,-75.43929527983101,-17.974037471259443,-43.31463665949021,52.75894927519857,84.2708225383476,36.60461193912757,-219.89542241780367,75.90205649134235,202.72623811561175
-111.13160945884204,69.3862148986822,-75.86459074645185,42.11425811377482,12.333661091839756,178.24292967568914,90.493318742387,116.48485846255416,-47.57217866048837,64.91872243175956,-24.413176767634305,51.8832473160665,-21.04725996538409,96.75117470574436,-34.02659241980443,80.77990422166359,-156.92117348313627,112.2446487125756,234.6901456995432
-117.35369824568484,143.9456152720021,-20.988403435978235,101.31805406200128,19.293554644110056,192.51269557520305,30.121579691389943,95.77650431925036,-99.82584441775168,54.83370747580965,11.233677257566836,102.20925833236696,9.145078076618354,103.97984793886329,-153.09638824101003,92.954233877596,-78.94212703064863,57.317827419807024,166.83781577672843
-121.17761038941448,156.37496690469916,21.768943309618177,147.7543105273832,48.64037051197778,195.4692397203632,20.784235477699355,56.52154991759221,9.282263855763894,33.93250773062602,34.09159805276252,88.56121593147697,36.73942456734911,97.52444449464257,-81.3955281772197,108.63392955111206,-46.68377981155773,25.282989093050023,141.54393357189457
-53.83610374255426,112.99893561121397,45.4904146728567,142.329131397921,117.9996983462165,200.40746146025893,141.0291834752048,69.070395417474,58.49280256798002,32.912484102977906,53.859741946173145,85.31756633117531,85.88603314045044,102.04237760724068,93.18268042030851,89.94852916734736,-2.648232357867266,41.72869602170972,196.47622795312344
33.395910090834214,91.46359884844632,58.41032972163083,135.38908943881813,149.00695336210464,188.33571003831813,228.241132206144,109.67035151010978,31.083824834316506,97.14874546955328,55.51693889918644,103.2446837928187,83.83297693173316,104.87047592814588,78.28123573744638,64.27065828902532,78.91206706103705,66.81914131073039,258.9980830002374
84.48989856658983,98.85266305385444,84.50883030961357,167.23654208668185,142.10869306108702,180.83379834889143,165.64365801623515,174.28322465743742,59.61525206362992,167.39622457264286,90.40964385382058,105.96067866356364,48.69384291519534,91.73984775845642,-44.83829106729348,57.03568612896655,120.43030026106942,101.65801338596415,278.0950370186022
104.29405058464886,92.53265250904757,132.0879834346464,152.41331480764512,146.40501332102474,157.78875161634866,136.5916604840347,178.14639715164816,105.32837203380424,122.45505291317768,149.01432217631117,75.1878891494394,100.56052489566244,34.60063202319977,-9.105908323966712,25.554413104698984,135.86663900019332,74.22983051774689,263.23802600715203
122.99394668239673,22.824611582676287,165.7826514947307,63.41805324805263,163.60168101145936,96.7589116333933,201.00677219518565,103.40597528752274,172.6566040069845,40.19678597612269,140.15093215669066,15.986464719410456,182.25486955863025,-30.167341908819417,146.16154965818066,-1.67215563735144,159.2428196145751,-17.23115530791597,262.4169575626549
88.19577613501876,-58.74757649253216,108.64073646903336,-46.98604695254261,138.32975679444357,11.977193547320349,179.45517767402458,39.41625983275589,182.30998367887904,2.689582614185296,72.89063870923033,-28.13073702394904,149.03584654712537,-63.10193452015156,174.23704510972846,-47.09985520947925,135.90846079314744,-92.66199210344392,257.0387356578253
31.426357007359343,-62.29465809053016,29.62924042678406,-123.20446600315938,31.13275022002161,-85.10397306664078,39.47828626558317,7.405887360082847,9.969709784328698,-20.32903260564697,6.945069821460844,-48.92001306749408,10.608594703632928,-104.1889705551398,-25.93420118330348,-137.62863189443058,70.55055240042488,-160.728363038617,173.70816565757184
26.56022796490408,-34.12265059417816,37.97422110317486,-116.16797757660208,-44.896286230929896,-106.01097360103542,-72.25000956622937,7.07084455580822,-95.23801413186392,4.344951276426055,-24.954281485823635,-48.26177545794477,-76.89336751897194,-116.87462075377454,-202.73869150967465,-146.71233533685273,19.379370450956223,-171.5385278272622,97.8185895491185
31.253356368852256,-19.323004764061345,76.17498384486862,-77.42217546583561,-14.325405621346295,-38.61926521647394,-2.8853946477838943,49.75459106687524,-5.5704303482176,60.42863547622254,16.834023795219192,-21.482131558064832,-14.112670352279164,-75.36428908645276,-136.19962734028564,-55.708694394103865,-0.3261109858361725,-72.4938771542517,102.66629647925724
16.931923602780603,22.96226267684489,87.25619515336727,-43.67465260571733,22.821085650358025,-23.71801266005935,107.74229439823765,69.94507481530091,9.10820733722248,77.49937400450733,63.58276906534193,-4.5654031079742,80.6866044243226,-64.69314612981132,-26.519462219196967,-44.45715060981309,31.78980309830898,12.939691811974082,123.50393375403412
-30.993902927599603,68.69938018002655,41.8479884362816,16.21039108623833,13.696799543771103,-97.10796723814812,24.7182493921362,11.507583343219732,-62.71121907099013,51.71016477440979,12.923237974175686,-3.6770168590909287,62.02453120044159,-109.30893621836093,-48.38726500550544,-135.42648342857538,87.2266776632224,-6.853895036814317,128.46265473591677
-50.600795172627,83.35980206752781,-16.213238036189605,89.58179703027463,-14.622770006934369,-143.8453570529321,-66.91612353209212,-62.04944887345055,-34.18300944080598,-23.605045655107965,-56.28774084372375,12.25697687906369,-24.929637898850245,-130.21991088762442,-70.08241368741116,-162.07741319932444,103.7892188772705,-76.68692019283529,89.59635258955731
-17.60425641539304,93.06011817137932,-0.1206289285203799,106.3385476867449,-62.07576021311837,-137.2405003447648,-20.98122697297969,-144.87171484715688,14.038195007498349,-170.14067890311637,-61.90639274158856,36.08267106794334,-62.60817554011477,-117.27293644033702,-37.00436391436372,-146.2378511286616,65.21772186807117,-137.8915054819421,9.38794718200119
-68.24682328648822,79.74119892591114,-21.708695713110984,30.30245545706866,-113.16674686687824,-160.12446464597386,-30.95180922450459,-240.29624648500408,-62.13991762764114,-286.81827350554784,-99.35003793203808,11.91384940288423,-84.53100397269174,-145.25626939164115,-37.69555847324932,-166.60836684280903,-33.4736490052094,-186.3322196084858,-55.14863054687508
-162.93006306621004,51.73218412950126,-118.7819490462818,-16.81503353750909,-122.38389107663988,-168.10486596680482,-108.64126159246132,-243.63164295391985,-126.63822360621609,-212.38537093682103,-168.98276598241466,-30.92246006887212,-132.45270908438786,-149.06587824807727,-84.10357301386071,-146.16407551629965,-86.820720124638,-187.9873745672396,-62.297614859319786
-153.3568742272532,36.94171671483125,-148.76707361493618,16.052816662831198,-81.15780058275993,-107.248359564454,-127.1999582921318,-179.8358654794078,-57.32016376825352,-87.835282001805,-148.3276155574736,3.000856597728827,-114.68761772709492,-71.07348258897133,-99.6129488268018,-91.0523617573964,-27.2699809656424,-151.30326045065772,-54.46891988444068
-90.8748306271104,-2.152549802380482,-120.56582395451774,10.069373469321103,-26.82956932777589,-63.273648167638086,-92.14740897115723,-192.92458122968145,-37.08676767764351,-144.6280811760654,-95.0145831008452,41.13483981935987,-26.45745809967577,-6.819085068094234,-34.40486508112673,-50.88604468365576,-10.618942373086677,-163.8952940304041,-106.16328557071768
-65.85933651743152,-50.65833007767292,-118.66135087115067,-35.08007929768344,6.291730711314549,-74.0331597049105,-61.321451836218245,-289.5812076425969,-92.07160175177654,-258.9041842752466,-92.83218868978544,5.155015437219923,34.4880388131958,0.720722278436289,35.31288619901465,-47.06712126396566,-59.23576771307342,-203.87914793998775,-182.7300300166799
-85.20371125447647,-82.50688258745025,-169.65688950150644,-83.5670732298503,-14.261645252626922,-122.22966913480673,-82.76807128709248,-374.7709947125882,-63.28496847901469,-330.8978666695178,-134.90251549290014,-25.45056782472426,7.612314754891667,-36.21038784897815,40.52118601797521,-102.75743547382208,-84.25652892057295,-215.1767131065004,-254.2955715856627
-134.3674639848929,-102.85104875268875,-231.210748521009,-159.9676329594989,-91.24585484519916,-169.64690884270237,-137.3391119599675,-408.2840498501882,-33.711397467039724,-412.90208949649593,-192.6785326587806,-48.16623694807462,-61.16766683701156,-77.7094710955758,-14.151786036837224,-146.1066054146509,-136.55489034312075,-259.42949100966234,-317.80897587619114
-150.60147197294756,-113.95817672760526,-220.7317496384903,-228.37707790992243,-182.8805343982964,-177.88816371966251,-196.8168610378018,-381.2959494737418,-59.38393481670951,-404.7579698451266,-179.54024762023644,-101.7362576817702,-89.8742553845698,-95.87442106673508,-103.14032695254592,-136.6147518084895,-192.27291939318388,-367.4992402942723,-332.9939025563009
-129.7733573072582,-129.3952611438129,-162.19238038138724,-249.96790133626925,-213.20610242865317,-168.41610453802068,-213.98206111888396,-316.6077599704972,-40.16514370983839,-289.0461778699213,-144.39005383056633,-119.23419100829707,-66.07952888134194,-84.34607935394763,-108.68970506995277,-111.60584300473826,-181.05773241561877,-402.764270305501,-302.29518864934795
-145.59435260155902,-128.63162346272992,-136.19840085756206,-235.1965774565977,-148.6430627592645,-170.2724053324648,-148.6369269716578,-251.38484191050827,10.989453225509063,-183.3735453182262,-163.29828254585064,-101.40476460199524,-12.387390915304804,-61.67688667899279,-13.34601394808866,-98.845276425198,-143.02351936452015,-312.179031233953,-250.5666579723039
-150.3363832362307,-128.81578432799986,-149.43537499773765,-224.8103289083832,-102.49350586763416,-189.6364258368452,-103.31880083293574,-190.797294475136,47.73201095895531,-111.23249664317328,-169.44162968162394,-94.9018578688694,-4.802724620135498,-86.68935760838424,13.598842830547804,-104.73636213013782,-104.02213213293687,-255.3955690154177,-194.788186618333
-117.29867068240765,-150.08065849914632,-166.67843570242653,-225.98874054323343,-129.47650226241194,-183.09882946787283,-128.8800259562182,-146.44252586479226,39.664208328555794,-53.3507574781898,-162.5636126729096,-89.44874500446794,-52.92109904334613,-96.35067047566744,-39.13919282742704,-84.31186717000826,-81.93590359495339,-233.85535755310616,-120.1793855919605
-114.19536828845682,-149.64552323439258,-144.32600817573632,-211.15239224127427,-117.78116980708202,-154.2874759482552,-116.90030122427989,-112.15618061160993,30.605993890664177,-17.31409616899744,-141.9387737053842,-97.80742512656126,-37.62413402115016,-66.14476950207094,-17.552251268199406,-42.16585568836647,-97.69332054076392,-137.37632613430029,-33.387253781384324
-123.85417213849324,-114.37099554736244,-69.14504367920111,-181.17229701575187,-30.73953007482502,-161.23401472776607,5.997810229348299,-106.7939233730294,138.13483384196374,-36.96899446845931,-80.887237859987,-71.90799320388341,54.61077256073409,-82.0096887379224,89.79359852892449,-61.21269633161368,-117.26265432089905,-38.927447351112825,-22.24726515149764
-134.31428002098033,-79.99739354806903,-45.55016894929902,-152.6268808121638,24.98655131139982,-178.99031442932434,110.7631088514034,-127.39481960412526,229.67341294737264,-72.01708184336734,-70.279825450538,-35.82987870146382,90.0152976722825,-107.50627603946536,151.12736771864098,-107.02495379849918,-142.3956446241186,-50.48402027357982,-98.87388599164537
-147.54041306740336,-91.17594002880256,-117.80790201989082,-147.0266122258286,-16.61812234998992,-162.3728767977947,23.542138682099637,-101.6294549175321,146.16515623334348,-52.03028751289863,-136.36107211189812,-104.33171461223004,24.191204166120365,-91.3802908091306,94.12637651570844,-70.06475306067102,-183.1982739898148,-130.44066046660026,-168.3941501760711
-124.55592830814486,-92.2544722047865,-126.34930842933332,-143.79167304809403,-56.349414410121405,-101.47636619755028,-74.47722962588252,-64.23364726380208,60.22556307129911,-41.839038294280215,-139.73300826459322,-166.0351867144226,-10.015212231321415,-50.32300949422876,16.523398958297854,-9.980758695376768,-168.98225861513083,-91.45050912365043,-150.54294361423015
-18.16469454285492,-34.08140005608206,14.919044620417798,-67.54145040418828,52.96015481455452,-31.605503631116623,89.19689501402976,-48.22530658533012,114.65936907486196,-39.099002315239225,-13.18611346078781,-89.98121322178321,67.79962386900623,-11.14211448442134,52.30692622449135,-5.653976430290941,-46.44653888789492,77.43502694488765,-28.48902117980231
110.8065399933772,14.41092608149095,164.06932098307033,55.91703902917634,225.66655115662212,-2.873800421404729,297.19798823952914,-17.345477138965066,181.46861361796985,15.507585556710016,116.739062179427,33.93458022640961,151.66811333577297,-2.918615888922994,118.48349373303051,-5.193755735321567,69.96482353776499,150.20437849399963,64.10162179971036
101.38228775566884,49.98688399266312,159.91178568268612,115.10466113977506,225.72168798456767,14.264331229689676,247.0597259314366,-0.6535810364855457,129.3282764951151,52.464789840231454,121.85574348060904,75.94236886493803,159.15772848034854,10.194417549843118,61.14214541962495,21.911349759566487,82.61538339539369,80.70221880289522,11.572931834875444
64.04705479149206,77.09214288207676,86.83939349307101,120.9291524454215,160.70047524182232,60.18316141911213,122.8314721091301,48.74904701409443,20.939531704597247,88.4567728425541,78.61527331470514,49.03868770827439,133.83977672073394,73.85995072185197,-63.67127587716069,71.3151021882442,136.47826204433494,51.27061827411555,-15.32959956864748
162.82299275020816,79.82840171783758,148.9028094166275,145.7273513398936,243.0931798169557,135.71823817472168,181.61796123242215,132.18604849771864,-2.7661383745834605,152.13533730759804,147.17527101333823,72.93345571939693,137.91796809071175,148.7280211914729,-105.54966205378344,130.62526211172744,279.4094390855209,167.97444842689518,98.71801302165738
279.233597264966,107.67625032482351,294.4667280716217,209.7489606298345,348.0954585025881,225.5996584594284,324.4534525419336,144.9694935424747,72.95499212629049,160.67589336155277,262.07171990047334,116.8726727831042,201.5675546167092,177.74274278947917,-3.3684707482289578,161.3554818976861,381.9100440641439,311.1897612442432,185.13856416298245
321.8368236070016,132.02401322397958,357.596014218934,263.5123981941234,388.0550674204048,254.22840481819335,346.68320967814384,140.2794370831477,133.7790011530099,121.7257997503527,258.1373334686825,80.47097278038102,263.70512782726564,144.22483160185462,139.96593389647256,118.01246595361168,416.6696718543306,352.3990806584721,150.2628810770001
319.88333685232647,109.40309448950865,342.3530356700891,250.0985225977705,348.00727285152834,189.79317160733575,272.0766773714213,128.61679078209102,113.83163177167916,87.051935121002,202.8920283215251,49.128737664279406,251.4845776615284,79.98851280455352,172.9098379983805,78.85986670078081,381.2293346327944,297.98400869460266,49.53985892887501
284.1329381002435,74.30814089888703,263.4692143866454,202.27080317301784,209.4637830891126,105.5749943502688,204.84711090696587,71.96705596075134,56.773799396303424,46.59975331136517,161.1767479683127,53.320832854258256,164.8416653190903,34.38498294926982,119.21577084456057,86.19807763856251,278.49740663000955,177.83401895276387,-24.23030396890828
152.320622419781,30.007939081440444,107.83055063439942,102.87595225211813,99.20741519944497,18.31584158647537,115.37381703579014,29.9816615222189,51.74174913034426,1.1837488352136802,65.82855499063716,0.7239719050728772,49.60570318933373,-37.01579925698811,82.95910237789829,-0.8150369352557802,122.34744209193526,71.2967584755531,-23.362723282083632
-7.593081744958862,-23.487879712152164,-18.51035731243538,-34.51619082687293,60.11386112554141,-86.61022877352408,72.70221796613458,-40.94205743431488,95.80920305931708,-31.674429877122453,-5.5972977044562695,-58.88923591364063,8.17223906038003,-136.44571123574153,100.38859027765884,-108.103544051469,-11.16101227124229,16.704359123551527,-33.682706073235
-28.5907109541481,-55.869279093299845,-34.81226046970792,-78.5404565865348,43.98852423097628,-139.95232437801937,85.12049817119832,-119.6065049466476,54.80259653904852,-66.84209214029433,-13.28612970633375,-78.6706200100455,-0.6756372083103319,-142.8564921138958,127.4941885733254,-98.45424328753136,-47.45153361934741,-45.792778606857226,-84.05399801146682
-11.028481429418315,-86.3988471022409,-41.7887438221054,-74.64902193333995,-7.600902243519499,-147.68493884596035,-27.696659658520645,-137.26212103012935,-47.52200631024239,-93.37469945916703,-55.44798428510554,-111.24606264058976,-73.59007311352602,-107.45411134822938,63.87778974256329,-68.50443700580074,-117.07323983898488,-139.09363643980237,-120.04821194478882
-68.21197885329677,-122.65740092034578,-97.43354364193353,-153.61694223252428,-90.3480427423807,-183.99774981084184,-144.85125550643247,-152.7089035980441,-81.95273574785207,-110.83860047136751,-77.7998659909011,-170.30794832389938,-91.15355349201508,-131.37119535331115,-46.733624147977125,-75.59010901212743,-214.3834252541982,-188.75449062011216,-139.0879248399294
-84.79046494484673,-110.44744338428904,-63.61229739087965,-228.5330975952788,-96.48366288148614,-182.9994661424304,-119.3321053224888,-140.75523271633497,-100.76457414053692,-125.9758178139992,15.759418383325077,-228.8013114060716,2.248815479768534,-140.0305643518292,-53.17316942227636,-103.74059044161312,-216.6483933753525,-119.28029846306282,-159.19007097146388
-13.237427787905384,-70.61830027335407,75.65639213506603,-196.45034109206517,-31.070187328224076,-129.15976103268997,-76.88496413686434,-97.64089961740298,-127.4577002877274,-97.8813253751385,145.8418595568865,-218.71182319528955,88.03838280430028,-140.2006690072954,17.06439604189427,-118.70629915039775,-155.45936619147224,-40.10484690098597,-172.71625113258838
41.31401543942449,-65.72657846716918,142.6043763321602,-155.70700541032005,27.83194163610709,-112.64639306576277,-45.54836919960445,-93.76791548513522,-112.4560558768598,-75.72522982043799,181.95846165633984,-166.27059448310726,88.1712142297856,-163.34595394050004,38.96003218584901,-106.84773203318866,-92.63779185009096,-61.91007415996394,-145.58753383969167
32.62518509266524,-86.16849221257107,91.52732784117424,-159.12587579396208,25.08649539753045,-112.31832820560044,-36.11923861516495,-109.82222632260446,-92.36525940456674,-99.0212016764892,135.70861645857298,-160.6786702517022,22.040183212661866,-143.3945596471391,-1.803709019578809,-104.20260763136667,-118.88507051025547,-114.2260512298554,-84.80539637668598
22.11577711130709,-91.98805207667276,50.72774488846746,-159.02651747508196,-24.05491889174058,-93.49746722217895,-19.516644165026563,-79.8101575153896,-61.06422230541063,-62.74356394008894,109.48088211577443,-173.6290379372115,10.620219030732311,-116.16019379506965,-19.51618708312004,-88.41446560025747,-159.68582506792796,-94.34190716167092,0.3923800707015153
38.66798164053356,-84.1689758731572,90.01717602420193,-164.0202744314602,-14.873477924968835,-69.3295598906603,68.13306194121127,4.007660766844228,13.720485499570165,61.80494757193468,122.82849666822138,-185.88660854310763,70.37582203717179,-102.28629459255605,61.58608701947019,-69.50769262038192,-85.78463615462672,-11.82268259785091,70.07759370510611
57.64362603106842,-71.3659346583017,113.5039597846058,-133.6296768529029,35.75130811674755,-46.0913418654365,111.61910813044014,24.222360998397058,75.21682314856442,84.64204543941999,117.83813358009496,-174.1150763085061,61.409737715798194,-76.8703218349516,154.14367799477205,-72.87585787046298,-0.9522142865266444,0.9669559496452074,37.17344250965296
74.29362398292555,-30.311514067027023,83.3619848236204,-80.93744376481258,-2.576278984266074,-52.55290565937023,68.91159463677502,-59.31413821968638,32.27165986463661,-71.49279423352411,73.43687005116728,-123.50268084675967,-11.00118074736242,-82.57097790271915,67.80687076658918,-76.64202501929061,25.67924926525033,-54.52451965560208,-46.2511722916181
92.00374655542213,-0.876316941579943,63.07301570292892,-68.23266991737466,-97.61653142096878,-91.11682078780916,-34.34196191648226,-134.7404293772405,-82.55602405643324,-172.1517677979491,45.14826278635393,-94.64082217599916,-67.31481251015005,-79.11601681368298,-118.58231422230452,-80.12829506428778,51.26147929003849,-70.68240153284158,-103.51194666013332
95.7942573795362,-16.90366872614591,51.60860235991105,-44.07619244058791,-141.20191418247646,-84.18014957988291,-141.12273693911712,-145.23501462323117,-104.1628122900184,-126.5065113864093,40.8303715939775,-74.68628293747985,-103.207419965743,-32.321457181232475,-136.0222023804442,-29.4332891291862,84.02846957814617,-89.12695139087829,-152.30269372152782
114.43846323761566,-19.867075517913086,49.07203543532327,2.032203846457404,-168.98082036640227,-9.16530815367507,-141.76547195369074,-120.1916940340304,-54.19609870587723,-86.79238930657775,35.48210457897174,-36.71292646560137,-106.5438711212059,23.990407295767582,-53.08418724339563,44.173239633814646,97.36794429784965,-154.87109541788774,-176.04961174798035
142.66756178195757,0.9070843320833092,35.33762023416852,55.66622318729705,-198.77112557441083,4.1734586249042,-143.96948214794972,-141.76217586696205,-89.95304955045538,-142.17874885623314,12.667306188913054,23.876439910009378,-134.67467059525305,46.96690832930245,-66.11227432167543,22.570354567405317,72.94687857178427,-209.6933907331953,-195.8903600975926
97.4049481608266,-13.577969919866076,-17.53767278751973,51.88147629138322,-212.70832046397203,-108.9588344424664,-205.55271108344772,-256.63870294101537,-120.19879714364448,-257.06714712308013,-53.89062672433157,69.76384613317296,-193.90253558186973,-25.93228339314322,-101.07247497599056,-54.401759737799736,10.607634506476792,-240.2708801177559,-248.61016590805116
41.1058341291045,-55.23217730833691,-42.05309382412612,-37.87415859228588,-205.3419321617762,-185.67546270736608,-193.1306903679485,-322.4004619373853,-56.42181514879773,-270.6519421835043,-57.65036054344019,44.24041844925085,-179.46094242271045,-85.99400537149216,-84.29871069279938,-79.23548838337518,22.50616620110952,-250.61384821142877,-257.41841130550984
51.20431160758404,-50.39469596834464,-11.062547000836924,-51.68588287863653,-167.8039266579358,-118.97021732407,-148.77951456521376,-247.8587866194426,-82.09996106017928,-188.0353593518583,-5.765392584192148,52.09712904673216,-138.535203038233,-14.9390363605187,-46.135101126788186,-22.86609393078596,90.79279178609828,-210.110287458583,-222.58322619553172
52.32343518789613,-14.456415496500648,5.549119900786726,3.230610891910625,-175.29059400034558,-60.77204754663924,-164.12633903364937,-191.843537413162,-211.15791132245224,-160.3486687581547,-23.3255095710157,109.06386784773662,-138.906740075477,53.2857059503417,-30.94523759458617,8.920718728270726,56.623874122913975,-180.99517400022776,-207.775043621141
42.78812518274353,-25.32543026267636,-13.907651755152523,-15.125304102172446,-209.16071378973572,-107.28218847615578,-188.6981405426745,-172.388947818725,-212.2017842990605,-129.511862616227,-55.40030179143004,76.62501376786123,-139.12697358354825,7.658946562291465,-86.05300128253253,-37.63478304972968,11.01831173650489,-189.96668213124235,-161.86248276185188
21.72152526025922,-47.40711362417136,-51.15737779945318,-59.21248385010786,-201.2040328020728,-134.41247710980795,-200.2176019719328,-96.6003504730758,-143.23007599190433,-83.08381925576282,-83.43486996971464,5.325204080631296,-122.0830617251574,-47.54526633166582,-145.92694590476574,-49.732057380900905,-13.195607957465594,-158.20903412498714,-124.29693698492368
-37.077278460329,-20.21392284588892,-97.89924082398856,-41.281292335840085,-162.83597769533233,-59.27079470315291,-175.4404828521928,-31.98160303576176,-161.33134587842645,-43.47549600033168,-79.4918825109081,-17.843422573008226,-82.21653233639496,-15.95929793270199,-114.71255949265075,-4.075430248497103,-94.74897317478124,-83.79559602176668,-148.24099513446865
-75.58450910250109,-25.096414864702272,-122.79389981207773,-22.60105514395607,-73.44500240229485,24.33580392992996,-56.89709567418449,26.28754714646956,-69.08570248171806,62.57981519392311,-53.3064715045961,-33.644116325364166,-40.17632772790654,44.39870938518928,7.027889788508861,52.42716594870926,-143.97690412553348,-8.431975713979243,-86.15375288543544
-91.81342118234434,-72.17029673183579,-136.80361446617266,-47.92476859096193,5.1134307007960125,68.01469004213428,68.81191792876193,157.03024398716332,158.34224536167184,181.56866155881784,-96.48191993605968,-24.26097446735823,-19.45498838579096,88.1717792078636,96.92917271871244,100.2837241806682,-152.02832303589014,46.87774792552443,56.06955267606362
-94.68256120567676,-44.057260566448846,-148.45816251301878,-19.37230816852149,11.02073843819185,127.41541848546991,90.57980617442044,293.3766601334863,206.9255509647362,281.7363307926001,-99.22089598270016,28.102370970672897,-17.82259772208817,108.47559094136756,45.78766863621044,125.89075858839392,-156.9609008617306,61.11230257093542,87.0307982508942
-93.5776766099776,10.842816604956974,-127.66044379207034,36.33624873781625,-1.2573142278318163,139.5681914988794,44.36255544147605,292.5700700257227,93.28998109310668,291.4237837782188,-48.56306210503881,31.875451843791364,-34.52294779723476,105.0557736248917,-13.891522176577164,137.79408473740116,-148.08276414982785,25.07589883312705,36.04523008443942
-113.88076193681118,9.478070682043755,-105.73713839588513,13.666039522625136,-16.510578704558718,106.02729131936655,-15.185745681167855,215.62413926094013,37.0196360145193,177.72579383503108,-42.73597654902809,-19.79962757367937,-40.30790869315673,115.10599368763334,-7.67245063233327,138.98184240781734,-135.3644262032047,11.714516721381573,31.866505909708287
-104.32325843444204,-18.245779229172943,-96.1760689157994,-42.62104863652326,-39.16587157266021,144.12688509156382,-47.82330669584956,233.47805861959475,56.24449270989137,167.38930247955597,-51.721387842421,-51.6376496224008,-28.74670470634031,126.7052335771822,-31.368635063671263,147.5823373657507,-122.34663739985928,54.6941112117607,96.2852093320582
-62.80644745582997,-78.92975924422372,-105.49576758035278,-90.6155333753726,-45.46294041123824,179.17190323540282,-3.536696766512057,309.8817618626473,113.18910038170124,285.9735906056119,-58.125379949643325,-71.3520240016339,-49.72364118283637,148.11046806464714,-22.423896568994465,174.1179094275251,-133.04341098043523,79.09957454327338,191.25333959457308
-33.17484924059516,-111.3525629720879,-120.77887757607732,-107.56961063701526,-18.283559757807044,164.23167000576254,110.63873586369093,342.9183104574146,132.13704718977192,328.67350767913314,-19.484195495349898,-47.43685658775223,-59.35732946914378,185.71002096697848,38.13836733586651,204.3922495822272,-120.32476083048668,84.3993592493096,239.0986139287525
14.304762103544846,-58.37858571989314,-48.44679094255372,-48.35144831720135,27.11632137962136,178.26604676056124,192.0213757770836,294.3555637743929,101.03503686035874,258.74690595547514,45.90941248536373,28.73378696507015,-4.389680785460066,190.39969841115027,70.31252534228342,209.08717360858236,-31.482831973605165,77.08277987779353,233.10523442905068
44.76080820871752,-25.097538515366917,19.60575854906324,26.262262639547444,44.25229650262396,175.4695128233709,163.16560619981828,233.3848526206994,126.37957233388954,223.4866388218233,40.03076054398196,49.163513706015735,14.968875071611984,170.68894521970077,117.6534115691558,187.38883616056916,41.65341383116166,75.3378239490398,227.86035105696124
-12.102974657682529,-38.1689102822314,-25.25527714576017,11.658379224981068,4.2963655076111325,126.40653127894672,88.99774175259158,259.87634565083977,146.42823441724292,276.03538516776206,-21.57704935017768,25.165862316274225,-17.05441557846872,138.56374109365035,134.47626633205115,167.9606430526469,27.66383563869998,86.87705298500131,225.10138277684297
-80.68710337939426,-31.60399311960248,-82.48329195650886,-42.84633236810368,-75.0557353191511,61.55566633763,-7.582515591315199,221.50610170412185,75.44291464836944,220.99898364938144,-74.14824104652357,35.13286539317449,-65.83264649785212,67.27964466544113,35.50004910979945,119.15797485876232,-21.37219252988461,48.599182161153976,146.34292609722183
-78.78611541891426,-13.782221314681536,-100.10941232361506,-34.99385080741188,-121.19527721644418,-21.435903152274385,-108.10976594585516,74.02396488330828,10.72589789363373,50.14265894661116,-71.67843565552657,45.18630680757859,-115.78287306730316,-9.807659218172258,-36.79902021831324,34.89859045900382,-25.052417256865912,62.59018097995542,25.04961632379053
-2.771501924082247,21.784898684396023,-13.0274649074678,31.81349555729961,-75.60135594389254,-42.28836297721055,-103.30012620251227,50.49676810412913,-20.830482860050083,7.300798857883938,11.360664931284765,44.8750692475701,-63.15618797279139,-13.05633516853606,9.659692348576934,3.1594953565649964,65.44006261407435,228.4162741244668,22.624918374566
84.97601395458935,106.27042367486712,127.18798841796998,157.92974309154803,29.86970832849856,53.23054674311624,-27.424319930601804,141.74579550998985,-53.61148235360581,97.67440176627304,107.9579908505108,92.72322181357696,42.6164175300947,41.87544564945489,50.128056096433866,63.92104641434093,203.53874814502305,420.6449576727636,88.98078870918033
95.14742833780356,168.35569957470133,137.98077652181004,281.7497118927436,132.45524941103403,176.1994032442834,33.29733048339649,221.2568905170615,-33.91792919365743,218.2686969221245,120.65931814373516,159.11799756194853,99.51317855608876,123.36494465132618,29.43052140396942,152.61813057396012,254.96875364263008,512.1100170634845,147.06118503690638
35.36675913446842,161.22602656557987,89.60688312554115,295.93894921103424,183.57186780012896,241.0768176662529,63.25158554067055,284.1011312073585,-0.1410314870520839,327.60046528818145,76.60526079458442,167.8688476338903,123.1806968375695,207.59043685794728,1.6290951078147895,219.63186699162,168.8598022180076,507.4434368764638,187.3493543648432
-67.45145749363984,160.4831587432281,46.62590603947364,236.992925486554,153.67572202224193,244.7068528403286,41.56234682227776,296.89948960010446,-50.77443861221961,321.6033851027637,20.261635778762216,132.7132927021048,89.83766896724916,206.25741398173207,-0.2028647456145697,220.5453488640948,16.427361637818887,465.8101294083537,141.1338533957811
-134.76447522739568,190.78658829692543,-9.138944397020689,230.3525364666616,111.86505592065674,277.4787693705521,28.053519879552244,318.8036702662289,-75.03876788631884,300.253329526932,-45.28711129122953,115.26039083324672,45.96927412674547,177.7250928037427,-4.822252860674534,187.2927145213948,-64.64082422678118,469.6265019369251,176.60612008578315
-66.03245567477933,241.3218323531646,31.976850971046957,341.393285020783,160.88028612569028,394.4928700317687,100.12563360052076,409.77267672412,45.49297552444063,367.2584532999487,-25.220109689937303,148.36211637380285,87.34812177485918,213.71946970405747,-5.268413291786848,232.49926156570592,58.96020287731791,562.5442084497079,392.0523316956365
83.17483658506579,277.3044356071575,172.3096709134654,444.4099480170743,277.8512936960505,470.4374842814721,235.9472442648115,427.062730986676,160.17713907484497,317.255319267006,113.55416125725375,206.2951881779501,188.4458200650999,260.9674490186296,66.92392744876128,269.6411973549376,264.378044996507,623.3100515500773,552.5439043844063
183.349449077366,246.34853700564412,272.0337502001877,432.558369104712,369.6008420042748,426.8796919905239,349.4960756620184,335.2292989736486,173.41882943451142,202.2315335608766,213.49530403449776,244.05964169012725,279.42912078131087,256.53893977763846,141.99623963355128,220.4459999857477,313.29884151521225,587.9562969840711,552.4687535524091
165.9185733243207,210.27888135524265,236.8582666065882,406.7559459505978,373.32310546473474,353.4365400793134,350.94167863913066,283.3354392685792,163.8060824010236,212.95810720470115,150.37311148761418,244.55656520053412,296.3596026915869,204.27469305693648,167.45686243949618,170.12166232611366,254.01806454302417,550.283298323206,471.8439348470292
114.11072975863829,216.283532253578,141.2012111709471,417.2969630895363,285.42892870521433,302.9338126290067,260.102145788028,296.48955216004845,115.86612962273512,229.39047090454272,48.96980631654048,228.99307032108695,217.12192594846363,196.6595830485961,134.4278231328473,158.5962461747537,236.58462964622564,508.5001779311007,410.4127542051944
