0,1,2,3,4,5,6,7,8,9,10,11,12,13,14,15,16,17,18
1.0,0.5070048784501732,0.8761780247566053,0.7062765678667758,0.6979437340611442,0.5677940927505067,0.5072293609121798,0.40012560445753537,0.09284707283928063,0.3646098581909449,0.802502857616047,0.5104607398609885,0.7186448196518311,0.4992838351870412,0.3094323790079831,0.4615059712246698,0.8487789313862704,0.5625621654991882,0.32320585933982177
0.5070048784501732,1.0,0.6488497044130869,0.9031796062423977,0.48980576916485613,0.7110304748675476,0.3376990309865889,0.5185043634859093,-0.06263708909250046,0.4199047668603075,0.6042092658478474,0.6641548410070599,0.5311516183375675,0.6155732429312566,0.14236485598798135,0.5475276355933156,0.6694914953399504,0.6960053871518019,0.25213416100207126
0.8761780247566053,0.6488497044130869,1.0,0.7264272799471808,0.7771491805010347,0.6573687960756508,0.573650021610835,0.5333214694069113,0.13254526413906537,0.4701703413316041,0.9217758960636645,0.47035803780141905,0.8235275034841824,0.6020077685867403,0.41642915659137053,0.5627643851313197,0.7795430327431129,0.6745090764323675,0.34929052008038447
0.7062765678667758,0.9031796062423977,0.7264272799471808,1.0,0.6520919360750426,0.8040736726305305,0.4848490026275143,0.5897985160333512,0.12286622025605821,0.5379081993793631,0.6678714820723396,0.8088476376237655,0.6808012366869366,0.7333584657938016,0.30405305542661204,0.679951870120244,0.7829094310132626,0.7394246603264346,0.38806818478181115
0.6979437340611442,0.48980576916485613,0.7771491805010347,0.6520919360750426,1.0,0.6910747846321044,0.8394772810523164,0.6115155348026128,0.36476379637787115,0.5819177807914739,0.7007519975300533,0.48209719423760655,0.9344929950769143,0.6152043398365489,0.5640586308814511,0.5999195532331411,0.6794210575855552,0.7785399946928901,0.6292690462736882
0.5677940927505067,0.7110304748675476,0.6573687960756508,0.8040736726305305,0.6910747846321044,1.0,0.5965001982487739,0.8542744844360023,0.3131043160159923,0.7944824166474413,0.6147932301410273,0.6210954301478198,0.7107797768740234,0.9451299895697517,0.45921801199121254,0.9235070485834245,0.6089694646319047,0.7768101680378405,0.48446847108677016
0.5072293609121798,0.3376990309865889,0.573650021610835,0.4848490026275143,0.8394772810523164,0.5965001982487739,1.0,0.5711180779132108,0.6260765031113874,0.5612208600255105,0.5107934348737881,0.37414781242741574,0.7844708968548678,0.5396829992460096,0.73961310852483,0.5328568263160729,0.501046966610332,0.6326884615931593,0.7646686867592715
0.40012560445753537,0.5185043634859093,0.5333214694069113,0.5897985160333512,0.6115155348026128,0.8542744844360023,0.5711180779132108,1.0,0.435867898910359,0.9608053126459049,0.47884436007703923,0.3669572002161327,0.6076537944136369,0.8209785736398973,0.46929475614066063,0.855423171282454,0.46884392179422396,0.7141506625565271,0.517369154686112
0.09284707283928063,-0.06263708909250046,0.13254526413906537,0.12286622025605821,0.36476379637787115,0.3131043160159923,0.6260765031113874,0.435867898910359,1.0,0.48977731421560633,0.060055898886203316,0.09740540873780262,0.3074609958065671,0.3340714678783709,0.5982796560818108,0.36663068624696665,0.16480256483238204,0.264262184851322,0.5588764313260954
0.3646098581909449,0.4199047668603075,0.4701703413316041,0.5379081993793631,0.5819177807914739,0.7944824166474413,0.5612208600255105,0.9608053126459049,0.48977731421560633,1.0,0.4230155088952577,0.3400304312616263,0.5654951291377918,0.7849206393297707,0.46901862543751516,0.8352632485130144,0.4283600005433534,0.6581669314156214,0.5092276697788969
0.802502857616047,0.6042092658478474,0.9217758960636645,0.6678714820723396,0.7007519975300533,0.6147932301410273,0.5107934348737881,0.47884436007703923,0.060055898886203316,0.4230155088952577,1.0,0.42154092245683666,0.7834195481796686,0.5620253709603159,0.3846919982361773,0.5214734096921229,0.6392903184061912,0.6156247082141176,0.27135042114485425
0.5104607398609885,0.6641548410070599,0.47035803780141905,0.8088476376237655,0.48209719423760655,0.6210954301478198,0.37414781242741574,0.3669572002161327,0.09740540873780262,0.3400304312616263,0.42154092245683666,1.0,0.4864790575383494,0.6103683303052841,0.20134804420502864,0.5643889273716992,0.5791966297825039,0.5036397907130288,0.28566085637045563
0.7186448196518311,0.5311516183375675,0.8235275034841824,0.6808012366869366,0.9344929950769143,0.7107797768740234,0.7844708968548678,0.6076537944136369,0.3074609958065671,0.5654951291377918,0.7834195481796686,0.4864790575383494,1.0,0.6604122563768081,0.6199659267938928,0.6336072949820379,0.6658339773952371,0.7354994108181776,0.5252923887971147
0.4992838351870412,0.6155732429312566,0.6020077685867403,0.7333584657938016,0.6152043398365489,0.9451299895697517,0.5396829992460096,0.8209785736398973,0.3340714678783709,0.7849206393297707,0.5620253709603159,0.6103683303052841,0.6604122563768081,1.0,0.4599475784195043,0.9684058338788274,0.548893152537781,0.6704579555127061,0.3957018651954556
0.3094323790079831,0.14236485598798135,0.41642915659137053,0.30405305542661204,0.5640586308814511,0.45921801199121254,0.73961310852483,0.46929475614066063,0.5982796560818108,0.46901862543751516,0.3846919982361773,0.20134804420502864,0.6199659267938928,0.4599475784195043,1.0,0.4408563764643369,0.30092691267291904,0.42008058551561756,0.4282990949119881
0.4615059712246698,0.5475276355933156,0.5627643851313197,0.679951870120244,0.5999195532331411,0.9235070485834245,0.5328568263160729,0.855423171282454,0.36663068624696665,0.8352632485130144,0.5214734096921229,0.5643889273716992,0.6336072949820379,0.9684058338788274,0.4408563764643369,1.0,0.5050787591897472,0.6533840825322117,0.413040624379853
0.8487789313862704,0.6694914953399504,0.7795430327431129,0.7829094310132626,0.6794210575855552,0.6089694646319047,0.501046966610332,0.46884392179422396,0.16480256483238204,0.4283600005433534,0.6392903184061912,0.5791966297825039,0.6658339773952371,0.548893152537781,0.30092691267291904,0.5050787591897472,1.0,0.6586118144550754,0.41712419420622476
0.5625621654991882,0.6960053871518019,0.6745090764323675,0.7394246603264346,0.7785399946928901,0.7768101680378405,0.6326884615931593,0.7141506625565271,0.264262184851322,0.6581669314156214,0.6156247082141176,0.5036397907130288,0.7354994108181776,0.6704579555127061,0.42008058551561756,0.6533840825322117,0.6586118144550754,1.0,0.5940289699611523
0.32320585933982177,0.25213416100207126,0.34929052008038447,0.38806818478181115,0.6292690462736882,0.48446847108677016,0.7646686867592715,0.517369154686112,0.5588764313260954,0.5092276697788969,0.27135042114485425,0.28566085637045563,0.5252923887971147,0.3957018651954556,0.4282990949119881,0.413040624379853,0.41712419420622476,0.5940289699611523,1.0
