0,1,2,3,4,5,6,7,8,9,10,11,12,13,14,15,16,17,18
1.0,0.18439306188048546,0.783802422690722,0.39400815002502304,0.5701140308384717,0.2863162648737971,0.44656940554454977,0.18746723013731648,0.113784934347258,0.1094880294045182,0.6363493039384975,0.09953748280365461,0.6088203812013454,0.17147881845569918,0.2825606559209232,0.1472382549560396,0.8130525165749026,0.23474608049150764,0.33850686444477734
0.18439306188048546,1.0,0.5302418858632414,0.9116610955884652,0.17699694874059252,0.7699247584421214,0.1362989955286763,0.6272036654830394,-0.13122596013814491,0.5586629908410577,0.5117044242559599,0.5785490083122561,0.15355292746312676,0.738669961984994,-0.12216056028909096,0.7004243559339376,0.3486244422124231,0.7166663234752852,0.16040560290973951
0.783802422690722,0.5302418858632414,1.0,0.5683871598447128,0.5941405489208066,0.46745986478672613,0.42714702148267414,0.4591162887359088,0.12841013035493778,0.40248861692474047,0.8920931869638098,0.2127082364048038,0.5904933717924639,0.39173870203033456,0.20561240793483376,0.37923275530525685,0.7373198382459962,0.5267989009216932,0.3782170111729212
0.39400815002502304,0.9116610955884652,0.5683871598447128,1.0,0.3233287900572956,0.8168625715856985,0.27384213283677244,0.6173712342769023,0.020561874999307672,0.5737999227067635,0.49093270739044925,0.6785118358501316,0.3318781244427062,0.7811827277424188,0.07507943144555745,0.742093695394328,0.48013888304366864,0.6998000120829818,0.25789112968092304
0.5701140308384717,0.17699694874059252,0.5941405489208066,0.3233287900572956,1.0,0.3132484839214125,0.7781853839202539,0.23016272931134216,0.3557463392693631,0.20832183589459302,0.4700913866531407,0.022690747234639843,0.8821564643824256,0.18731365372233486,0.4308354823154261,0.18889625208006558,0.60715217942804,0.565537109329578,0.6119237021664259
0.2863162648737971,0.7699247584421214,0.46745986478672613,0.8168625715856985,0.3132484839214125,1.0,0.3863261774648746,0.8275489796163723,0.11339066346830212,0.7452598871464889,0.47450947192806464,0.5301698884585565,0.3044824976710877,0.9406722392183379,0.20204252609286666,0.9241927848524077,0.26418151738572127,0.7373609303316461,0.38453829253858995
0.44656940554454977,0.1362989955286763,0.42714702148267414,0.27384213283677244,0.7781853839202539,0.3863261774648746,1.0,0.3686499821330974,0.6396435748679477,0.33654430241730077,0.3666185396599474,0.09919423053131629,0.6952336999073192,0.278370307219255,0.693703555014859,0.2887842130774478,0.39396332088730596,0.4930019914759382,0.7500323592779
0.18746723013731648,0.6272036654830394,0.4591162887359088,0.6173712342769023,0.23016272931134216,0.8275489796163723,0.3686499821330974,1.0,0.2792052269994493,0.946375134042539,0.4729900441765424,0.3417352796129021,0.1948931786820847,0.7884442584719491,0.17299143760706792,0.8311041978961795,0.1639979322110413,0.7023519559332875,0.5128378528437465
0.113784934347258,-0.13122596013814491,0.12841013035493778,0.020561874999307672,0.3557463392693631,0.11339066346830212,0.6396435748679477,0.2792052269994493,1.0,0.3471217477873538,0.05468938948615376,-0.04246792318655715,0.3225785522098717,0.07003194507019475,0.6006882653374199,0.12009874158766366,0.13312260162222883,0.1958094973945743,0.6051879856526267
0.1094880294045182,0.5586629908410577,0.40248861692474047,0.5737999227067635,0.20832183589459302,0.7452598871464889,0.33654430241730077,0.946375134042539,0.3471217477873538,1.0,0.4029625708221995,0.3508684448902892,0.16615043754103467,0.7402782480122717,0.15572443045840237,0.7944396790593481,0.1252336863689457,0.6632147019453144,0.4849902468216319
0.6363493039384975,0.5117044242559599,0.8920931869638098,0.49093270739044925,0.4700913866531407,0.47450947192806464,0.3666185396599474,0.4729900441765424,0.05468938948615376,0.4029625708221995,1.0,0.21919106617228995,0.4774200236964111,0.4085647544864875,0.19442002635933497,0.4001352792881704,0.5313880960916916,0.513178598295741,0.3130151784681587
0.09953748280365461,0.5785490083122561,0.2127082364048038,0.6785118358501316,0.022690747234639843,0.5301698884585565,0.09919423053131629,0.3417352796129021,-0.04246792318655715,0.3508684448902892,0.21919106617228995,1.0,0.04401083802165634,0.5530246424401395,0.05900201882883411,0.5120922410427873,0.13821859309958118,0.3541985746063957,0.05391581611549828
0.6088203812013454,0.15355292746312676,0.5904933717924639,0.3318781244427062,0.8821564643824256,0.3044824976710877,0.6952336999073192,0.1948931786820847,0.3225785522098717,0.16615043754103467,0.4774200236964111,0.04401083802165634,1.0,0.176189100396853,0.4924611825033299,0.16828903067603557,0.5681205369502769,0.43739915972723953,0.514827665160297
0.17147881845569918,0.738669961984994,0.39173870203033456,0.7811827277424188,0.18731365372233486,0.9406722392183379,0.278370307219255,0.7884442584719491,0.07003194507019475,0.7402782480122717,0.4085647544864875,0.5530246424401395,0.176189100396853,1.0,0.15070307126723048,0.9767758969663431,0.1864241160653841,0.6448394234032842,0.24473473447376692
0.2825606559209232,-0.12216056028909096,0.20561240793483376,0.07507943144555745,0.4308354823154261,0.20204252609286666,0.693703555014859,0.17299143760706792,0.6006882653374199,0.15572443045840237,0.19442002635933497,0.05900201882883411,0.4924611825033299,0.15070307126723048,1.0,0.14327477566848154,0.16551698438904536,0.1314608551696376,0.36270760819610165
0.1472382549560396,0.7004243559339376,0.37923275530525685,0.742093695394328,0.18889625208006558,0.9241927848524077,0.2887842130774478,0.8311041978961795,0.12009874158766366,0.7944396790593481,0.4001352792881704,0.5120922410427873,0.16828903067603557,0.9767758969663431,0.14327477566848154,1.0,0.16414258354814681,0.6580906883396694,0.28691213148726913
0.8130525165749026,0.3486244422124231,0.7373198382459962,0.48013888304366864,0.60715217942804,0.26418151738572127,0.39396332088730596,0.1639979322110413,0.13312260162222883,0.1252336863689457,0.5313880960916916,0.13821859309958118,0.5681205369502769,0.1864241160653841,0.16551698438904536,0.16414258354814681,1.0,0.3464509801667968,0.3764258469203564
0.23474608049150764,0.7166663234752852,0.5267989009216932,0.6998000120829818,0.565537109329578,0.7373609303316461,0.4930019914759382,0.7023519559332875,0.1958094973945743,0.6632147019453144,0.513178598295741,0.3541985746063957,0.43739915972723953,0.6448394234032842,0.1314608551696376,0.6580906883396694,0.3464509801667968,1.0,0.5667153974401895
0.33850686444477734,0.16040560290973951,0.3782170111729212,0.25789112968092304,0.6119237021664259,0.38453829253858995,0.7500323592779,0.5128378528437465,0.6051879856526267,0.4849902468216319,0.3130151784681587,0.05391581611549828,0.514827665160297,0.24473473447376692,0.36270760819610165,0.28691213148726913,0.3764258469203564,0.5667153974401895,1.0
