0,1,2,3,4,5,6,7,8,9,10,11,12,13,14,15,16,17,18
1.0,-0.15502637331961652,0.6950757072322366,0.10728087425531214,0.6951149609060254,-0.11269702984045248,0.5250357362101828,-0.15451837146016104,0.2921702828552949,-0.1810779233452046,0.6048288879065227,-0.14700683620115174,0.5108287543933837,-0.23149358462059785,0.3163289251641575,-0.25152852885268207,0.8520745147909169,0.01629052139579376,0.43040257267536547
-0.15502637331961652,1.0,0.42425208753227356,0.9121701947507199,-0.06747323892442225,0.8201678442693976,-0.08860836953485798,0.666304950848252,-0.29821935493249646,0.6217302997237661,0.43545387608687547,0.8336543526218638,0.2325000047460921,0.807910736499168,-0.2870212422891191,0.7690261489437542,0.1379064725058281,0.7587571724278238,-0.13647325143485645
0.6950757072322366,0.42425208753227356,1.0,0.49468083334961466,0.6024582569910937,0.37270340490308307,0.4554472250173232,0.3346270090714642,0.17731586430555973,0.2611831524143514,0.9329846625569762,0.28188043964850773,0.6312284066048596,0.3112530281788683,0.22949309530399106,0.2695511825725274,0.7124512059210202,0.5132414387076706,0.3123429899123835
0.10728087425531214,0.9121701947507199,0.49468083334961466,1.0,0.14534176242929167,0.8160220203597578,0.08192571937617882,0.6363463890428139,-0.14981730504992108,0.6235376674473653,0.4963440910465585,0.8628246170799674,0.3439984254244279,0.76504155664657,-0.15141741113050855,0.7392356168684546,0.3307927610091446,0.7226502739293632,0.044448197475104353
0.6951149609060254,-0.06747323892442225,0.6024582569910937,0.14534176242929167,1.0,0.08128689055986166,0.8075697038696794,0.08235688331673467,0.4019756857966526,0.0752002331668285,0.576458873400782,-0.06937368453863117,0.6088395929966324,-0.03812467026214183,0.4815287259236389,-0.04511072243306179,0.6323550420251681,0.30575039102206475,0.6343946448729006
-0.11269702984045248,0.8201678442693976,0.37270340490308307,0.8160220203597578,0.08128689055986166,1.0,0.12928446185958256,0.8906135080469357,-0.03367655966460875,0.8459758953295456,0.3976323825152959,0.7362560335194543,0.2633844670559585,0.9600610130902378,-0.0026023379823092913,0.9428935133228666,0.05843035442364944,0.7944486825132563,0.1082513001420265
0.5250357362101828,-0.08860836953485798,0.4554472250173232,0.08192571937617882,0.8075697038696794,0.12928446185958256,1.0,0.20538212892418864,0.6744576095209589,0.19917034819265814,0.4431631416011148,-0.08124249985342077,0.564907197020252,0.03602904227330779,0.7113787052031393,0.03450393121134955,0.4390210289951648,0.26670556518321903,0.7787665061043111
-0.15451837146016104,0.666304950848252,0.3346270090714642,0.6363463890428139,0.08235688331673467,0.8906135080469357,0.20538212892418864,1.0,0.15094032467423452,0.9604881328404284,0.3478363700136888,0.5265663637809622,0.19588204642153112,0.8813405456599114,0.10377324181760025,0.896971890893706,-0.020287674949331157,0.7608880187900928,0.24708988290678882
0.2921702828552949,-0.29821935493249646,0.17731586430555973,-0.14981730504992108,0.4019756857966526,-0.03367655966460875,0.6744576095209589,0.15094032467423452,1.0,0.1809551342109826,0.13273140484010457,-0.24856579724021852,0.21459774842468582,-0.07529181290655877,0.6443954228128553,-0.031260009993883855,0.2319260835131722,-0.006185855438987417,0.618504198892109
-0.1810779233452046,0.6217302997237661,0.2611831524143514,0.6235376674473653,0.0752002331668285,0.8459758953295456,0.19917034819265814,0.9604881328404284,0.1809551342109826,1.0,0.26664008704654396,0.5334340052213961,0.19579128604945853,0.8379168703579742,0.062367630222999314,0.8729293851493796,-0.039816124629446,0.7102662401691502,0.2437855497175415
0.6048288879065227,0.43545387608687547,0.9329846625569762,0.4963440910465585,0.576458873400782,0.3976323825152959,0.4431631416011148,0.3478363700136888,0.13273140484010457,0.26664008704654396,1.0,0.32585190780281453,0.6029481324684796,0.34396637457445567,0.25093015863020673,0.3053795624904581,0.5823619752025817,0.5056764616586404,0.27089283282132454
-0.14700683620115174,0.8336543526218638,0.28188043964850773,0.8628246170799674,-0.06937368453863117,0.7362560335194543,-0.08124249985342077,0.5265663637809622,-0.24856579724021852,0.5334340052213961,0.32585190780281453,1.0,0.20510201909742004,0.748891620879348,-0.256348749436938,0.7192211474246655,0.05874081161892565,0.5770489643188157,-0.11871560791110693
0.5108287543933837,0.2325000047460921,0.6312284066048596,0.3439984254244279,0.6088395929966324,0.2633844670559585,0.564907197020252,0.19588204642153112,0.21459774842468582,0.19579128604945853,0.6029481324684796,0.20510201909742004,1.0,0.1823730428024065,0.3245215082221341,0.14070935046885477,0.48404480010997747,0.4267130489871895,0.3915843840152244
-0.23149358462059785,0.807910736499168,0.3112530281788683,0.76504155664657,-0.03812467026214183,0.9600610130902378,0.03602904227330779,0.8813405456599114,-0.07529181290655877,0.8379168703579742,0.34396637457445567,0.748891620879348,0.1823730428024065,1.0,-0.04513871641180936,0.9810273073140595,-0.04278380304155262,0.7397763257003286,-0.0018038937831850613
0.3163289251641575,-0.2870212422891191,0.22949309530399106,-0.15141741113050855,0.4815287259236389,-0.0026023379823092913,0.7113787052031393,0.10377324181760025,0.6443954228128553,0.062367630222999314,0.25093015863020673,-0.256348749436938,0.3245215082221341,-0.04513871641180936,1.0,-0.051355369296496756,0.16680580143604298,0.04677957829921892,0.4780589858149689
-0.25152852885268207,0.7690261489437542,0.2695511825725274,0.7392356168684546,-0.04511072243306179,0.9428935133228666,0.03450393121134955,0.896971890893706,-0.031260009993883855,0.8729293851493796,0.3053795624904581,0.7192211474246655,0.14070935046885477,0.9810273073140595,-0.051355369296496756,1.0,-0.06433503216456564,0.720175908887814,0.011790724047217867
0.8520745147909169,0.1379064725058281,0.7124512059210202,0.3307927610091446,0.6323550420251681,0.05843035442364944,0.4390210289951648,-0.020287674949331157,0.2319260835131722,-0.039816124629446,0.5823619752025817,0.05874081161892565,0.48404480010997747,-0.04278380304155262,0.16680580143604298,-0.06433503216456564,1.0,0.22997941319035525,0.3865503747433504
0.01629052139579376,0.7587571724278238,0.5132414387076706,0.7226502739293632,0.30575039102206475,0.7944486825132563,0.26670556518321903,0.7608880187900928,-0.006185855438987417,0.7102662401691502,0.5056764616586404,0.5770489643188157,0.4267130489871895,0.7397763257003286,0.04677957829921892,0.720175908887814,0.22997941319035525,1.0,0.273524846951865
0.43040257267536547,-0.13647325143485645,0.3123429899123835,0.044448197475104353,0.6343946448729006,0.1082513001420265,0.7787665061043111,0.24708988290678882,0.618504198892109,0.2437855497175415,0.27089283282132454,-0.11871560791110693,0.3915843840152244,-0.0018038937831850613,0.4780589858149689,0.011790724047217867,0.3865503747433504,0.273524846951865,1.0
