0,1,2,3,4,5,6,7,8,9,10,11,12,13,14,15,16,17,18
1.0,-0.19990652252562405,0.6808943452077884,0.4928619527271312,0.48176487880673424,0.2743864120088205,0.19191497785694198,0.20957083788047973,-0.13027904203556703,-0.044780691271043276,0.5789329909474369,-0.04658323794037443,0.25223668165470675,-0.03197736951247101,0.020029583545880077,-0.030346906677844992,0.5343118750674225,0.4142254560811051,-0.02628819491116863
-0.19990652252562405,1.0,0.17495018870572757,0.596262353413084,0.1805576686983818,0.08398602721001411,0.09872227521557948,-0.004742420283891738,-0.13407177801699582,-0.2541423264137123,-0.2887179787036694,0.39906102074243416,0.26220057787401047,0.3883948848400616,0.24140156280013975,-0.09887708354847509,0.46889946001665284,0.1479510944100047,-0.04609181198359805
0.6808943452077884,0.17495018870572757,1.0,0.6455989791942643,0.7667209248396752,0.2788893866446415,0.37819366621907935,0.17123414433278872,0.037288379977367996,-0.1155226811203417,0.2402885260964813,0.10191238753323656,0.27923519952995113,0.1223013393018585,0.09644342186768123,-0.10051511691911176,0.7832564491521777,0.5992121423806811,0.12789430310954564
0.4928619527271312,0.596262353413084,0.6455989791942643,1.0,0.5055607925067616,0.3616353840292831,0.2724056042932075,0.21584071931712823,-0.04225767955413932,-0.2130186505426062,0.09294000742033326,0.11871507854957371,0.21195999859365827,0.284570367811917,0.06815354153734327,-0.1624769050354778,0.8190033165809413,0.4500736245010927,0.0485998441232427
0.48176487880673424,0.1805576686983818,0.7667209248396752,0.5055607925067616,1.0,0.3790935196893774,0.6789271218586995,0.310370167194493,0.21676689722892634,-0.012479089618056305,0.18531154207704256,0.06046327089532018,0.39744341416325124,0.11154296239503841,0.21180802552059474,-0.11582592752295699,0.6071112907383782,0.7350927356818489,0.3654558576494923
0.2743864120088205,0.08398602721001411,0.2788893866446415,0.3616353840292831,0.3790935196893774,1.0,0.5485965445932341,0.8653407063466925,0.11017112604817497,0.0773702771822144,0.0001276866604906596,-0.33141123164136643,0.284964738767615,0.20498366253769662,0.2558961439346837,0.0332777861924711,0.3204633329428216,0.4922503389979139,0.4005670321059603
0.19191497785694198,0.09872227521557948,0.37819366621907935,0.2724056042932075,0.6789271218586995,0.5485965445932341,1.0,0.5457920895337031,0.4549255047192122,0.1368810525201562,0.018137643325409916,-0.1256570010885712,0.46602522884570147,0.13399546301481166,0.46840309249285433,0.007813014546666703,0.3064824910974465,0.5906747742681991,0.6869440137623993
0.20957083788047973,-0.004742420283891738,0.17123414433278872,0.21584071931712823,0.310370167194493,0.8653407063466925,0.5457920895337031,1.0,0.21436822263235045,0.343086303271436,0.08299073202017565,-0.3081301658628409,0.341915179514814,0.21758451043328775,0.3319233398388428,0.25938288418097677,0.16964099552633027,0.37288501489036185,0.4929087858868501
-0.13027904203556703,-0.13407177801699582,0.037288379977367996,-0.04225767955413932,0.21676689722892634,0.11017112604817497,0.4549255047192122,0.21436822263235045,1.0,0.3507982656447649,-0.0768727909161334,0.0067260758868055125,0.20275447133132124,0.11155260452101122,0.3613512109684819,0.1749149279329094,0.018574780322566427,0.25150104275427865,0.6066975758646195
-0.044780691271043276,-0.2541423264137123,-0.1155226811203417,-0.2130186505426062,-0.012479089618056305,0.0773702771822144,0.1368810525201562,0.343086303271436,0.3507982656447649,1.0,0.05760100327963172,-0.2280002243258454,0.05965066018906568,-0.030221823078240485,0.16219344138194125,0.5125845367237847,-0.21760754858470188,-0.040377735934320556,0.3188271761060287
0.5789329909474369,-0.2887179787036694,0.2402885260964813,0.09294000742033326,0.18531154207704256,0.0001276866604906596,0.018137643325409916,0.08299073202017565,-0.0768727909161334,0.05760100327963172,1.0,-0.09989918182650855,0.024369231873908378,-0.32435347489139404,-0.24813252754064105,0.09917737119550757,0.03990161378325493,0.18230396695842535,-0.08607790506897968
-0.04658323794037443,0.39906102074243416,0.10191238753323656,0.11871507854957371,0.06046327089532018,-0.33141123164136643,-0.1256570010885712,-0.3081301658628409,0.0067260758868055125,-0.2280002243258454,-0.09989918182650855,1.0,-0.07118215665287045,0.22495285019320524,-0.12821504702569728,0.03199665899807658,0.18839660029010438,-0.2138733086882883,-0.15195423023059312
0.25223668165470675,0.26220057787401047,0.27923519952995113,0.21195999859365827,0.39744341416325124,0.284964738767615,0.46602522884570147,0.341915179514814,0.20275447133132124,0.05965066018906568,0.024369231873908378,-0.07118215665287045,1.0,0.20763353668255438,0.733093008462169,0.13903297247710347,0.14453108221069347,0.23571422900613045,0.18864610499938733
-0.03197736951247101,0.3883948848400616,0.1223013393018585,0.284570367811917,0.11154296239503841,0.20498366253769662,0.13399546301481166,0.21758451043328775,0.11155260452101122,-0.030221823078240485,-0.32435347489139404,0.22495285019320524,0.20763353668255438,1.0,0.25831597209031903,0.18718879189447793,0.24278598996098297,0.03916868357754552,0.08410187542239425
0.020029583545880077,0.24140156280013975,0.09644342186768123,0.06815354153734327,0.21180802552059474,0.2558961439346837,0.46840309249285433,0.3319233398388428,0.3613512109684819,0.16219344138194125,-0.24813252754064105,-0.12821504702569728,0.733093008462169,0.25831597209031903,1.0,0.1891309183798718,0.031131871059795955,0.15963498114907587,0.3177929985727759
-0.030346906677844992,-0.09887708354847509,-0.10051511691911176,-0.1624769050354778,-0.11582592752295699,0.0332777861924711,0.007813014546666703,0.25938288418097677,0.1749149279329094,0.5125845367237847,0.09917737119550757,0.03199665899807658,0.13903297247710347,0.18718879189447793,0.1891309183798718,1.0,-0.14889410198366623,-0.18152035983807435,0.07886194324314467
0.5343118750674225,0.46889946001665284,0.7832564491521777,0.8190033165809413,0.6071112907383782,0.3204633329428216,0.3064824910974465,0.16964099552633027,0.018574780322566427,-0.21760754858470188,0.03990161378325493,0.18839660029010438,0.14453108221069347,0.24278598996098297,0.031131871059795955,-0.14889410198366623,1.0,0.5149487386722992,0.13617054029393189
0.4142254560811051,0.1479510944100047,0.5992121423806811,0.4500736245010927,0.7350927356818489,0.4922503389979139,0.5906747742681991,0.37288501489036185,0.25150104275427865,-0.040377735934320556,0.18230396695842535,-0.2138733086882883,0.23571422900613045,0.03916868357754552,0.15963498114907587,-0.18152035983807435,0.5149487386722992,1.0,0.38256139579401843
-0.02628819491116863,-0.04609181198359805,0.12789430310954564,0.0485998441232427,0.3654558576494923,0.4005670321059603,0.6869440137623993,0.4929087858868501,0.6066975758646195,0.3188271761060287,-0.08607790506897968,-0.15195423023059312,0.18864610499938733,0.08410187542239425,0.3177929985727759,0.07886194324314467,0.13617054029393189,0.38256139579401843,1.0
