0,1,2,3,4,5,6,7,8,9,10,11,12,13,14,15,16,17,18
1.0,-0.14933365044435531,0.6997943634183029,0.4102864326378744,0.4221461979782491,0.20935893007682738,0.10281335697657616,0.17046959582944052,-0.2149380710159669,0.014752570887510814,0.6478580271077259,-0.25009535489480855,0.2515335545268994,0.052332188856809146,0.12831647067748314,-0.1724246144037828,0.4683878358399774,0.43938487347856964,-0.0676021207671565
-0.14933365044435531,1.0,0.11453448608669221,0.7010891608657449,0.05271496726938916,0.17095917298804192,-0.03229811116551433,0.19408180091959512,-0.30849689161649635,-0.05552089674789047,-0.26281904510324067,0.6723515405428447,0.08038832596677713,0.17499989389154427,-0.0052437661149068475,0.15844649884999498,0.40771799072743253,0.1875222181258916,-0.1344921129742549
0.6997943634183029,0.11453448608669221,1.0,0.5829670717983259,0.6727791303825257,0.284507258480303,0.28550839335785927,0.2593031384215332,-0.06795802408163379,-0.033609179222926555,0.262609618099788,-0.047863731702689656,0.21580067327746089,0.041030292008511556,0.07654886263971517,-0.1084778777590251,0.745310488759563,0.5382696836006758,0.08272913330315498
0.4102864326378744,0.7010891608657449,0.5829670717983259,1.0,0.3833757771778379,0.3661653512326704,0.09630460594479177,0.3696988696568531,-0.20599370576648535,-0.04726458876493918,0.04733024860805304,0.3365203267951404,0.03695073465974486,0.11990179967634994,-0.06405265263603822,0.05595208738328096,0.7250696528849725,0.45851456169929283,-0.058467444965079274
0.4221461979782491,0.05271496726938916,0.6727791303825257,0.3833757771778379,1.0,0.3734046870601328,0.7201766508259178,0.3838797264081717,0.15580382045796537,0.042814334345840456,0.1056553212005241,-0.056860881152084236,0.3337899651584674,-0.04495034134569477,0.20581519799218695,-0.06088234862993233,0.5044662178429212,0.6270178871088694,0.36002803691853197
0.20935893007682738,0.17095917298804192,0.284507258480303,0.3661653512326704,0.3734046870601328,1.0,0.3523527938818632,0.8757254965362639,0.030040248836725427,0.18177090553790234,0.04471287194591354,0.026312451187868093,0.0981828851387481,-0.5735982812786806,0.06371129628966965,0.1546866188284295,0.29140232226124296,0.48906823722284065,0.2394852725249509
0.10281335697657616,-0.03229811116551433,0.28550839335785927,0.09630460594479177,0.7201766508259178,0.3523527938818632,1.0,0.41860334450576425,0.43262984904658164,0.16607277248013674,-0.07095468620594536,-0.0693136481619125,0.4002327260239227,-0.05466253676884204,0.3853836388289503,0.037324459099230926,0.18923118009802622,0.47501341383429324,0.6225782798907005
0.17046959582944052,0.19408180091959512,0.2593031384215332,0.3696988696568531,0.3838797264081717,0.8757254965362639,0.41860334450576425,1.0,0.09913002159917156,0.3573137496120049,-0.0013403070755451099,0.08529799284044878,0.1041028583700152,-0.2604791456278563,0.0960512504514814,0.351639124870794,0.2553849880283918,0.48830012358663444,0.368514692775806
-0.2149380710159669,-0.30849689161649635,-0.06795802408163379,-0.20599370576648535,0.15580382045796537,0.030040248836725427,0.43262984904658164,0.09913002159917156,1.0,0.36141190949514723,-0.20401252066687317,-0.18460898072378196,0.2349060637718516,-0.054283406978887394,0.4343692977648133,0.13883836676852446,-0.15911876183173923,0.07951705264467328,0.5344311458271549
0.014752570887510814,-0.05552089674789047,-0.033609179222926555,-0.04726458876493918,0.042814334345840456,0.18177090553790234,0.16607277248013674,0.3573137496120049,0.36141190949514723,1.0,0.00824552712017055,-0.06411999535266247,0.03223477521650989,0.031284839541137956,0.16324742416945703,0.5701645465779343,-0.16436863402072194,0.1701154851051752,0.36640203322161213
0.6478580271077259,-0.26281904510324067,0.262609618099788,0.04733024860805304,0.1056553212005241,0.04471287194591354,-0.07095468620594536,-0.0013403070755451099,-0.20401252066687317,0.00824552712017055,1.0,-0.4561847894379491,0.16642751276264844,-0.06523049115974654,0.011728384302873505,-0.17707142987743862,0.007937619529865244,0.15059473835528592,-0.17241523752518476
-0.25009535489480855,0.6723515405428447,-0.047863731702689656,0.3365203267951404,-0.056860881152084236,0.026312451187868093,-0.0693136481619125,0.08529799284044878,-0.18460898072378196,-0.06411999535266247,-0.4561847894379491,1.0,-0.042239539478204025,0.17356694494922334,-0.1404650886664288,0.23533824820815252,0.157635707875103,-0.09760858569764333,-0.1413468390728265
0.2515335545268994,0.08038832596677713,0.21580067327746089,0.03695073465974486,0.3337899651584674,0.0981828851387481,0.4002327260239227,0.1041028583700152,0.2349060637718516,0.03223477521650989,0.16642751276264844,-0.042239539478204025,1.0,-0.02678393678606307,0.7375719406498714,-0.03984648049292768,-0.013720611787065917,0.06132071229687811,0.05885895590469345
0.052332188856809146,0.17499989389154427,0.041030292008511556,0.11990179967634994,-0.04495034134569477,-0.5735982812786806,-0.05466253676884204,-0.2604791456278563,-0.054283406978887394,0.031284839541137956,-0.06523049115974654,0.17356694494922334,-0.02678393678606307,1.0,0.01920812790455175,0.14678544706488023,0.02886427842639881,-0.07383262539886022,-0.06399683381948794
0.12831647067748314,-0.0052437661149068475,0.07654886263971517,-0.06405265263603822,0.20581519799218695,0.06371129628966965,0.3853836388289503,0.0960512504514814,0.4343692977648133,0.16324742416945703,0.011728384302873505,-0.1404650886664288,0.7375719406498714,0.01920812790455175,1.0,0.0663624648606843,-0.13237339106401017,0.05105336747868794,0.1416592061092421
-0.1724246144037828,0.15844649884999498,-0.1084778777590251,0.05595208738328096,-0.06088234862993233,0.1546866188284295,0.037324459099230926,0.351639124870794,0.13883836676852446,0.5701645465779343,-0.17707142987743862,0.23533824820815252,-0.03984648049292768,0.14678544706488023,0.0663624648606843,1.0,-0.13064830943705985,0.04936088519018512,0.08451845525123358
0.4683878358399774,0.40771799072743253,0.745310488759563,0.7250696528849725,0.5044662178429212,0.29140232226124296,0.18923118009802622,0.2553849880283918,-0.15911876183173923,-0.16436863402072194,0.007937619529865244,0.157635707875103,-0.013720611787065917,0.02886427842639881,-0.13237339106401017,-0.13064830943705985,1.0,0.40457480282509567,0.10490882842640681
0.43938487347856964,0.1875222181258916,0.5382696836006758,0.45851456169929283,0.6270178871088694,0.48906823722284065,0.47501341383429324,0.48830012358663444,0.07951705264467328,0.1701154851051752,0.15059473835528592,-0.09760858569764333,0.06132071229687811,-0.07383262539886022,0.05105336747868794,0.04936088519018512,0.40457480282509567,1.0,0.3402973789877908
-0.0676021207671565,-0.1344921129742549,0.08272913330315498,-0.058467444965079274,0.36002803691853197,0.2394852725249509,0.6225782798907005,0.368514692775806,0.5344311458271549,0.36640203322161213,-0.17241523752518476,-0.1413468390728265,0.05885895590469345,-0.06399683381948794,0.1416592061092421,0.08451845525123358,0.10490882842640681,0.3402973789877908,1.0
