0,1,2,3,4,5,6,7,8,9,10,11,12,13,14,15,16,17,18
1.0,-0.16049988732346882,0.7469086078367416,0.5632527322015858,0.45234409375477086,0.45757260025991947,0.16094143375738884,0.364365310587611,-0.28859386556702976,-0.044316894328959015,0.7475872499215567,-0.4008221833514977,0.40599817867611326,0.23591365539674014,0.22746579248024804,-0.06058377474504009,0.5658882380639695,0.46293887341832984,-0.026516734413870136
-0.16049988732346882,1.0,0.038920428897265456,0.5230388313357152,0.04635531556600626,0.04798463578701809,-0.053321255372686734,-0.06719697185452549,-0.3524504845125348,-0.2057000045634845,-0.22534394735214391,0.49083936010966367,0.09752417074663187,0.26512888054100664,0.05820559908787112,-0.1855242719626167,0.23766727134977514,-0.04452261035137655,-0.2521941891617987
0.7469086078367416,0.038920428897265456,1.0,0.6601852079725141,0.6582338329140093,0.4605160482509673,0.22727678239743662,0.30560875468870524,-0.15370768597980822,-0.10024068154436634,0.45018548729431174,-0.2095408137294954,0.25042877732006447,0.23029137805724736,0.05587866939385899,-0.07888895177140808,0.7805544945330861,0.5224229147774799,-0.026600294234231048
0.5632527322015858,0.5230388313357152,0.6601852079725141,1.0,0.45778804657006034,0.44740811528183555,0.11307778693959065,0.301670819969533,-0.25242940081255794,-0.17999386582967167,0.28732368971494027,-0.04470047075426053,0.2052908730835153,0.2728734002427597,0.05412659456068666,-0.1665013471485606,0.7182090053444935,0.3298692492753187,-0.12561340219304065
0.45234409375477086,0.04635531556600626,0.6582338329140093,0.45778804657006034,1.0,0.517988459486242,0.6275249982978208,0.4423216181577981,0.10075916625954742,0.059289660096339195,0.19954123359326398,-0.13369567844182706,0.4192832395288191,0.2500575621057624,0.2391366385382101,0.005440726455754329,0.49500366386111117,0.6044585114692828,0.25441289432209807
0.45757260025991947,0.04798463578701809,0.4605160482509673,0.44740811528183555,0.517988459486242,1.0,0.4999125470345045,0.8501660309835003,0.06786065362447807,0.07650344744197865,0.2618797074319253,-0.36693016316365706,0.3588673154043979,0.33701104320622477,0.2811418135170147,0.07745830358244317,0.42540540134985627,0.5914003708635471,0.33768633303371776
0.16094143375738884,-0.053321255372686734,0.22727678239743662,0.11307778693959065,0.6275249982978208,0.4999125470345045,1.0,0.49011571766720746,0.3401862551616216,0.12382776609068655,-0.002325215846353327,-0.13855683514527217,0.4949489832185361,0.18043223195734923,0.46061551300299597,0.05763400220351428,0.14272318405399698,0.4504488115767181,0.5962337428703338
0.364365310587611,-0.06719697185452549,0.30560875468870524,0.301670819969533,0.4423216181577981,0.8501660309835003,0.49011571766720746,1.0,0.13421670860084894,0.3260916325698016,0.2498399916324464,-0.37295159951126033,0.4019378546903751,0.3499226366561549,0.36681825037564425,0.3389302704608259,0.2606528598545343,0.4051320229992862,0.41157696134386457
-0.28859386556702976,-0.3524504845125348,-0.15370768597980822,-0.25242940081255794,0.10075916625954742,0.06786065362447807,0.3401862551616216,0.13421670860084894,1.0,0.2991102133735761,-0.1905333302684954,-0.08177291750214688,0.08255527174106447,-0.11846923082941874,0.23522466458913652,0.15860859567308597,-0.11255898816567662,0.13948248934739182,0.48167685638447694
-0.044316894328959015,-0.2057000045634845,-0.10024068154436634,-0.17999386582967167,0.059289660096339195,0.07650344744197865,0.12382776609068655,0.3260916325698016,0.2991102133735761,1.0,0.03922199051071986,-0.21678731313884705,0.1007386857283546,-0.05881751133263659,0.20046688930574294,0.5196806995929557,-0.16553764446843008,-0.04135042799041674,0.24657193158675528
0.7475872499215567,-0.22534394735214391,0.45018548729431174,0.28732368971494027,0.19954123359326398,0.2618797074319253,-0.002325215846353327,0.2498399916324464,-0.1905333302684954,0.03922199051071986,1.0,-0.5394989441325374,0.3177081322514067,0.18050860885692802,0.18600373354431954,0.01724237963425768,0.18791891315567777,0.31889094897904147,-0.1658582714510185
-0.4008221833514977,0.49083936010966367,-0.2095408137294954,-0.04470047075426053,-0.13369567844182706,-0.36693016316365706,-0.13855683514527217,-0.37295159951126033,-0.08177291750214688,-0.21678731313884705,-0.5394989441325374,1.0,-0.22498651383988988,0.09520226067394631,-0.22453768912898853,-0.08984465553630847,-0.05318742231840857,-0.44329158995519713,-0.14302584775916485
0.40599817867611326,0.09752417074663187,0.25042877732006447,0.2052908730835153,0.4192832395288191,0.3588673154043979,0.4949489832185361,0.4019378546903751,0.08255527174106447,0.1007386857283546,0.3177081322514067,-0.22498651383988988,1.0,0.23825205685128215,0.7670386362978322,0.09803549654575386,0.015003895606851657,0.20155122310052642,0.1151669889008091
0.23591365539674014,0.26512888054100664,0.23029137805724736,0.2728734002427597,0.2500575621057624,0.33701104320622477,0.18043223195734923,0.3499226366561549,-0.11846923082941874,-0.05881751133263659,0.18050860885692802,0.09520226067394631,0.23825205685128215,1.0,0.16499669263779923,0.14898600057710668,0.2127169212338282,0.1187260016686831,-0.03915790659632402
0.22746579248024804,0.05820559908787112,0.05587866939385899,0.05412659456068666,0.2391366385382101,0.2811418135170147,0.46061551300299597,0.36681825037564425,0.23522466458913652,0.20046688930574294,0.18600373354431954,-0.22453768912898853,0.7670386362978322,0.16499669263779923,1.0,0.22053124453622341,-0.15267564378344717,0.11890296331508901,0.19048166564156724
-0.06058377474504009,-0.1855242719626167,-0.07888895177140808,-0.1665013471485606,0.005440726455754329,0.07745830358244317,0.05763400220351428,0.3389302704608259,0.15860859567308597,0.5196806995929557,0.01724237963425768,-0.08984465553630847,0.09803549654575386,0.14898600057710668,0.22053124453622341,1.0,-0.12278356851433997,-0.17029252338530143,0.07925279998084911
0.5658882380639695,0.23766727134977514,0.7805544945330861,0.7182090053444935,0.49500366386111117,0.42540540134985627,0.14272318405399698,0.2606528598545343,-0.11255898816567662,-0.16553764446843008,0.18791891315567777,-0.05318742231840857,0.015003895606851657,0.2127169212338282,-0.15267564378344717,-0.12278356851433997,1.0,0.43484727131437945,0.06274449139071267
0.46293887341832984,-0.04452261035137655,0.5224229147774799,0.3298692492753187,0.6044585114692828,0.5914003708635471,0.4504488115767181,0.4051320229992862,0.13948248934739182,-0.04135042799041674,0.31889094897904147,-0.44329158995519713,0.20155122310052642,0.1187260016686831,0.11890296331508901,-0.17029252338530143,0.43484727131437945,1.0,0.2753025762378228
-0.026516734413870136,-0.2521941891617987,-0.026600294234231048,-0.12561340219304065,0.25441289432209807,0.33768633303371776,0.5962337428703338,0.41157696134386457,0.48167685638447694,0.24657193158675528,-0.1658582714510185,-0.14302584775916485,0.1151669889008091,-0.03915790659632402,0.19048166564156724,0.07925279998084911,0.06274449139071267,0.2753025762378228,1.0
