0,1,2,3,4,5,6,7,8,9,10,11,12,13,14,15,16,17,18
1.0,0.3407587314217843,0.9384319260813215,0.5478199765489122,0.9206318893582879,0.5613690496881021,0.86768663689747,0.21613136927352544,0.8139203278556004,0.18471184376861213,0.9433825333505613,0.4395795134171154,0.9199956824288005,0.5210852317440523,0.8257082720561677,0.08084224013815533,0.9475728013632291,0.37211120172346673,0.8378347035350531
0.3407587314217843,1.0,0.2764833118023694,0.6962962166600009,0.2563991719825331,0.5019654233644809,0.20307662509886903,0.0010021137007319128,0.28561406058519057,0.2168369428664707,0.33218819288386986,0.5181830829265652,0.2566222425691874,0.2654531390980086,0.29823779135893486,0.16784333663455275,0.3717583251183126,0.4395678132809341,0.20560923165772063
0.9384319260813215,0.2764833118023694,1.0,0.5395127274934596,0.9884773872926892,0.5933988058818388,0.9121552410424834,0.2143543062120413,0.8355150782647224,0.1466111268922046,0.9269566579269193,0.3999764794691447,0.9636964371636408,0.5213949370687773,0.8270877281197904,0.029973493217070254,0.9476465934454738,0.42844467547955717,0.8850516225181023
0.5478199765489122,0.6962962166600009,0.5395127274934596,1.0,0.5338081843077537,0.7818469599238943,0.452791744172305,-0.10840587539983332,0.5013531721153986,-0.08086305938990225,0.4993677407142319,0.4702511350662489,0.49359736000029053,0.2885788099067595,0.5188361389714365,-0.06768309538957555,0.6467807369653662,0.500735416166465,0.42533893769294795
0.9206318893582879,0.2563991719825331,0.9884773872926892,0.5338081843077537,1.0,0.6000600993164359,0.9324228167262796,0.22450804152389586,0.8501334796263657,0.1631379560305806,0.900654861761125,0.38976264757123286,0.9647551996512649,0.5197516503039862,0.8395360265099931,0.037740498030508524,0.9435020810912477,0.4613511351706771,0.9095351586674494
0.5613690496881021,0.5019654233644809,0.5933988058818388,0.7818469599238943,0.6000600993164359,1.0,0.5969155652100916,0.10171198685873725,0.6303646981892157,-0.07814097022819823,0.5212785528043455,0.3336257829460704,0.5953623111751547,0.3880421060037368,0.655898893279561,0.009909235444621037,0.6451773665549989,0.5614060073747189,0.578581593087563
0.86768663689747,0.20307662509886903,0.9121552410424834,0.452791744172305,0.9324228167262796,0.5969155652100916,1.0,0.4217722438726978,0.9008012295368161,0.3007398565335909,0.855970585402201,0.3957998120837145,0.9468692004677558,0.5720519525585401,0.9045132487586512,0.18377794000124836,0.8810743258965382,0.3859250768048965,0.9458913887939493
0.21613136927352544,0.0010021137007319128,0.2143543062120413,-0.10840587539983332,0.22450804152389586,0.10171198685873725,0.4217722438726978,1.0,0.5042573217365883,0.6838449843525507,0.24985424500607142,0.032630680661833625,0.3095164677976803,0.3459454385673015,0.49491832525218243,0.5649864760412245,0.19602137142055165,-0.09442861672353987,0.4349329260583041
0.8139203278556004,0.28561406058519057,0.8355150782647224,0.5013531721153986,0.8501334796263657,0.6303646981892157,0.9008012295368161,0.5042573217365883,1.0,0.4755120250435733,0.804022317062912,0.448362429321008,0.8735905284662033,0.6373424197489718,0.9469516556186908,0.36031873682408116,0.825546531047241,0.4257796895924722,0.8689416424628698
0.18471184376861213,0.2168369428664707,0.1466111268922046,-0.08086305938990225,0.1631379560305806,-0.07814097022819823,0.3007398565335909,0.6838449843525507,0.4755120250435733,1.0,0.2250571644521335,0.13991676681392928,0.22135669997058152,0.22544557479734334,0.4451773238484472,0.6322239277915379,0.16150622254347383,0.0341368051016328,0.3217485609909763
0.9433825333505613,0.33218819288386986,0.9269566579269193,0.4993677407142319,0.900654861761125,0.5212785528043455,0.855970585402201,0.24985424500607142,0.804022317062912,0.2250571644521335,1.0,0.4478853523248093,0.9393024758032862,0.5741889022390654,0.8140117718172767,0.09712430895497733,0.9076347516190362,0.32055299707117335,0.8092189807097582
0.4395795134171154,0.5181830829265652,0.3999764794691447,0.4702511350662489,0.38976264757123286,0.3336257829460704,0.3957998120837145,0.032630680661833625,0.448362429321008,0.13991676681392928,0.4478853523248093,1.0,0.4141969420977245,0.63216194564151,0.4650712709834587,0.17472377660391897,0.5128164166283586,0.10374359628415092,0.38208991334549725
0.9199956824288005,0.2566222425691874,0.9636964371636408,0.49359736000029053,0.9647551996512649,0.5953623111751547,0.9468692004677558,0.3095164677976803,0.8735905284662033,0.22135669997058152,0.9393024758032862,0.4141969420977245,1.0,0.5916993944640592,0.8814587838702285,0.11601688579611286,0.9204348093284288,0.4026076325769996,0.9053115967591389
0.5210852317440523,0.2654531390980086,0.5213949370687773,0.2885788099067595,0.5197516503039862,0.3880421060037368,0.5720519525585401,0.3459454385673015,0.6373424197489718,0.22544557479734334,0.5741889022390654,0.63216194564151,0.5916993944640592,1.0,0.6705971662858073,0.39184869717045345,0.570083954441922,0.03611378104319245,0.5411319816203547
0.8257082720561677,0.29823779135893486,0.8270877281197904,0.5188361389714365,0.8395360265099931,0.655898893279561,0.9045132487586512,0.49491832525218243,0.9469516556186908,0.4451773238484472,0.8140117718172767,0.4650712709834587,0.8814587838702285,0.6705971662858073,1.0,0.38469194626094744,0.8314479021427638,0.4085067381765159,0.854620972518241
0.08084224013815533,0.16784333663455275,0.029973493217070254,-0.06768309538957555,0.037740498030508524,0.009909235444621037,0.18377794000124836,0.5649864760412245,0.36031873682408116,0.6322239277915379,0.09712430895497733,0.17472377660391897,0.11601688579611286,0.39184869717045345,0.38469194626094744,1.0,0.05797302292829491,-0.02128488798275816,0.15811615897239206
0.9475728013632291,0.3717583251183126,0.9476465934454738,0.6467807369653662,0.9435020810912477,0.6451773665549989,0.8810743258965382,0.19602137142055165,0.825546531047241,0.16150622254347383,0.9076347516190362,0.5128164166283586,0.9204348093284288,0.570083954441922,0.8314479021427638,0.05797302292829491,1.0,0.4354890783298787,0.8625257798567717
0.37211120172346673,0.4395678132809341,0.42844467547955717,0.500735416166465,0.4613511351706771,0.5614060073747189,0.3859250768048965,-0.09442861672353987,0.4257796895924722,0.0341368051016328,0.32055299707117335,0.10374359628415092,0.4026076325769996,0.03611378104319245,0.4085067381765159,-0.02128488798275816,0.4354890783298787,1.0,0.43364039111363406
0.8378347035350531,0.20560923165772063,0.8850516225181023,0.42533893769294795,0.9095351586674494,0.578581593087563,0.9458913887939493,0.4349329260583041,0.8689416424628698,0.3217485609909763,0.8092189807097582,0.38208991334549725,0.9053115967591389,0.5411319816203547,0.854620972518241,0.15811615897239206,0.8625257798567717,0.43364039111363406,1.0
