0,1,2,3,4,5,6,7,8,9,10,11,12,13,14,15,16,17,18
1.0,0.3869968273129531,0.5961207348190798,0.20720083453118976,0.49128607425232695,0.1286852169984254,0.21062830720316536,-0.13216422438544007,0.03824088638872661,-0.13517266533159203,0.7422819258933319,-0.0356055650440689,0.44478338305221166,-0.16895593788505495,0.10500113557216764,-0.1860334453453311,0.8284152773843403,0.07132681518545182,0.16669217144912765
0.3869968273129531,1.0,-0.023037952612349956,0.6608015994103303,-0.11622343525689471,0.2823386530208701,-0.3276633403299066,-0.3503757975613992,-0.2898006787152924,-0.24699711541955127,0.06760649899131108,0.36914454468394636,-0.24356289567185682,-0.19728720230861677,-0.2810370560421508,-0.27428894814969296,0.4276196106542493,0.23852796203794824,-0.31839566056763763
0.5961207348190798,-0.023037952612349956,1.0,0.15216183012068318,0.964833058916704,0.2318698921303252,0.7445900578034867,0.09387906840092243,0.488063325985837,0.07067252784958697,0.7858680485008569,0.08601898536044787,0.8843760992630165,0.022105028707339144,0.527291455407757,-0.010423354734253156,0.740402792405472,0.28597518549197315,0.6807934571046225
0.20720083453118976,0.6608015994103303,0.15216183012068318,1.0,0.09282835074234405,0.6288871628378664,-0.135331896790853,-0.49273185440043094,-0.11156921222650099,-0.41656129291130267,0.07740318831537679,0.4120658396041482,-0.08149609015122648,-0.2501725036125071,-0.10162311315158051,-0.387496488675796,0.4643692964720099,0.28696602660372295,-0.16275151329114587
0.49128607425232695,-0.11622343525689471,0.964833058916704,0.09282835074234405,1.0,0.23949385253417846,0.8321674232336186,0.17098830006197258,0.5732583752928947,0.14363353026257286,0.7213453847081608,0.06493069586404972,0.9114219665753286,0.07478127701083022,0.6044012095719516,0.055887443292548834,0.6691947647490989,0.325508191560057,0.7638963639736986
0.1286852169984254,0.2823386530208701,0.2318698921303252,0.6288871628378664,0.23949385253417846,1.0,0.14573095857511612,-0.20184634147597888,0.20905577911207973,-0.2488679785205946,0.11650317977007038,0.09937214608687858,0.1389762134166582,0.02664680921310599,0.2543393908456608,-0.14680430004179623,0.37431508148170994,0.4411713573716808,0.16314545755218218
0.21062830720316536,-0.3276633403299066,0.7445900578034867,-0.135331896790853,0.8321674232336186,0.14573095857511612,1.0,0.5308039521007152,0.7984974902900022,0.48253174538759863,0.5685877444298074,0.03173292137675668,0.8779054766367105,0.3029587587475785,0.8080342181835599,0.3801070570063673,0.3906050724939808,0.164437210031257,0.9095533126494179
-0.13216422438544007,-0.3503757975613992,0.09387906840092243,-0.49273185440043094,0.17098830006197258,-0.20184634147597888,0.5308039521007152,1.0,0.6829606554426038,0.8477851447643497,0.10035615878221277,-0.16325601431187445,0.3005103385329265,0.3271447610584146,0.6041409306262581,0.6909103730266191,-0.09319830143231575,-0.09716118905400395,0.6359943366342572
0.03824088638872661,-0.2898006787152924,0.488063325985837,-0.11156921222650099,0.5732583752928947,0.20905577911207973,0.7984974902900022,0.6829606554426038,1.0,0.7511740151627829,0.3593461853069704,0.1029105303481153,0.6424584071994407,0.4470211594267068,0.9385994425441966,0.6591417559457852,0.23607708157180857,0.1942390559190264,0.7796641342855936
-0.13517266533159203,-0.24699711541955127,0.07067252784958697,-0.41656129291130267,0.14363353026257286,-0.2488679785205946,0.48253174538759863,0.8477851447643497,0.7511740151627829,1.0,0.07840159020776427,-0.0886432187489402,0.2637400289584872,0.32460463794653804,0.6734965025001606,0.7524253478903062,-0.07845202750282038,-0.0572901879925728,0.5345764511201192
0.7422819258933319,0.06760649899131108,0.7858680485008569,0.07740318831537679,0.7213453847081608,0.11650317977007038,0.5685877444298074,0.10035615878221277,0.3593461853069704,0.07840159020776427,1.0,0.08059059776117661,0.7648352191656366,-0.011728836106566184,0.4229588648138901,0.039851986730992946,0.6991948391518541,0.09084872735221401,0.4900932547786775
-0.0356055650440689,0.36914454468394636,0.08601898536044787,0.4120658396041482,0.06493069586404972,0.09937214608687858,0.03173292137675668,-0.16325601431187445,0.1029105303481153,-0.0886432187489402,0.08059059776117661,1.0,0.03599519715247504,0.1094545132574048,0.10239780603237757,0.008714702773951808,0.19744231586887445,0.011390844768517502,0.005535952383893016
0.44478338305221166,-0.24356289567185682,0.8843760992630165,-0.08149609015122648,0.9114219665753286,0.1389762134166582,0.8779054766367105,0.3005103385329265,0.6424584071994407,0.2637400289584872,0.7648352191656366,0.03599519715247504,1.0,0.2333829917299568,0.6980154762862902,0.2213928195531641,0.5571918046384113,0.16484896541708247,0.7734201215169266
-0.16895593788505495,-0.19728720230861677,0.022105028707339144,-0.2501725036125071,0.07478127701083022,0.02664680921310599,0.3029587587475785,0.3271447610584146,0.4470211594267068,0.32460463794653804,-0.011728836106566184,0.1094545132574048,0.2333829917299568,1.0,0.5150285488702178,0.5219442753725305,-0.06573906781077324,-0.21778609935591944,0.23603009840242553
0.10500113557216764,-0.2810370560421508,0.527291455407757,-0.10162311315158051,0.6044012095719516,0.2543393908456608,0.8080342181835599,0.6041409306262581,0.9385994425441966,0.6734965025001606,0.4229588648138901,0.10239780603237757,0.6980154762862902,0.5150285488702178,1.0,0.6595756893591284,0.26744072140113834,0.19518888888725788,0.7550996957422764
-0.1860334453453311,-0.27428894814969296,-0.010423354734253156,-0.387496488675796,0.055887443292548834,-0.14680430004179623,0.3801070570063673,0.6909103730266191,0.6591417559457852,0.7524253478903062,0.039851986730992946,0.008714702773951808,0.2213928195531641,0.5219442753725305,0.6595756893591284,1.0,-0.1524108541083423,-0.09673508738835591,0.3679052725804423
0.8284152773843403,0.4276196106542493,0.740402792405472,0.4643692964720099,0.6691947647490989,0.37431508148170994,0.3906050724939808,-0.09319830143231575,0.23607708157180857,-0.07845202750282038,0.6991948391518541,0.19744231586887445,0.5571918046384113,-0.06573906781077324,0.26744072140113834,-0.1524108541083423,1.0,0.2640613174658499,0.35917755519479533
0.07132681518545182,0.23852796203794824,0.28597518549197315,0.28696602660372295,0.325508191560057,0.4411713573716808,0.164437210031257,-0.09716118905400395,0.1942390559190264,-0.0572901879925728,0.09084872735221401,0.011390844768517502,0.16484896541708247,-0.21778609935591944,0.19518888888725788,-0.09673508738835591,0.2640613174658499,1.0,0.22334754016278313
0.16669217144912765,-0.31839566056763763,0.6807934571046225,-0.16275151329114587,0.7638963639736986,0.16314545755218218,0.9095533126494179,0.6359943366342572,0.7796641342855936,0.5345764511201192,0.4900932547786775,0.005535952383893016,0.7734201215169266,0.23603009840242553,0.7550996957422764,0.3679052725804423,0.35917755519479533,0.22334754016278313,1.0
