0,1,2,3,4,5,6,7,8,9,10,11,12,13,14,15,16,17,18
1.0,0.45686890538283154,0.8877606104395629,0.6343829523519084,0.8615832966336824,0.5843850145041387,0.8305628953148679,0.27051524860185244,0.7857187094837669,0.28968171714970364,0.9153407586984307,0.4690863919858054,0.8710284677386289,0.33622400180961753,0.8116589319941176,0.25099161084594346,0.9368148559778724,0.37928344815626264,0.7870529073260453
0.45686890538283154,1.0,0.37167086671993876,0.6736043927967191,0.3586203792781722,0.5031628525195418,0.3259388598979775,-0.025607022157020907,0.29236251426997667,0.10180720553452283,0.33554178216289027,0.56492092092218,0.3038607306039393,0.24533334457890088,0.318102172817306,0.06540536764645345,0.4842482917745787,0.46957363063100677,0.3188616201837054
0.8877606104395629,0.37167086671993876,1.0,0.6730912082248859,0.9844952697283763,0.7156316672729849,0.9213732728271891,0.24923624082061496,0.8575180511167395,0.2628852362948193,0.9037149374764192,0.4693616278630261,0.9573286517451286,0.3461066229866621,0.8750886520807782,0.20973136439982026,0.943946436976162,0.479572555762201,0.8674835891737663
0.6343829523519084,0.6736043927967191,0.6730912082248859,1.0,0.6465247399143811,0.7840636195869545,0.5724253919654085,-0.08192318747234245,0.5367495551665791,-0.06041340480951498,0.5617563751071027,0.5819177948301745,0.5775379606521477,0.20394778288799956,0.5685382835229962,-0.06406663050788211,0.7521603801598966,0.4144022878466724,0.5080773599562732
0.8615832966336824,0.3586203792781722,0.9844952697283763,0.6465247399143811,1.0,0.7273232190845392,0.9436886754531957,0.27678263510445184,0.8708426563416493,0.2880545533579729,0.8798387822800713,0.4487955356778112,0.9647793335084932,0.32965609381185706,0.8861721918544977,0.22295527019916497,0.9297953566567806,0.5369078911304804,0.9017677434703768
0.5843850145041387,0.5031628525195418,0.7156316672729849,0.7840636195869545,0.7273232190845392,1.0,0.7002405742104674,0.09288642193017123,0.6748273755504501,0.02270758014380259,0.5911578905286086,0.4186581667577878,0.6846281855804551,0.2521365990152051,0.699271249749471,0.081552678937986,0.7138830592140293,0.5797313426510846,0.6741022734580157
0.8305628953148679,0.3259388598979775,0.9213732728271891,0.5724253919654085,0.9436886754531957,0.7002405742104674,1.0,0.44901959607103625,0.9321370170910832,0.43318176333567954,0.8525865888691679,0.4291756635379027,0.9494434575796774,0.36485455548175055,0.9347076232362559,0.3533108441173036,0.8729057888857071,0.49423947387471956,0.9361052527644002
0.27051524860185244,-0.025607022157020907,0.24923624082061496,-0.08192318747234245,0.27678263510445184,0.09288642193017123,0.44901959607103625,1.0,0.5674586710303344,0.8203480634486524,0.31567544652845564,-0.08002371236198245,0.3425491712317522,0.12391236290719593,0.5132570688269877,0.6827028569215448,0.2371327449391902,0.09678560721835647,0.5573595685635634
0.7857187094837669,0.29236251426997667,0.8575180511167395,0.5367495551665791,0.8708426563416493,0.6748273755504501,0.9321370170910832,0.5674586710303344,1.0,0.587062645132393,0.832697728836928,0.4037621051756824,0.8956812876770859,0.43232842291696505,0.9696069977043119,0.5226538706027152,0.8164990110374808,0.4584165878479263,0.903973010647923
0.28968171714970364,0.10180720553452283,0.2628852362948193,-0.06041340480951498,0.2880545533579729,0.02270758014380259,0.43318176333567954,0.8203480634486524,0.587062645132393,1.0,0.3481462310073139,-0.0025380544631958854,0.34313440237920934,0.12144464287456035,0.5405449419015907,0.7557043264799327,0.256976993152726,0.12973097715897056,0.5156498846153337
0.9153407586984307,0.33554178216289027,0.9037149374764192,0.5617563751071027,0.8798387822800713,0.5911578905286086,0.8525865888691679,0.31567544652845564,0.832697728836928,0.3481462310073139,1.0,0.4344165911848078,0.9198418018821817,0.4085793363213674,0.8636130447960263,0.33939386094219115,0.8887610484623482,0.3787374736164395,0.8088751220501054
0.4690863919858054,0.56492092092218,0.4693616278630261,0.5819177948301745,0.4487955356778112,0.4186581667577878,0.4291756635379027,-0.08002371236198245,0.4037621051756824,-0.0025380544631958854,0.4344165911848078,1.0,0.43213217994141023,0.5063205809867731,0.44945450234410766,0.03341866936906223,0.5459269631269303,0.09579546631087808,0.36549563322500683
0.8710284677386289,0.3038607306039393,0.9573286517451286,0.5775379606521477,0.9647793335084932,0.6846281855804551,0.9494434575796774,0.3425491712317522,0.8956812876770859,0.34313440237920934,0.9198418018821817,0.43213217994141023,1.0,0.38733569223252323,0.9155376016160728,0.31413311524002296,0.90512147701941,0.483611263292968,0.8993242101468983
0.33622400180961753,0.24533334457890088,0.3461066229866621,0.20394778288799956,0.32965609381185706,0.2521365990152051,0.36485455548175055,0.12391236290719593,0.43232842291696505,0.12144464287456035,0.4085793363213674,0.5063205809867731,0.38733569223252323,1.0,0.4585605617116588,0.3136127282391184,0.3687060415117257,-0.016106223368054267,0.3316315526327791
0.8116589319941176,0.318102172817306,0.8750886520807782,0.5685382835229962,0.8861721918544977,0.699271249749471,0.9347076232362559,0.5132570688269877,0.9696069977043119,0.5405449419015907,0.8636130447960263,0.44945450234410766,0.9155376016160728,0.4585605617116588,1.0,0.5203744013649612,0.8402278332000179,0.4674030930854819,0.9004791123269814
0.25099161084594346,0.06540536764645345,0.20973136439982026,-0.06406663050788211,0.22295527019916497,0.081552678937986,0.3533108441173036,0.6827028569215448,0.5226538706027152,0.7557043264799327,0.33939386094219115,0.03341866936906223,0.31413311524002296,0.3136127282391184,0.5203744013649612,1.0,0.20977536867468022,0.0962749802172074,0.4019207557116974
0.9368148559778724,0.4842482917745787,0.943946436976162,0.7521603801598966,0.9297953566567806,0.7138830592140293,0.8729057888857071,0.2371327449391902,0.8164990110374808,0.256976993152726,0.8887610484623482,0.5459269631269303,0.90512147701941,0.3687060415117257,0.8402278332000179,0.20977536867468022,1.0,0.4571253021610156,0.8379273233331057
0.37928344815626264,0.46957363063100677,0.479572555762201,0.4144022878466724,0.5369078911304804,0.5797313426510846,0.49423947387471956,0.09678560721835647,0.4584165878479263,0.12973097715897056,0.3787374736164395,0.09579546631087808,0.483611263292968,-0.016106223368054267,0.4674030930854819,0.0962749802172074,0.4571253021610156,1.0,0.5362692664713964
0.7870529073260453,0.3188616201837054,0.8674835891737663,0.5080773599562732,0.9017677434703768,0.6741022734580157,0.9361052527644002,0.5573595685635634,0.903973010647923,0.5156498846153337,0.8088751220501054,0.36549563322500683,0.8993242101468983,0.3316315526327791,0.9004791123269814,0.4019207557116974,0.8379273233331057,0.5362692664713964,1.0
