0,1,2,3,4,5,6,7,8,9,10,11,12,13,14,15,16,17,18
1.0,0.12177059197747986,0.6361126918941228,0.3758393986892136,0.4145000007774965,0.29784685742069544,0.06244085563874262,-0.04127372014032784,-0.15913057574247855,-0.062420932443468025,0.5642886671942628,0.36064488769397696,0.3953982805205802,0.2267182124082434,-0.06130580819258427,-0.19812599021480612,0.4665314849712882,0.3030271373554654,0.08608435238477515
0.12177059197747986,1.0,0.5565166340331806,0.8107057377120933,0.308728929149703,0.5013809678856105,-0.09020992489287409,0.011631782169907939,-0.29489371621833277,-0.07745814154648765,0.4378022536926116,0.7461110642379062,0.3462255391792555,0.33817039015514583,-0.10867687054894055,-0.16259408799760486,0.5473711689326052,0.4905099674788355,-0.1489586448186504
0.6361126918941228,0.5565166340331806,1.0,0.6308611743964784,0.6875776758469859,0.5369088185568396,0.231740074696842,0.09473737875304958,-0.025433678939597887,0.00015269812804760124,0.7791609864394698,0.4486029788810926,0.6256515260726491,0.3565766155233932,0.18848378759627699,0.09173050859769159,0.7461722865655892,0.576487842016492,0.22068426207572436
0.3758393986892136,0.8107057377120933,0.6308611743964784,1.0,0.445205387992367,0.6864585123426512,0.0005722525521327511,0.1216316611541052,-0.17399107401776306,-0.0009271117387627296,0.48418268011457416,0.7215704670987764,0.4289043746547164,0.4387629903422658,0.011171504182055826,0.031588787139871975,0.7375859744889806,0.6426473295244691,-0.0006004563271819357
0.4145000007774965,0.308728929149703,0.6875776758469859,0.445205387992367,1.0,0.6737495523714641,0.5526073119656678,0.33678749846099637,0.15948603205180134,0.19257087674098933,0.6422897631793804,0.31936091948545436,0.6325378145598558,0.3793090972080098,0.3596875352545993,0.2606900421445322,0.5784396828522025,0.7713892459863034,0.5051980826101006
0.29784685742069544,0.5013809678856105,0.5369088185568396,0.6864585123426512,0.6737495523714641,1.0,0.21889965480104137,0.4244657066261759,-0.029614092436311638,0.2047891768633431,0.4740537572452453,0.5209941293583702,0.4368240493950171,0.5771590403579177,0.16451061596125124,0.27855165421441214,0.5750424080611359,0.8541101678685687,0.2545486878046545
0.06244085563874262,-0.09020992489287409,0.231740074696842,0.0005722525521327511,0.5526073119656678,0.21889965480104137,1.0,0.5115370817506534,0.6050580554854199,0.44978869441233266,0.2055863773216305,0.015185716702581906,0.28491447127271735,0.10822004648643758,0.49375701214207257,0.3437432215554603,0.14035736609627233,0.2925523602283876,0.8199234929456528
-0.04127372014032784,0.011631782169907939,0.09473737875304958,0.1216316611541052,0.33678749846099637,0.4244657066261759,0.5115370817506534,1.0,0.42213804585131126,0.7489824203580342,0.08218988446373082,0.05060822367028963,0.16018551455413316,0.26390975986484383,0.24950265149127376,0.5605055935036989,0.006979318457206298,0.37940023868016653,0.6765250925137971
-0.15913057574247855,-0.29489371621833277,-0.025433678939597887,-0.17399107401776306,0.15948603205180134,-0.029614092436311638,0.6050580554854199,0.42213804585131126,1.0,0.49178965474603115,-0.035952443271019194,-0.2037423441747232,0.03219768375251181,-0.04432059619619888,0.4052197132298441,0.2773426703482763,-0.03776155752106799,0.01711798306117619,0.5699058836618631
-0.062420932443468025,-0.07745814154648765,0.00015269812804760124,-0.0009271117387627296,0.19257087674098933,0.2047891768633431,0.44978869441233266,0.7489824203580342,0.49178965474603115,1.0,-0.018485314455668284,-0.07115287072709282,0.025549675529421466,0.02014552239105104,0.35560263670785724,0.4846515064863953,-0.0990012834732479,0.23566018396087637,0.5871080571773337
0.5642886671942628,0.4378022536926116,0.7791609864394698,0.48418268011457416,0.6422897631793804,0.4740537572452453,0.2055863773216305,0.08218988446373082,-0.035952443271019194,-0.018485314455668284,1.0,0.394283575023087,0.7644382382099671,0.33685261500241953,0.17563446820535028,0.07936674031259482,0.5302390660535604,0.49856704568326077,0.17994912456256146
0.36064488769397696,0.7461110642379062,0.4486029788810926,0.7215704670987764,0.31936091948545436,0.5209941293583702,0.015185716702581906,0.05060822367028963,-0.2037423441747232,-0.07115287072709282,0.394283575023087,1.0,0.3543359649418967,0.5200527803847276,-0.009070825490346483,0.004327292058962941,0.47902730219759193,0.41927968551680744,-0.013337995601170553
0.3953982805205802,0.3462255391792555,0.6256515260726491,0.4289043746547164,0.6325378145598558,0.4368240493950171,0.28491447127271735,0.16018551455413316,0.03219768375251181,0.025549675529421466,0.7644382382099671,0.3543359649418967,1.0,0.2920860518986909,0.2941111105468296,0.15379605196470125,0.46606575552539387,0.4512934645182474,0.256898002306627
0.2267182124082434,0.33817039015514583,0.3565766155233932,0.4387629903422658,0.3793090972080098,0.5771590403579177,0.10822004648643758,0.26390975986484383,-0.04432059619619888,0.02014552239105104,0.33685261500241953,0.5200527803847276,0.2920860518986909,1.0,-0.003004525133283063,0.249248447339622,0.3606937717489921,0.38427551938642796,0.17841927759502169
-0.06130580819258427,-0.10867687054894055,0.18848378759627699,0.011171504182055826,0.3596875352545993,0.16451061596125124,0.49375701214207257,0.24950265149127376,0.4052197132298441,0.35560263670785724,0.17563446820535028,-0.009070825490346483,0.2941111105468296,-0.003004525133283063,1.0,0.30377279688087816,0.12435215771189688,0.19519592375815445,0.3818693208274428
-0.19812599021480612,-0.16259408799760486,0.09173050859769159,0.031588787139871975,0.2606900421445322,0.27855165421441214,0.3437432215554603,0.5605055935036989,0.2773426703482763,0.4846515064863953,0.07936674031259482,0.004327292058962941,0.15379605196470125,0.249248447339622,0.30377279688087816,1.0,0.03303341099907838,0.21460953313003875,0.4465317124308096
0.4665314849712882,0.5473711689326052,0.7461722865655892,0.7375859744889806,0.5784396828522025,0.5750424080611359,0.14035736609627233,0.006979318457206298,-0.03776155752106799,-0.0990012834732479,0.5302390660535604,0.47902730219759193,0.46606575552539387,0.3606937717489921,0.12435215771189688,0.03303341099907838,1.0,0.5873500222773367,0.1617792218576677
0.3030271373554654,0.4905099674788355,0.576487842016492,0.6426473295244691,0.7713892459863034,0.8541101678685687,0.2925523602283876,0.37940023868016653,0.01711798306117619,0.23566018396087637,0.49856704568326077,0.41927968551680744,0.4512934645182474,0.38427551938642796,0.19519592375815445,0.21460953313003875,0.5873500222773367,1.0,0.2998068731552831
0.08608435238477515,-0.1489586448186504,0.22068426207572436,-0.0006004563271819357,0.5051980826101006,0.2545486878046545,0.8199234929456528,0.6765250925137971,0.5699058836618631,0.5871080571773337,0.17994912456256146,-0.013337995601170553,0.256898002306627,0.17841927759502169,0.3818693208274428,0.4465317124308096,0.1617792218576677,0.2998068731552831,1.0
