0,1,2,3,4,5,6,7,8,9,10,11,12,13,14,15,16,17,18
1.0,0.16725580174817078,0.6728626103624353,0.39304086566797747,0.5060309580977581,0.24785152239067854,0.31413563492349017,0.0654926580031052,0.1929441034599427,0.09241878085377642,0.6702748220682389,0.29778516433468366,0.5723668975012652,0.06010753546830667,0.16620844653560868,-0.33201920907961674,0.5091794183732722,0.20525856408694035,0.2765851740963823
0.16725580174817078,1.0,0.27185310863369433,0.7065837468919572,0.08044820092981314,0.41398857625031676,-0.16692462730857507,-0.02046055748837678,-0.30029570333999595,-0.07369469790564719,0.13043194651083384,0.6339638896381445,0.08031700842217684,0.10773943578313848,-0.3038663496497066,-0.5041360371924618,0.20648212751233389,0.3981167524159402,-0.21319266332425885
0.6728626103624353,0.27185310863369433,1.0,0.5394769668947169,0.6989597446402112,0.45226174995759755,0.46803147410847773,0.22866473074862595,0.30362600197335754,0.19086631875159701,0.8102215550576141,0.3522380699953726,0.7331713861589652,0.30712513162622435,0.4346384584992782,0.13003641641352479,0.7881495546625511,0.3975133371258234,0.41542097383576376
0.39304086566797747,0.7065837468919572,0.5394769668947169,1.0,0.3677161770402667,0.6146030653935088,0.09334183663881915,0.13752600269187873,-0.0760297316182852,0.11509634624392966,0.32118075024801385,0.6992842622068853,0.2900228791898866,0.3455626437446379,0.04415268989556434,-0.07380814649437067,0.6265025600714101,0.5753301875704638,0.06819597527759219
0.5060309580977581,0.08044820092981314,0.6989597446402112,0.3677161770402667,1.0,0.5715904479575908,0.6895404603133416,0.38368567986349306,0.45832590739119766,0.3258137544849883,0.659866501282631,0.2752865982449176,0.7624025128637206,0.386104090158988,0.4981273661912169,0.12939100208095797,0.6339320413259569,0.6053715113065846,0.6512335730942529
0.24785152239067854,0.41398857625031676,0.45226174995759755,0.6146030653935088,0.5715904479575908,1.0,0.3373445184249658,0.5348236026485066,0.11948928111452514,0.329093804685541,0.3633863038322613,0.5453496739292196,0.4120748026500179,0.6401862030079571,0.20109796465641178,0.08746796231676697,0.4441716161709566,0.7548196219245065,0.37958169022447297
0.31413563492349017,-0.16692462730857507,0.46803147410847773,0.09334183663881915,0.6895404603133416,0.3373445184249658,1.0,0.4974512925277717,0.7525343247976919,0.5014044086766521,0.4697079355148886,0.07675986090382222,0.5547163338611963,0.2494671853589336,0.6392267703700264,0.16666055586570497,0.3906969453389526,0.2380570058818282,0.8570053458441291
0.0654926580031052,-0.02046055748837678,0.22866473074862595,0.13752600269187873,0.38368567986349306,0.5348236026485066,0.4974512925277717,1.0,0.38420443421947714,0.6478792183929835,0.22909652099652658,0.16573040480137585,0.28063411274722444,0.48004927456371194,0.3527783267834003,0.28836400881518337,0.12224072026898744,0.30711756108197,0.6340531149117826
0.1929441034599427,-0.30029570333999595,0.30362600197335754,-0.0760297316182852,0.45832590739119766,0.11948928111452514,0.7525343247976919,0.38420443421947714,1.0,0.512445699250162,0.34288241874082065,-0.06362915771653588,0.3959633001287104,0.08094912832982351,0.592736658722,0.12772457153770947,0.26426894782676863,0.02861602227615122,0.6833587348693925
0.09241878085377642,-0.07369469790564719,0.19086631875159701,0.11509634624392966,0.3258137544849883,0.329093804685541,0.5014044086766521,0.6478792183929835,0.512445699250162,1.0,0.18398451352934425,-0.02935660399505482,0.2066997990661291,0.1531834431709205,0.4019294159325836,0.20754487824824167,0.12884819512085105,0.1987242629206193,0.5911173798208466
0.6702748220682389,0.13043194651083384,0.8102215550576141,0.32118075024801385,0.659866501282631,0.3633863038322613,0.4697079355148886,0.22909652099652658,0.34288241874082065,0.18398451352934425,1.0,0.20201576684402675,0.9165207448954917,0.26666147604661755,0.41952633189288946,0.029150366532722783,0.5599144871124734,0.32241227181281107,0.41676246871903583
0.29778516433468366,0.6339638896381445,0.3522380699953726,0.6992842622068853,0.2752865982449176,0.5453496739292196,0.07675986090382222,0.16573040480137585,-0.06362915771653588,-0.02935660399505482,0.20201576684402675,1.0,0.20727083604723778,0.4687333487124559,0.01629816610025454,-0.02722106528026677,0.33118548469780956,0.4665204190044021,0.052665383096621006
0.5723668975012652,0.08031700842217684,0.7331713861589652,0.2900228791898866,0.7624025128637206,0.4120748026500179,0.5547163338611963,0.28063411274722444,0.3959633001287104,0.2066997990661291,0.9165207448954917,0.20727083604723778,1.0,0.3480324213011186,0.4676387732592184,0.07707461738852284,0.531802324791084,0.3883561960735536,0.4857737616192341
0.06010753546830667,0.10773943578313848,0.30712513162622435,0.3455626437446379,0.386104090158988,0.6401862030079571,0.2494671853589336,0.48004927456371194,0.08094912832982351,0.1531834431709205,0.26666147604661755,0.4687333487124559,0.3480324213011186,1.0,0.18240799609280114,0.39919388977861975,0.34277953672708167,0.4391956779985775,0.2737067050425195
0.16620844653560868,-0.3038663496497066,0.4346384584992782,0.04415268989556434,0.4981273661912169,0.20109796465641178,0.6392267703700264,0.3527783267834003,0.592736658722,0.4019294159325836,0.41952633189288946,0.01629816610025454,0.4676387732592184,0.18240799609280114,1.0,0.3188568701054063,0.34956709340675224,0.12690599305477088,0.562302175966875
-0.33201920907961674,-0.5041360371924618,0.13003641641352479,-0.07380814649437067,0.12939100208095797,0.08746796231676697,0.16666055586570497,0.28836400881518337,0.12772457153770947,0.20754487824824167,0.029150366532722783,-0.02722106528026677,0.07707461738852284,0.39919388977861975,0.3188568701054063,1.0,0.19603476371631864,0.06414318017982991,0.21287077155821785
0.5091794183732722,0.20648212751233389,0.7881495546625511,0.6265025600714101,0.6339320413259569,0.4441716161709566,0.3906969453389526,0.12224072026898744,0.26426894782676863,0.12884819512085105,0.5599144871124734,0.33118548469780956,0.531802324791084,0.34277953672708167,0.34956709340675224,0.19603476371631864,1.0,0.42809479264126,0.3721823570329607
0.20525856408694035,0.3981167524159402,0.3975133371258234,0.5753301875704638,0.6053715113065846,0.7548196219245065,0.2380570058818282,0.30711756108197,0.02861602227615122,0.1987242629206193,0.32241227181281107,0.4665204190044021,0.3883561960735536,0.4391956779985775,0.12690599305477088,0.06414318017982991,0.42809479264126,1.0,0.2433048198157724
0.2765851740963823,-0.21319266332425885,0.41542097383576376,0.06819597527759219,0.6512335730942529,0.37958169022447297,0.8570053458441291,0.6340531149117826,0.6833587348693925,0.5911173798208466,0.41676246871903583,0.052665383096621006,0.4857737616192341,0.2737067050425195,0.562302175966875,0.21287077155821785,0.3721823570329607,0.2433048198157724,1.0
