0,1,2,3,4,5,6,7,8,9,10,11,12,13,14,15,16,17,18
1.0,0.31370747049737774,0.7571536397824716,0.5510160146283395,0.5401523244757132,0.17169874260857354,0.19752745007580882,0.03565866807411173,-0.08411735670078031,-0.08683920882404991,0.6567491806569405,0.45785307215695326,0.5856925056576612,0.22817448349342045,0.05273897971422276,-0.0968191757475272,0.6797947484761468,0.4115428876752506,0.16324415286420738
0.31370747049737774,1.0,0.6512052500521122,0.824937702546569,0.44941806794273775,0.23734422337060157,0.020323935575921808,0.1135786682624636,-0.22531114012076428,-0.012180179388940315,0.5817417533064977,0.7653483514496088,0.5132257988361427,0.3950842479462779,0.021888305486927693,-0.02666532591129246,0.6298162804732711,0.5552231913074106,-0.03652059660123019
0.7571536397824716,0.6512052500521122,1.0,0.7492690220781836,0.6960512448763218,0.2781854553079412,0.21850923087501187,0.15063619785568802,-0.01728938210673327,-0.034588871965889355,0.7932596249007228,0.590902141874752,0.7409265338997532,0.3905812592226071,0.26681212329168236,0.16797183597092732,0.8492082120175686,0.6116864145762283,0.202728804642967
0.5510160146283395,0.824937702546569,0.7492690220781836,1.0,0.5849962548433317,0.3720761182070876,0.11912545974603322,0.2344769937567342,-0.11814229140221597,0.06482337985119672,0.6312888194878532,0.8076031372459656,0.5992070550971257,0.5453392324736093,0.1571125171273913,0.1982375455307547,0.8113426444937484,0.6995846453050961,0.10203353153423513
0.5401523244757132,0.44941806794273775,0.6960512448763218,0.5849962548433317,1.0,0.3658559721287056,0.4634377760445879,0.30545209232255327,0.14189054219098463,0.10535884319002602,0.5793082303725733,0.49457841689535,0.7095664415209271,0.48056510740447766,0.2915888486040257,0.1495987413509261,0.7360997864190736,0.8144970652173334,0.45854301202595454
0.17169874260857354,0.23734422337060157,0.2781854553079412,0.3720761182070876,0.3658559721287056,1.0,0.12717002162735894,0.13175229691416632,-0.058563968503134035,-0.014748432971688725,0.24702755481793873,0.33763402282718696,0.29625374170298846,0.42827158827264616,0.13100924453488869,0.01395938516466277,0.3568410516831605,0.3933551040908661,0.12545457646508054
0.19752745007580882,0.020323935575921808,0.21850923087501187,0.11912545974603322,0.4634377760445879,0.12717002162735894,1.0,0.5656116179355717,0.6052787319133471,0.4198707927755598,0.12102961783002762,0.10053781045959286,0.18161498956968666,0.15702539098135115,0.32660563739349724,0.08802397271147046,0.2092934175130541,0.320898384265438,0.7850301165358865
0.03565866807411173,0.1135786682624636,0.15063619785568802,0.2344769937567342,0.30545209232255327,0.13175229691416632,0.5656116179355717,1.0,0.34888847516220817,0.7245019403349489,0.10450512585218398,0.19995757238720482,0.15872739544241316,0.40018915354415185,0.267367841153205,0.4814955595692573,0.11172295727304828,0.38611310031698926,0.7088081343721443
-0.08411735670078031,-0.22531114012076428,-0.01728938210673327,-0.11814229140221597,0.14189054219098463,-0.058563968503134035,0.6052787319133471,0.34888847516220817,1.0,0.39779895302692914,-0.13643776384949652,-0.14519281180831647,-0.10831641419269315,-0.08508475484071239,0.29008944221558775,0.07351556853921606,0.02244976957073745,0.015732091740827216,0.5158112776056517
-0.08683920882404991,-0.012180179388940315,-0.034588871965889355,0.06482337985119672,0.10535884319002602,-0.014748432971688725,0.4198707927755598,0.7245019403349489,0.39779895302692914,1.0,-0.017890408247228144,-0.03348327374202085,0.028750908934430403,0.1424108832334542,0.32001649250670383,0.3853733922795707,-0.06239631766096979,0.18851895900868565,0.49739138425433366
0.6567491806569405,0.5817417533064977,0.7932596249007228,0.6312888194878532,0.5793082303725733,0.24702755481793873,0.12102961783002762,0.10450512585218398,-0.13643776384949652,-0.017890408247228144,1.0,0.5265635877157457,0.8821408396158116,0.4093132714370214,0.2109435860296816,0.14486142635259214,0.6597337952814645,0.48714517389572204,0.0837074387286937
0.45785307215695326,0.7653483514496088,0.590902141874752,0.8076031372459656,0.49457841689535,0.33763402282718696,0.10053781045959286,0.19995757238720482,-0.14519281180831647,-0.03348327374202085,0.5265635877157457,1.0,0.5077651771741662,0.5740012727237778,0.0942145857449793,0.22812143647672434,0.6272918933225253,0.5818102519891434,0.10592068953277842
0.5856925056576612,0.5132257988361427,0.7409265338997532,0.5992070550971257,0.7095664415209271,0.29625374170298846,0.18161498956968666,0.15872739544241316,-0.10831641419269315,0.028750908934430403,0.8821408396158116,0.5077651771741662,1.0,0.49051898045401143,0.30207232997280903,0.20014882243153007,0.6646686395498461,0.5611086303875856,0.14291993726202595
0.22817448349342045,0.3950842479462779,0.3905812592226071,0.5453392324736093,0.48056510740447766,0.42827158827264616,0.15702539098135115,0.40018915354415185,-0.08508475484071239,0.1424108832334542,0.4093132714370214,0.5740012727237778,0.49051898045401143,1.0,0.1450261267423355,0.394953787979973,0.4532217285998729,0.5456960880286885,0.2355772388071194
0.05273897971422276,0.021888305486927693,0.26681212329168236,0.1571125171273913,0.2915888486040257,0.13100924453488869,0.32660563739349724,0.267367841153205,0.29008944221558775,0.32001649250670383,0.2109435860296816,0.0942145857449793,0.30207232997280903,0.1450261267423355,1.0,0.18866915645240037,0.22116644129477758,0.2262870754990291,0.24156466370936588
-0.0968191757475272,-0.02666532591129246,0.16797183597092732,0.1982375455307547,0.1495987413509261,0.01395938516466277,0.08802397271147046,0.4814955595692573,0.07351556853921606,0.3853733922795707,0.14486142635259214,0.22812143647672434,0.20014882243153007,0.394953787979973,0.18866915645240037,1.0,0.09676601235678675,0.24663748704076582,0.21466071124478595
0.6797947484761468,0.6298162804732711,0.8492082120175686,0.8113426444937484,0.7360997864190736,0.3568410516831605,0.2092934175130541,0.11172295727304828,0.02244976957073745,-0.06239631766096979,0.6597337952814645,0.6272918933225253,0.6646686395498461,0.4532217285998729,0.22116644129477758,0.09676601235678675,1.0,0.6845896374894441,0.20768799943051977
0.4115428876752506,0.5552231913074106,0.6116864145762283,0.6995846453050961,0.8144970652173334,0.3933551040908661,0.320898384265438,0.38611310031698926,0.015732091740827216,0.18851895900868565,0.48714517389572204,0.5818102519891434,0.5611086303875856,0.5456960880286885,0.2262870754990291,0.24663748704076582,0.6845896374894441,1.0,0.35803175345227983
0.16324415286420738,-0.03652059660123019,0.202728804642967,0.10203353153423513,0.45854301202595454,0.12545457646508054,0.7850301165358865,0.7088081343721443,0.5158112776056517,0.49739138425433366,0.0837074387286937,0.10592068953277842,0.14291993726202595,0.2355772388071194,0.24156466370936588,0.21466071124478595,0.20768799943051977,0.35803175345227983,1.0
