0,1,2,3,4,5,6,7,8,9,10,11,12,13,14,15,16,17,18
1.0,0.9869779362893072,0.939169631809186,0.9328098808337455,0.782381603131192,0.7089818827002355,0.3739286750117273,0.4160885081118872,0.13314700152699094,0.23363691210566837,0.8232908529923362,0.8355769585481012,0.7420371732201062,0.24908276201493487,0.41930480958324634,0.2559677853331233,0.8698840121116824,0.6776376714909569,0.3126814714853288
0.9869779362893072,1.0,0.9076385537583922,0.9231384586569689,0.7366543274072869,0.6794802030785714,0.3328034664703719,0.37164800352145566,0.1047077183732668,0.1925559993969693,0.7800256959068494,0.8150306080354536,0.6995202767950129,0.2416381941629658,0.36535337722386907,0.19258512399063576,0.8461225656667685,0.660322214574572,0.2626817547727488
0.939169631809186,0.9076385537583922,1.0,0.9590694166902832,0.9067550830191271,0.8011831152122695,0.4463498501042385,0.46929101996429484,0.17011885943775423,0.23447662637223812,0.8978660162894323,0.8639446085014743,0.8151328214907464,0.29338818673796413,0.44235579090130533,0.24008545940198653,0.9228795259589462,0.7729806658088239,0.3716082874248848
0.9328098808337455,0.9231384586569689,0.9590694166902832,1.0,0.842068495829723,0.804545796781929,0.4059400803571481,0.39846149094238165,0.13954774956282293,0.1400410255745313,0.8263230679825456,0.8799070733309826,0.7302750430881605,0.3043357821993358,0.3536544420650766,0.08843771289179889,0.931125234689426,0.7795338719497502,0.27964598714750466
0.782381603131192,0.7366543274072869,0.9067550830191271,0.842068495829723,1.0,0.8483726008938419,0.6250257749744176,0.5710621102728384,0.2726918723600068,0.2280016573265106,0.8670569158740201,0.8075172433857483,0.8759355482025478,0.3656976494723366,0.5135010247370319,0.2626495136319192,0.8488423995963726,0.8363330384367869,0.5256502281814543
0.7089818827002355,0.6794802030785714,0.8011831152122695,0.804545796781929,0.8483726008938419,1.0,0.5884718114036798,0.6837008194949924,0.15722032389221854,0.1490662479209253,0.7108573240787416,0.7298673108465324,0.7145644852152706,0.33153825773083134,0.3236519915170865,0.15105546741297787,0.7749980337427775,0.9090565843720552,0.5303732846579042
0.3739286750117273,0.3328034664703719,0.4463498501042385,0.4059400803571481,0.6250257749744176,0.5884718114036798,1.0,0.6123039492212728,0.5887856501125324,0.2817892867479901,0.3605285475487197,0.44347167946949045,0.5066459812563664,0.21857961696548364,0.47999044880730807,0.3807743418701246,0.4981071316402317,0.49206180503509034,0.5706471883310829
0.4160885081118872,0.37164800352145566,0.46929101996429484,0.39846149094238165,0.5710621102728384,0.6837008194949924,0.6123039492212728,1.0,0.3012155959933007,0.46167452890980487,0.465774579192589,0.36371780647033575,0.5670028512080856,0.25114087802372914,0.42331851122579456,0.43277012794376635,0.4417409239270082,0.5648855903401687,0.7397210568810514
0.13314700152699094,0.1047077183732668,0.17011885943775423,0.13954774956282293,0.2726918723600068,0.15722032389221854,0.5887856501125324,0.3012155959933007,1.0,0.41407619433133186,0.151623887812534,0.19511749151212865,0.18947995153528172,0.2814623028686161,0.5322839943332162,0.307891122545258,0.23968192210318712,0.10972890427674589,0.2967588748767399
0.23363691210566837,0.1925559993969693,0.23447662637223812,0.1400410255745313,0.2280016573265106,0.1490662479209253,0.2817892867479901,0.46167452890980487,0.41407619433133186,1.0,0.26253830777226606,-0.0402342490194665,0.2977922875577215,-0.05703333698913524,0.3403902139853142,0.3946650756167533,0.2324985366523963,0.15195914554383397,0.3904090335923623
0.8232908529923362,0.7800256959068494,0.8978660162894323,0.8263230679825456,0.8670569158740201,0.7108573240787416,0.3605285475487197,0.465774579192589,0.151623887812534,0.26253830777226606,1.0,0.7791346312645498,0.9108901604846849,0.398498827937543,0.49735496568270576,0.2056561579202975,0.7982136788074617,0.7199744352507299,0.37380393458679795
0.8355769585481012,0.8150306080354536,0.8639446085014743,0.8799070733309826,0.8075172433857483,0.7298673108465324,0.44347167946949045,0.36371780647033575,0.19511749151212865,-0.0402342490194665,0.7791346312645498,1.0,0.6719074677886502,0.5033444620503293,0.3330244827830029,-0.05467710141860505,0.8404089853180913,0.6601840931951711,0.3198030505575968
0.7420371732201062,0.6995202767950129,0.8151328214907464,0.7302750430881605,0.8759355482025478,0.7145644852152706,0.5066459812563664,0.5670028512080856,0.18947995153528172,0.2977922875577215,0.9108901604846849,0.6719074677886502,1.0,0.33682656050457366,0.6002596973113874,0.3190893241096019,0.7353630276902069,0.715186150994119,0.5031869680551319
0.24908276201493487,0.2416381941629658,0.29338818673796413,0.3043357821993358,0.3656976494723366,0.33153825773083134,0.21857961696548364,0.25114087802372914,0.2814623028686161,-0.05703333698913524,0.398498827937543,0.5033444620503293,0.33682656050457366,1.0,0.18924030914821327,0.045653596514630565,0.3461810456313942,0.27665316785644406,0.21117575361543586
0.41930480958324634,0.36535337722386907,0.44235579090130533,0.3536544420650766,0.5135010247370319,0.3236519915170865,0.47999044880730807,0.42331851122579456,0.5322839943332162,0.3403902139853142,0.49735496568270576,0.3330244827830029,0.6002596973113874,0.18924030914821327,1.0,0.38599385928071434,0.3994077483628667,0.3046729287921075,0.40603973129215054
0.2559677853331233,0.19258512399063576,0.24008545940198653,0.08843771289179889,0.2626495136319192,0.15105546741297787,0.3807743418701246,0.43277012794376635,0.307891122545258,0.3946650756167533,0.2056561579202975,-0.05467710141860505,0.3190893241096019,0.045653596514630565,0.38599385928071434,1.0,0.2458577545371647,0.09647429666995952,0.33195202512198396
0.8698840121116824,0.8461225656667685,0.9228795259589462,0.931125234689426,0.8488423995963726,0.7749980337427775,0.4981071316402317,0.4417409239270082,0.23968192210318712,0.2324985366523963,0.7982136788074617,0.8404089853180913,0.7353630276902069,0.3461810456313942,0.3994077483628667,0.2458577545371647,1.0,0.7635319229159957,0.368510088767708
0.6776376714909569,0.660322214574572,0.7729806658088239,0.7795338719497502,0.8363330384367869,0.9090565843720552,0.49206180503509034,0.5648855903401687,0.10972890427674589,0.15195914554383397,0.7199744352507299,0.6601840931951711,0.715186150994119,0.27665316785644406,0.3046729287921075,0.09647429666995952,0.7635319229159957,1.0,0.4936889334306919
0.3126814714853288,0.2626817547727488,0.3716082874248848,0.27964598714750466,0.5256502281814543,0.5303732846579042,0.5706471883310829,0.7397210568810514,0.2967588748767399,0.3904090335923623,0.37380393458679795,0.3198030505575968,0.5031869680551319,0.21117575361543586,0.40603973129215054,0.33195202512198396,0.368510088767708,0.4936889334306919,1.0
