0,1,2,3,4,5,6,7,8,9,10,11,12,13,14,15,16,17,18
1.0,0.9552098159238402,0.8071145375134036,0.826424777580547,0.540235199769762,0.5025108415331759,0.19791752398152354,0.25878901246244895,0.09834390996270077,0.11602515946752526,0.6041722760108404,0.730628383401857,0.3821914017703673,0.2727535187419833,0.04727580989934724,0.036401477166634014,0.6823019918071924,0.4588552663454886,0.1874506046677397
0.9552098159238402,1.0,0.7230083044169301,0.8111918782569254,0.46363891345283736,0.4687672966974823,0.15196316548483466,0.20933022351795572,0.04486951561507759,0.02886460788893805,0.4948625940086027,0.7030386215705223,0.29696808066534336,0.2734981807656658,-0.04139845223573594,-0.09232644281589292,0.6289403768741495,0.4415531227458176,0.10930484732336553
0.8071145375134036,0.7230083044169301,1.0,0.8943105165982956,0.8444238564735554,0.6989196018302979,0.3252200587543406,0.2669696867771579,0.1581513630291185,0.06397502640206848,0.7209659854774154,0.8034624727687626,0.5420263349991453,0.25636499090197046,0.13375116991222383,-0.021936258174607717,0.8034591691679568,0.667947154418754,0.26072300068716125
0.826424777580547,0.8111918782569254,0.8943105165982956,1.0,0.6776096561796056,0.7148822826569439,0.17175946498927996,0.18519413542119786,0.016873170678567237,-0.10228199681102217,0.5663673266051787,0.8335202013882416,0.3791190840503525,0.30064800876770964,-0.06526587518834216,-0.2473966036792734,0.835994528940304,0.6967659746760566,0.11033531883943302
0.540235199769762,0.46363891345283736,0.8444238564735554,0.6776096561796056,1.0,0.7676992726981579,0.6210236340046407,0.4069631321185528,0.2977122577407974,0.09346598572201893,0.6660001822190666,0.6645681923128206,0.6865698283944929,0.2425799681866658,0.29003615618494,0.07179799382743539,0.6472802310967302,0.7257047100856546,0.4828151880279149
0.5025108415331759,0.4687672966974823,0.6989196018302979,0.7148822826569439,0.7676992726981579,1.0,0.4663623733845237,0.5092825801674056,0.1737865393410816,-0.0424350663175806,0.45698313452940176,0.6246858400151287,0.42398524049142305,0.29527572404328856,0.045154373783758715,-0.09320877599248122,0.6210513806976818,0.8891963255548617,0.4367113869364787
0.19791752398152354,0.15196316548483466,0.3252200587543406,0.17175946498927996,0.6210236340046407,0.4663623733845237,1.0,0.5799751208425049,0.566882595929091,0.2732559201625824,0.33639671504191954,0.2539578123634076,0.5535208690720372,0.20137755167858615,0.4830065879018714,0.33487739030116626,0.21997362361646272,0.3615390118424971,0.6714333081483127
0.25878901246244895,0.20933022351795572,0.2669696867771579,0.18519413542119786,0.4069631321185528,0.5092825801674056,0.5799751208425049,1.0,0.4376592216649894,0.43519515919183277,0.2660982369483394,0.22812320558567614,0.4136622390618815,0.40515509239959147,0.3237962205578273,0.3336303781740267,0.22416854217749338,0.41234694157024965,0.7133827309754647
0.09834390996270077,0.04486951561507759,0.1581513630291185,0.016873170678567237,0.2977122577407974,0.1737865393410816,0.566882595929091,0.4376592216649894,1.0,0.5161936517496212,0.1554813808246759,0.06395311045314551,0.30397050994881764,0.18319281233590118,0.579149861135412,0.3666485957682027,0.1065563579760106,0.0943177838101626,0.5255558493552084
0.11602515946752526,0.02886460788893805,0.06397502640206848,-0.10228199681102217,0.09346598572201893,-0.0424350663175806,0.2732559201625824,0.43519515919183277,0.5161936517496212,1.0,0.08763605572684592,-0.2036792250078681,0.1333317157125183,-0.13185596465221866,0.3375776855518578,0.33088841294566335,0.031530401443781476,-0.05681669171324125,0.4578084315175979
0.6041722760108404,0.4948625940086027,0.7209659854774154,0.5663673266051787,0.6660001822190666,0.45698313452940176,0.33639671504191954,0.2660982369483394,0.1554813808246759,0.08763605572684592,1.0,0.5509762944067098,0.7084526583088051,0.21539677946428568,0.31577191575612235,0.06392352704427849,0.48826042316912155,0.45022733517045255,0.1871889615811794
0.730628383401857,0.7030386215705223,0.8034624727687626,0.8335202013882416,0.6645681923128206,0.6246858400151287,0.2539578123634076,0.22812320558567614,0.06395311045314551,-0.2036792250078681,0.5509762944067098,1.0,0.39444460158015116,0.4179463768725657,-0.02586631451274388,-0.3457202518871883,0.7188599777425597,0.5336908001015268,0.2034957111675813
0.3821914017703673,0.29696808066534336,0.5420263349991453,0.3791190840503525,0.6865698283944929,0.42398524049142305,0.5535208690720372,0.4136622390618815,0.30397050994881764,0.1333317157125183,0.7084526583088051,0.39444460158015116,1.0,0.34861317682278714,0.5573144935154831,0.23705501207287374,0.41533651848088887,0.4324684040548156,0.3164687534163481
0.2727535187419833,0.2734981807656658,0.25636499090197046,0.30064800876770964,0.2425799681866658,0.29527572404328856,0.20137755167858615,0.40515509239959147,0.18319281233590118,-0.13185596465221866,0.21539677946428568,0.4179463768725657,0.34861317682278714,1.0,0.14876568988558023,0.17353041167615454,0.35165484200520664,0.2804614372940492,0.14657822999023748
0.04727580989934724,-0.04139845223573594,0.13375116991222383,-0.06526587518834216,0.29003615618494,0.045154373783758715,0.4830065879018714,0.3237962205578273,0.579149861135412,0.3375776855518578,0.31577191575612235,-0.02586631451274388,0.5573144935154831,0.14876568988558023,1.0,0.3335238587730474,-0.005637657393045212,0.00951582511601059,0.27865735913952716
0.036401477166634014,-0.09232644281589292,-0.021936258174607717,-0.2473966036792734,0.07179799382743539,-0.09320877599248122,0.33487739030116626,0.3336303781740267,0.3666485957682027,0.33088841294566335,0.06392352704427849,-0.3457202518871883,0.23705501207287374,0.17353041167615454,0.3335238587730474,1.0,0.027719847695170573,-0.09045805998783941,0.34152424151461713
0.6823019918071924,0.6289403768741495,0.8034591691679568,0.835994528940304,0.6472802310967302,0.6210513806976818,0.21997362361646272,0.22416854217749338,0.1065563579760106,0.031530401443781476,0.48826042316912155,0.7188599777425597,0.41533651848088887,0.35165484200520664,-0.005637657393045212,0.027719847695170573,1.0,0.6639124382632919,0.24737239746440598
0.4588552663454886,0.4415531227458176,0.667947154418754,0.6967659746760566,0.7257047100856546,0.8891963255548617,0.3615390118424971,0.41234694157024965,0.0943177838101626,-0.05681669171324125,0.45022733517045255,0.5336908001015268,0.4324684040548156,0.2804614372940492,0.00951582511601059,-0.09045805998783941,0.6639124382632919,1.0,0.3614120458204394
0.1874506046677397,0.10930484732336553,0.26072300068716125,0.11033531883943302,0.4828151880279149,0.4367113869364787,0.6714333081483127,0.7133827309754647,0.5255558493552084,0.4578084315175979,0.1871889615811794,0.2034957111675813,0.3164687534163481,0.14657822999023748,0.27865735913952716,0.34152424151461713,0.24737239746440598,0.3614120458204394,1.0
