0,1,2,3,4,5,6,7,8,9,10,11,12,13,14,15,16,17,18
1.0,0.40118185911923576,0.6876033086757116,0.6782600863552317,0.34077541456038335,0.5074578157473656,0.20386885452608888,0.2515266098176325,-0.05148950994878973,0.04779253506371062,0.577511741194227,0.3865488531544895,0.264766718177312,0.5132523592477233,-0.00618850863500358,0.08955355777496364,0.6889362973486917,0.2723207842841549,0.0774963871232913
0.40118185911923576,1.0,0.4231571421153211,0.325330701740468,0.18797676125213267,0.29488042786861335,0.15176529806760924,0.2332777050391111,0.11807027098815799,0.1119160273228192,0.20469043084987193,0.6904411148782152,0.27002556070476086,0.3294421361599777,0.15862577245297002,0.17785989118146692,0.3939932497308037,0.17542454480483716,0.18375161457155967
0.6876033086757116,0.4231571421153211,1.0,0.6042910787610464,0.6217414900479479,0.533607348691998,0.40123734206032297,0.3587253866835298,0.011522741147382835,0.1148160577190884,0.3258872305717572,0.3272890985604161,0.4423980314836589,0.4825930960870677,0.09038722114908516,0.11462246903791408,0.8033005796381997,0.5129554248296029,0.3397898830312893
0.6782600863552317,0.325330701740468,0.6042910787610464,1.0,0.3366728590692252,0.6544456111257573,0.2390397821680694,0.33715284318341066,-0.0005698357007046494,0.09796993271491643,0.43347358465991126,0.4772281822873465,0.24893375595584208,0.6127577558628053,0.08476181075781038,0.25771712179301765,0.6899477685173534,0.3503808171677689,0.1476644681350835
0.34077541456038335,0.18797676125213267,0.6217414900479479,0.3366728590692252,1.0,0.5381978660413159,0.8752621243643847,0.557308061761856,0.29633570795025577,0.32235222816576675,0.10950759148559981,0.16579514805947235,0.6963153930962143,0.46497091723487016,0.41665833783951634,0.2388334859885664,0.4392731374724125,0.6627394226636654,0.5316979499244798
0.5074578157473656,0.29488042786861335,0.533607348691998,0.6544456111257573,0.5381978660413159,1.0,0.5190634710460504,0.6676764039676363,0.20601433931329588,0.31380412101381555,0.31849049002347063,0.3533037686229777,0.38064485769744544,0.9477177728544697,0.3505830452120288,0.5256384573148816,0.5847799785387646,0.440951976529725,0.4354400695695173
0.20386885452608888,0.15176529806760924,0.40123734206032297,0.2390397821680694,0.8752621243643847,0.5190634710460504,1.0,0.625828797283451,0.5150379903674253,0.40181414260765197,-0.004452153080765403,0.13999965380533608,0.740997268940093,0.4636744506927668,0.5374468458677347,0.3137636787608485,0.2610931926622897,0.6397026431417313,0.575238860791074
0.2515266098176325,0.2332777050391111,0.3587253866835298,0.33715284318341066,0.557308061761856,0.6676764039676363,0.625828797283451,1.0,0.36710222158861905,0.6681451684928409,0.13745967723505234,0.1063578727838216,0.5274973713569061,0.5854469367565577,0.4319396620494984,0.48796894823223913,0.36495068365430955,0.6200178177144642,0.7496309588979359
-0.05148950994878973,0.11807027098815799,0.011522741147382835,-0.0005698357007046494,0.29633570795025577,0.20601433931329588,0.5150379903674253,0.36710222158861905,1.0,0.48884387338382684,-0.21502422134623392,0.17044150661127352,0.3891928765673589,0.20895043458619278,0.51709156073435,0.3516127090768044,-0.0526926154781865,0.253528069027687,0.3258920192233959
0.04779253506371062,0.1119160273228192,0.1148160577190884,0.09796993271491643,0.32235222816576675,0.31380412101381555,0.40181414260765197,0.6681451684928409,0.48884387338382684,1.0,-0.0021413134738176975,0.0495695192350535,0.3173935400088241,0.3152749536554613,0.428006798553744,0.6382936477773115,0.09804993995259642,0.31125718059642243,0.47488258782479464
0.577511741194227,0.20469043084987193,0.3258872305717572,0.43347358465991126,0.10950759148559981,0.31849049002347063,-0.004452153080765403,0.13745967723505234,-0.21502422134623392,-0.0021413134738176975,1.0,0.13547349391685273,0.02915610827673892,0.28878296325094294,-0.1080838784504556,0.06419508878505543,0.2441379320536577,0.1663143838423522,-0.13084034306271364
0.3865488531544895,0.6904411148782152,0.3272890985604161,0.4772281822873465,0.16579514805947235,0.3533037686229777,0.13999965380533608,0.1063578727838216,0.17044150661127352,0.0495695192350535,0.13547349391685273,1.0,0.11723920975860659,0.40741188271105205,0.12938224194631767,0.1960779792224073,0.35866338510259205,0.01414003659252242,0.05773942201817194
0.264766718177312,0.27002556070476086,0.4423980314836589,0.24893375595584208,0.6963153930962143,0.38064485769744544,0.740997268940093,0.5274973713569061,0.3891928765673589,0.3173935400088241,0.02915610827673892,0.11723920975860659,1.0,0.3267774295066356,0.5808180196046191,0.23473768735677109,0.3399319571290305,0.4892330810730195,0.4300513952234529
0.5132523592477233,0.3294421361599777,0.4825930960870677,0.6127577558628053,0.46497091723487016,0.9477177728544697,0.4636744506927668,0.5854469367565577,0.20895043458619278,0.3152749536554613,0.28878296325094294,0.40741188271105205,0.3267774295066356,1.0,0.3263970831516032,0.558205262822698,0.5505804921787137,0.3194165828408363,0.36872416206534475
-0.00618850863500358,0.15862577245297002,0.09038722114908516,0.08476181075781038,0.41665833783951634,0.3505830452120288,0.5374468458677347,0.4319396620494984,0.51709156073435,0.428006798553744,-0.1080838784504556,0.12938224194631767,0.5808180196046191,0.3263970831516032,1.0,0.45638480719402025,-0.07832491024518722,0.3589338960084661,0.053140872787857105
0.08955355777496364,0.17785989118146692,0.11462246903791408,0.25771712179301765,0.2388334859885664,0.5256384573148816,0.3137636787608485,0.48796894823223913,0.3516127090768044,0.6382936477773115,0.06419508878505543,0.1960779792224073,0.23473768735677109,0.558205262822698,0.45638480719402025,1.0,0.11389870671283969,0.16280425324349407,0.20979659016520605
0.6889362973486917,0.3939932497308037,0.8033005796381997,0.6899477685173534,0.4392731374724125,0.5847799785387646,0.2610931926622897,0.36495068365430955,-0.0526926154781865,0.09804993995259642,0.2441379320536577,0.35866338510259205,0.3399319571290305,0.5505804921787137,-0.07832491024518722,0.11389870671283969,1.0,0.43967749794385663,0.3054249895941912
0.2723207842841549,0.17542454480483716,0.5129554248296029,0.3503808171677689,0.6627394226636654,0.440951976529725,0.6397026431417313,0.6200178177144642,0.253528069027687,0.31125718059642243,0.1663143838423522,0.01414003659252242,0.4892330810730195,0.3194165828408363,0.3589338960084661,0.16280425324349407,0.43967749794385663,1.0,0.6421967357138084
0.0774963871232913,0.18375161457155967,0.3397898830312893,0.1476644681350835,0.5316979499244798,0.4354400695695173,0.575238860791074,0.7496309588979359,0.3258920192233959,0.47488258782479464,-0.13084034306271364,0.05773942201817194,0.4300513952234529,0.36872416206534475,0.053140872787857105,0.20979659016520605,0.3054249895941912,0.6421967357138084,1.0
