0,1,2,3,4,5,6,7,8,9,10,11,12,13,14,15,16,17,18
1.0,0.5538677608548415,0.2875484862151183,0.3279243278347535,0.001539515066468764,0.12253602177675658,-0.32823868202432915,-0.0796205808064725,-0.2862414926132168,-0.10184045469938677,0.4350445718620138,0.45462752550415464,0.03574452686838724,0.21284965517451565,-0.11908594709259168,-0.012914424704972581,0.5330387400939963,0.22275709702470428,-0.4162829997696555
0.5538677608548415,1.0,0.2559811099529778,0.2876842642479569,0.12112992058486975,0.002847834306021872,-0.14343432840405979,-0.2281771750075566,-0.2004941116495678,-0.1641816810424472,0.17243681948925263,0.7374693987626697,0.09913787343025249,0.18410132486697214,-0.0891598551785977,-0.08866390284463288,0.7190467021682733,0.13337029965994696,-0.32243408891921915
0.2875484862151183,0.2559811099529778,1.0,0.7873476756952612,0.553470779969402,0.42308707825253544,-0.02980703560093176,0.10035433520534079,-0.2816876425888186,0.039808503510796976,0.30659723560568425,0.2802124348449006,0.2695475572762164,0.28931939618004615,-0.06933465386571112,0.06967736222479932,0.3030557311263756,0.6658411226428068,-0.04550326155409565
0.3279243278347535,0.2876842642479569,0.7873476756952612,1.0,0.6386864461384144,0.5829956967368131,0.05752534953077514,0.0822568371133891,-0.2767964839794577,-0.07124855422886993,0.2868613159959612,0.24055548876072042,0.2854476072892067,0.2028660863444926,-0.0700710129931854,-0.08972870591770274,0.3839421155865406,0.8767310604918227,0.015750510931759575
0.001539515066468764,0.12112992058486975,0.553470779969402,0.6386864461384144,1.0,0.6461100716119218,0.4226681907113395,0.4007804815054831,-0.11175257082937874,0.21617553295733377,0.10191899977404813,0.19021966460038656,0.5640327998813719,0.3142344222963009,0.05675881446200619,0.13236876512831594,0.050826100934237936,0.6794903688995544,0.3204760978345293
0.12253602177675658,0.002847834306021872,0.42308707825253544,0.5829956967368131,0.6461100716119218,1.0,0.3063253811643444,0.39213900317885914,0.005546090501326048,0.0343642193051179,0.10778053200733113,0.07015002157769999,0.43304133165936415,0.45454659869458097,0.11992393087556881,0.0008527159566816652,0.11465575472633242,0.6564753686805312,0.3074221289788135
-0.32823868202432915,-0.14343432840405979,-0.02980703560093176,0.05752534953077514,0.4226681907113395,0.3063253811643444,1.0,0.5492645668163421,0.4378745008348701,0.48118199219762886,-0.16095468767023527,-0.08334736806165269,0.31885046086071017,0.22926183973479297,0.3883829957507259,0.3643213080295353,-0.2154643158850045,0.19570774064620727,0.641100254265621
-0.0796205808064725,-0.2281771750075566,0.10035433520534079,0.0822568371133891,0.4007804815054831,0.39213900317885914,0.5492645668163421,1.0,0.2604593105410687,0.5969172534993914,-0.07440973788649109,-0.21660174805350013,0.17907333575426138,0.02178800757566105,0.18062952503385418,0.2321149261612929,-0.018461277681641314,0.2215097333946312,0.7011258338648485
-0.2862414926132168,-0.2004941116495678,-0.2816876425888186,-0.2767964839794577,-0.11175257082937874,0.005546090501326048,0.4378745008348701,0.2604593105410687,1.0,0.468556139857696,-0.14425652519631524,-0.07297533830104634,0.018369758173878547,0.185132175983899,0.5549699544298718,0.43104222743847637,-0.25724709038233695,-0.21635285690682884,0.2716740465681189
-0.10184045469938677,-0.1641816810424472,0.039808503510796976,-0.07124855422886993,0.21617553295733377,0.0343642193051179,0.48118199219762886,0.5969172534993914,0.468556139857696,1.0,-0.040536245953295455,-0.13403280036830956,0.10317745423012095,0.01027183136774052,0.32780001216378934,0.26977713036134326,-0.056017729166906005,-0.052727632933263484,0.4878575413464813
0.4350445718620138,0.17243681948925263,0.30659723560568425,0.2868613159959612,0.10191899977404813,0.10778053200733113,-0.16095468767023527,-0.07440973788649109,-0.14425652519631524,-0.040536245953295455,1.0,0.14757266226518623,0.2778590301869252,0.2345734662035023,0.2130005683533556,0.13022538119272992,0.20160735027215254,0.21839279298692763,-0.3094784717414511
0.45462752550415464,0.7374693987626697,0.2802124348449006,0.24055548876072042,0.19021966460038656,0.07015002157769999,-0.08334736806165269,-0.21660174805350013,-0.07297533830104634,-0.13403280036830956,0.14757266226518623,1.0,0.2081202759485519,0.3205111955587752,0.013829901795738245,0.047853575392335486,0.5582978243638316,0.10674762119955893,-0.25264308615618625
0.03574452686838724,0.09913787343025249,0.2695475572762164,0.2854476072892067,0.5640327998813719,0.43304133165936415,0.31885046086071017,0.17907333575426138,0.018369758173878547,0.10317745423012095,0.2778590301869252,0.2081202759485519,1.0,0.513755585176996,0.33873398019600415,0.27190532178824756,-0.10543448374550346,0.28459383638412056,0.03444916593854404
0.21284965517451565,0.18410132486697214,0.28931939618004615,0.2028660863444926,0.3142344222963009,0.45454659869458097,0.22926183973479297,0.02178800757566105,0.185132175983899,0.01027183136774052,0.2345734662035023,0.3205111955587752,0.513755585176996,1.0,0.3198016932947959,0.34926340125823,0.1306410019648302,0.18101256879551914,0.001440994608034141
-0.11908594709259168,-0.0891598551785977,-0.06933465386571112,-0.0700710129931854,0.05675881446200619,0.11992393087556881,0.3883829957507259,0.18062952503385418,0.5549699544298718,0.32780001216378934,0.2130005683533556,0.013829901795738245,0.33873398019600415,0.3198016932947959,1.0,0.47160131881218026,-0.1416364494984931,-0.04067072699974762,0.1140659546968683
-0.012914424704972581,-0.08866390284463288,0.06967736222479932,-0.08972870591770274,0.13236876512831594,0.0008527159566816652,0.3643213080295353,0.2321149261612929,0.43104222743847637,0.26977713036134326,0.13022538119272992,0.047853575392335486,0.27190532178824756,0.34926340125823,0.47160131881218026,1.0,0.02195275581054386,-0.0800670188455937,0.17689701776102484
0.5330387400939963,0.7190467021682733,0.3030557311263756,0.3839421155865406,0.050826100934237936,0.11465575472633242,-0.2154643158850045,-0.018461277681641314,-0.25724709038233695,-0.056017729166906005,0.20160735027215254,0.5582978243638316,-0.10543448374550346,0.1306410019648302,-0.1416364494984931,0.02195275581054386,1.0,0.2613026075767529,-0.2650582162961178
0.22275709702470428,0.13337029965994696,0.6658411226428068,0.8767310604918227,0.6794903688995544,0.6564753686805312,0.19570774064620727,0.2215097333946312,-0.21635285690682884,-0.052727632933263484,0.21839279298692763,0.10674762119955893,0.28459383638412056,0.18101256879551914,-0.04067072699974762,-0.0800670188455937,0.2613026075767529,1.0,0.17839552567515535
-0.4162829997696555,-0.32243408891921915,-0.04550326155409565,0.015750510931759575,0.3204760978345293,0.3074221289788135,0.641100254265621,0.7011258338648485,0.2716740465681189,0.4878575413464813,-0.3094784717414511,-0.25264308615618625,0.03444916593854404,0.001440994608034141,0.1140659546968683,0.17689701776102484,-0.2650582162961178,0.17839552567515535,1.0
