0,1,2,3,4,5,6,7,8,9,10,11,12,13,14,15,16,17,18
1.0,-0.12998123706581577,0.28532170825845976,-0.2864816409433201,-0.03779751896269472,-0.04265891528474698,-0.02084748642101697,-0.07442446190086463,-0.011612923875960347,0.08297712596895088,0.4433798201894981,-0.17122078290013215,0.0030367756905703854,-0.0778248431799429,-0.12712126271390964,-0.049549057521555265,-0.18871891827068893,-0.14700592122169062,-0.025622567194549885
-0.12998123706581577,1.0,-0.5208206657288881,-0.443418521057149,-0.3014718729222789,-0.01334423678244054,-0.20146281038928607,-0.17451730577388094,-0.19270025448110606,0.007494876906254034,-0.013378810456242979,0.26380442697536155,-0.19911694363984694,-0.11986603805768105,-0.252640897657258,-0.1575954207993695,-0.5614206116906308,-0.21313170819282137,-0.13286617493699351
0.28532170825845976,-0.5208206657288881,1.0,0.05354584458907073,0.3093116191870183,0.0074455864968504685,0.13386903339803952,-0.0844065466912841,0.13236048515619803,0.03977727021126098,0.45576508367467294,-0.2884913198758122,0.3822141043553662,-0.01569724634522624,0.023952262421094463,-0.04694560886127756,0.5031778159005253,0.017646385603480027,0.08622774428271847
-0.2864816409433201,-0.443418521057149,0.05354584458907073,1.0,0.0462112861388769,0.08169636905742848,-0.02478649991086853,0.17342074062352866,-0.017251991887814976,0.0580573529757671,0.03385259100864986,-0.0978936683474942,0.08250863423823902,0.04727248059342295,-0.037851580242000055,0.04730098629820821,0.17880053929800938,0.15947186374525055,0.034835142934768006
-0.03779751896269472,-0.3014718729222789,0.3093116191870183,0.0462112861388769,1.0,0.12413460552703329,0.6867217698139878,0.3645386601460837,0.6333864379242463,0.19132846754595387,0.1862333720262759,-0.13486139926766566,0.7875824909482133,0.266824034498884,0.5083999133131919,0.1382855520736421,0.14097748919507685,0.6764225347090077,0.49453854356806726
-0.04265891528474698,-0.01334423678244054,0.0074455864968504685,0.08169636905742848,0.12413460552703329,1.0,0.18397149229258927,-0.36325370945871654,0.1685146484575159,0.11173158194892974,-0.03170126368920149,-0.1400890518504006,0.08285641360399283,-0.6292835286373365,0.14774830696716146,0.11324779080693188,0.0005696031190561391,0.2139780785912819,0.16410469881581813
-0.02084748642101697,-0.20146281038928607,0.13386903339803952,-0.02478649991086853,0.6867217698139878,0.18397149229258927,1.0,0.37264348512779916,0.9758818557642857,0.434868607223799,0.06245532800025455,-0.19279924379522523,0.5382403586866946,0.18113227140302005,0.6265195755874021,0.19293991869522722,0.020881733699054085,0.5044667623086693,0.8002161358983664
-0.07442446190086463,-0.17451730577388094,-0.0844065466912841,0.17342074062352866,0.3645386601460837,-0.36325370945871654,0.37264348512779916,1.0,0.36692448621117996,0.41911018259617866,0.04856516192966974,-0.09800022134075294,0.2363388677158298,0.7330275375238992,0.24220328976888877,0.29543077679996915,-0.1005617042832169,0.48436087988420556,0.4069332966104323
-0.011612923875960347,-0.19270025448110606,0.13236048515619803,-0.017251991887814976,0.6333864379242463,0.1685146484575159,0.9758818557642857,0.36692448621117996,1.0,0.4797366106519424,0.0567733335427314,-0.1953987081237433,0.5030964871758068,0.18095173149516844,0.6068071695991993,0.20399464732089628,0.01915750937588577,0.46574675204377347,0.8235695276522803
0.08297712596895088,0.007494876906254034,0.03977727021126098,0.0580573529757671,0.19132846754595387,0.11173158194892974,0.434868607223799,0.41911018259617866,0.4797366106519424,1.0,0.07357421640304765,-0.22961482281727932,0.1259099632123601,0.15956505420012743,0.15896823212987146,0.43538688449331414,-0.09078210190010454,0.28665317606125934,0.5363742290998648
0.4433798201894981,-0.013378810456242979,0.45576508367467294,0.03385259100864986,0.1862333720262759,-0.03170126368920149,0.06245532800025455,0.04856516192966974,0.0567733335427314,0.07357421640304765,1.0,-0.014834293648027805,0.388012653593842,0.038462755393654846,0.057224139028305435,0.012444694773897879,0.06043650937017241,0.03566755587933694,-0.011269393639021562
-0.17122078290013215,0.26380442697536155,-0.2884913198758122,-0.0978936683474942,-0.13486139926766566,-0.1400890518504006,-0.19279924379522523,-0.09800022134075294,-0.1953987081237433,-0.22961482281727932,-0.014834293648027805,1.0,-0.06994306270303255,0.05966460512399744,-0.1506719875554499,-0.14770291905841648,-0.16679215398581393,-0.24539906854886567,-0.1765623263445854
0.0030367756905703854,-0.19911694363984694,0.3822141043553662,0.08250863423823902,0.7875824909482133,0.08285641360399283,0.5382403586866946,0.2363388677158298,0.5030964871758068,0.1259099632123601,0.388012653593842,-0.06994306270303255,1.0,0.21064186662731263,0.5164148575769242,0.03457613559129143,0.1945699487711763,0.4045757222419775,0.3471414438533471
-0.0778248431799429,-0.11986603805768105,-0.01569724634522624,0.04727248059342295,0.266824034498884,-0.6292835286373365,0.18113227140302005,0.7330275375238992,0.18095173149516844,0.15956505420012743,0.038462755393654846,0.05966460512399744,0.21064186662731263,1.0,0.08211629023193678,0.11609990064999604,0.015242373933739726,0.21970906295071332,0.1873730798819689
-0.12712126271390964,-0.252640897657258,0.023952262421094463,-0.037851580242000055,0.5083999133131919,0.14774830696716146,0.6265195755874021,0.24220328976888877,0.6068071695991993,0.15896823212987146,0.057224139028305435,-0.1506719875554499,0.5164148575769242,0.08211629023193678,1.0,0.210977876432381,-0.11909047681532703,0.283673250860083,0.2976192256986224
-0.049549057521555265,-0.1575954207993695,-0.04694560886127756,0.04730098629820821,0.1382855520736421,0.11324779080693188,0.19293991869522722,0.29543077679996915,0.20399464732089628,0.43538688449331414,0.012444694773897879,-0.14770291905841648,0.03457613559129143,0.11609990064999604,0.210977876432381,1.0,-0.12294123780241874,0.1799454278401001,0.15970308391345767
-0.18871891827068893,-0.5614206116906308,0.5031778159005253,0.17880053929800938,0.14097748919507685,0.0005696031190561391,0.020881733699054085,-0.1005617042832169,0.01915750937588577,-0.09078210190010454,0.06043650937017241,-0.16679215398581393,0.1945699487711763,0.015242373933739726,-0.11909047681532703,-0.12294123780241874,1.0,-0.053494085209663124,0.07706677261809539
-0.14700592122169062,-0.21313170819282137,0.017646385603480027,0.15947186374525055,0.6764225347090077,0.2139780785912819,0.5044667623086693,0.48436087988420556,0.46574675204377347,0.28665317606125934,0.03566755587933694,-0.24539906854886567,0.4045757222419775,0.21970906295071332,0.283673250860083,0.1799454278401001,-0.053494085209663124,1.0,0.5536764011952104
-0.025622567194549885,-0.13286617493699351,0.08622774428271847,0.034835142934768006,0.49453854356806726,0.16410469881581813,0.8002161358983664,0.4069332966104323,0.8235695276522803,0.5363742290998648,-0.011269393639021562,-0.1765623263445854,0.3471414438533471,0.1873730798819689,0.2976192256986224,0.15970308391345767,0.07706677261809539,0.5536764011952104,1.0
