0,1,2,3,4,5,6,7,8,9,10,11,12,13,14,15,16,17,18
1.0,-0.1819131957446688,0.403009163363417,-0.29886188109057543,0.08925007029843661,-0.06278561198023183,-0.11297892948573147,0.004952307951950918,-0.07667552454745397,-0.09263756592606238,0.46824697472717547,-0.1363589298597644,0.28091924190390594,-0.042651132647872,-0.07299249110593183,-0.07363258315309386,0.016166815121425336,-0.0007500134034961767,0.03433235609536585
-0.1819131957446688,1.0,-0.5181545824364384,-0.3527534725560649,-0.31267140381058584,-0.14063166812481534,-0.25665331978079664,-0.1442416337229954,-0.24542402612199493,-0.11970258117007455,-0.07206575348065986,0.3435872653145676,-0.033635925566385866,-0.14011998275103463,-0.22788691082742174,-0.1640106424918426,-0.5175298786787584,-0.2701939301438632,-0.26019070147302914
0.403009163363417,-0.5181545824364384,1.0,-0.060865769699660385,0.3262696510721582,0.10836045395182307,0.017425710799730775,-0.059094234209680144,0.031643137171896075,-0.037028144173205074,0.39657618759917224,-0.3869896683163586,0.13144530712277058,-0.18269038437815738,-0.033758766692374764,-0.08418127981587077,0.4927790014620172,0.015696988891076805,0.13411824618727383
-0.29886188109057543,-0.3527534725560649,-0.060865769699660385,1.0,0.05978909065019557,0.0634599879969706,0.019483051511592964,0.15221856415011684,0.00980500651436413,0.0647462463109929,0.12998047729968454,0.09308529432972573,0.08687118628831154,0.18513150361485925,-0.0467782371631313,-0.010229466301087927,0.18441248380376477,0.1519811475648279,-0.007526583171987745
0.08925007029843661,-0.31267140381058584,0.3262696510721582,0.05978909065019557,1.0,0.16085684315906468,0.657453014572573,0.27297640648715144,0.6347921635599585,0.2004942295069672,0.28336868510582586,-0.05967756975003137,0.5402925720736443,0.13918840223902695,0.5508300855070355,0.11794913132747027,0.27622120379078047,0.6158576079277449,0.5589518285621836
-0.06278561198023183,-0.14063166812481534,0.10836045395182307,0.0634599879969706,0.16085684315906468,1.0,0.21211760933050836,-0.3386059505299995,0.16874686086750695,0.17325540462706998,-0.012820246376808432,-0.2740060553992343,-0.1656280410477335,-0.4427956308648365,0.12254901418325578,0.23177787972738567,-0.030191858326356215,0.14545710945429816,0.13780514985703113
-0.11297892948573147,-0.25665331978079664,0.017425710799730775,0.019483051511592964,0.657453014572573,0.21211760933050836,1.0,0.2672901256251244,0.9718499706935697,0.5120279481039771,0.010199352578547352,-0.1131791854839468,0.18242535482084735,0.15194574119175344,0.6337015783014598,0.29932550776558287,0.043639469605738716,0.47120742143589767,0.80569757667945
0.004952307951950918,-0.1442416337229954,-0.059094234209680144,0.15221856415011684,0.27297640648715144,-0.3386059505299995,0.2672901256251244,1.0,0.31781782155846366,0.32420017091365144,0.06725850656419848,0.16381342014864747,0.4513106745859479,0.5200382279505273,0.25635232759622223,0.14893882772722972,0.11542882938242373,0.43975041684965854,0.4475766915166161
-0.07667552454745397,-0.24542402612199493,0.031643137171896075,0.00980500651436413,0.6347921635599585,0.16874686086750695,0.9718499706935697,0.31781782155846366,1.0,0.5436335807018361,0.024141477310302185,-0.08174911898947583,0.2661263150123384,0.16809113382741925,0.652883612307573,0.2979566376435047,0.06347389469844618,0.4756928961569754,0.8329818007228467
-0.09263756592606238,-0.11970258117007455,-0.037028144173205074,0.0647462463109929,0.2004942295069672,0.17325540462706998,0.5120279481039771,0.32420017091365144,0.5436335807018361,1.0,-0.06873203232530609,-0.0885460889636079,0.004749464429061595,0.11967585981057755,0.24915180640046164,0.47745021897205886,-0.029172733448754838,0.27604619794398927,0.5393059389037096
0.46824697472717547,-0.07206575348065986,0.39657618759917224,0.12998047729968454,0.28336868510582586,-0.012820246376808432,0.010199352578547352,0.06725850656419848,0.024141477310302185,-0.06873203232530609,1.0,0.0798266857371892,0.4318999019569496,0.0019693601129846085,0.14666558173782068,-0.039208225802004,0.23863394394234458,0.14635275602671544,0.016361978295126766
-0.1363589298597644,0.3435872653145676,-0.3869896683163586,0.09308529432972573,-0.05967756975003137,-0.2740060553992343,-0.1131791854839468,0.16381342014864747,-0.08174911898947583,-0.0885460889636079,0.0798266857371892,1.0,0.30312842873678697,0.21382256320630513,-0.010080073223064695,-0.15271966684419677,-0.17627738538695512,0.006292163311168762,-0.09612825859093306
0.28091924190390594,-0.033635925566385866,0.13144530712277058,0.08687118628831154,0.5402925720736443,-0.1656280410477335,0.18242535482084735,0.4513106745859479,0.2661263150123384,0.004749464429061595,0.4318999019569496,0.30312842873678697,1.0,0.2660474168479789,0.4253376811678344,-0.047793150633985024,0.3213587056881825,0.47290537994266185,0.2564235476062745
-0.042651132647872,-0.14011998275103463,-0.18269038437815738,0.18513150361485925,0.13918840223902695,-0.4427956308648365,0.15194574119175344,0.5200382279505273,0.16809113382741925,0.11967585981057755,0.0019693601129846085,0.21382256320630513,0.2660474168479789,1.0,0.16350068976708187,0.003558275528197296,0.026926105325983142,0.3225235229397327,0.229706428003989
-0.07299249110593183,-0.22788691082742174,-0.033758766692374764,-0.0467782371631313,0.5508300855070355,0.12254901418325578,0.6337015783014598,0.25635232759622223,0.652883612307573,0.24915180640046164,0.14666558173782068,-0.010080073223064695,0.4253376811678344,0.16350068976708187,1.0,0.19151525875164577,-0.04465165788510041,0.3790208077717476,0.41120005221082734
-0.07363258315309386,-0.1640106424918426,-0.08418127981587077,-0.010229466301087927,0.11794913132747027,0.23177787972738567,0.29932550776558287,0.14893882772722972,0.2979566376435047,0.47745021897205886,-0.039208225802004,-0.15271966684419677,-0.047793150633985024,0.003558275528197296,0.19151525875164577,1.0,-0.1434813298387868,0.10531176065936391,0.23256881620279735
0.016166815121425336,-0.5175298786787584,0.4927790014620172,0.18441248380376477,0.27622120379078047,-0.030191858326356215,0.043639469605738716,0.11542882938242373,0.06347389469844618,-0.029172733448754838,0.23863394394234458,-0.17627738538695512,0.3213587056881825,0.026926105325983142,-0.04465165788510041,-0.1434813298387868,1.0,0.059247243763967866,0.15476671846034926
-0.0007500134034961767,-0.2701939301438632,0.015696988891076805,0.1519811475648279,0.6158576079277449,0.14545710945429816,0.47120742143589767,0.43975041684965854,0.4756928961569754,0.27604619794398927,0.14635275602671544,0.006292163311168762,0.47290537994266185,0.3225235229397327,0.3790208077717476,0.10531176065936391,0.059247243763967866,1.0,0.5391526988856425
0.03433235609536585,-0.26019070147302914,0.13411824618727383,-0.007526583171987745,0.5589518285621836,0.13780514985703113,0.80569757667945,0.4475766915166161,0.8329818007228467,0.5393059389037096,0.016361978295126766,-0.09612825859093306,0.2564235476062745,0.229706428003989,0.41120005221082734,0.23256881620279735,0.15476671846034926,0.5391526988856425,1.0
