0,1,2,3,4,5,6,7,8,9,10,11,12,13,14,15,16,17,18
1.0,-0.1448550306950413,0.5536183539367835,-0.16102677510461472,0.1327973071834539,-0.006693270380129109,-0.17522302263698544,0.08350246510386333,-0.08756494195092285,-0.03543695520812666,0.5557209076780363,0.0016599904833111904,0.42072477908362493,-0.009808557157911969,0.030709222825437425,-0.004333924702699345,0.18561205055481567,0.03663193641984696,0.044018965785351694
-0.1448550306950413,1.0,-0.4058248633206311,-0.3835717141043723,-0.20645047597004598,0.024470787255446894,-0.2946031351119809,-0.1708460510392321,-0.2456349103055527,-0.07406241117541337,0.08740379101660507,0.42978985844847284,0.15865194740824837,-0.105580922873997,-0.11197816897211472,-0.1420262421100889,-0.3543594383552506,-0.1025291155633002,-0.22663429680148248
0.5536183539367835,-0.4058248633206311,1.0,0.02996347267528928,0.24239861114959899,0.07137992786718655,-0.10443885285514716,0.013561748756708727,-0.02752301309258129,-0.03150568581965716,0.5944532028664038,-0.11765278892927165,0.24379169346058058,-0.04294874610315551,-0.03547673775087782,-0.05244057467588909,0.532189435085275,0.03217419275505025,0.0895057148942205
-0.16102677510461472,-0.3835717141043723,0.02996347267528928,1.0,0.07733809467285291,0.14849429582948404,0.03647641770903566,0.024487454489028383,-0.0032978155839708877,0.03675377181510344,-0.018499316753909662,-0.02104235247415137,-0.00942188243630097,-0.09313711300527722,-0.06766866956276223,-0.12201411599583936,0.084008524069314,0.025475525561528448,0.00735746999814598
0.1327973071834539,-0.20645047597004598,0.24239861114959899,0.07733809467285291,1.0,0.10947264214191282,0.43716269884868064,0.28157236728264834,0.5546985244089587,0.1587502349221728,0.2792597494564186,0.01946204305892561,0.39591811121148895,0.015730492564765948,0.4903114969635656,0.17053364350101236,0.12052067281621226,0.6079680968854423,0.45608181181878404
-0.006693270380129109,0.024470787255446894,0.07137992786718655,0.14849429582948404,0.10947264214191282,1.0,0.2409884264912059,-0.3979683832137869,0.25293618282510066,0.31963509508542703,0.02892480640523988,-0.022280272373885694,-0.08950960902687924,-0.7572783387017324,-0.013471659908248616,0.014701263706989898,0.010114354012992155,0.14388547579109023,0.3339881050999507
-0.17522302263698544,-0.2946031351119809,-0.10443885285514716,0.03647641770903566,0.43716269884868064,0.2409884264912059,1.0,-0.0010632481576088712,0.9266442762490634,0.4660703866608338,-0.28594041034242534,-0.35894164734668244,-0.2895580658693525,-0.08961834349776597,0.319510151632619,0.14337275499295252,-0.18302855579917007,0.20578434220458053,0.7514701706928668
0.08350246510386333,-0.1708460510392321,0.013561748756708727,0.024487454489028383,0.28157236728264834,-0.3979683832137869,-0.0010632481576088712,1.0,0.09879261894097098,0.18627102381076457,0.1360721147368112,0.01918622857476931,0.4276520332166732,0.628798128853706,0.24397904842428672,0.41410235351332814,0.08405744265541475,0.5379367113788759,0.21588368173097738
-0.08756494195092285,-0.2456349103055527,-0.02752301309258129,-0.0032978155839708877,0.5546985244089587,0.25293618282510066,0.9266442762490634,0.09879261894097098,1.0,0.5106343621870503,-0.10928966738107555,-0.24141729527216022,-0.053664150481038835,-0.06843216012116042,0.44642104358266443,0.23505724255627236,-0.08535463285880313,0.3338498854704798,0.8036989325615426
-0.03543695520812666,-0.07406241117541337,-0.03150568581965716,0.03675377181510344,0.1587502349221728,0.31963509508542703,0.4660703866608338,0.18627102381076457,0.5106343621870503,1.0,-0.14493215433506754,-0.253936496102882,-0.13784258128831015,-0.07128417448576185,0.06031365848329048,0.4703335875414898,-0.17406611879950734,0.2815553528146975,0.6068516981268326
0.5557209076780363,0.08740379101660507,0.5944532028664038,-0.018499316753909662,0.2792597494564186,0.02892480640523988,-0.28594041034242534,0.1360721147368112,-0.10928966738107555,-0.14493215433506754,1.0,0.32432269932464347,0.666421055470752,-0.006525197833461132,0.32040250504588186,-0.013501041634203277,0.4578328398359095,0.17290122178210748,-0.03537888394391351
0.0016599904833111904,0.42978985844847284,-0.11765278892927165,-0.02104235247415137,0.01946204305892561,-0.022280272373885694,-0.35894164734668244,0.01918622857476931,-0.24141729527216022,-0.253936496102882,0.32432269932464347,1.0,0.4730270317558257,-0.004574062545093615,-0.02875590378301982,-0.2025656367066267,0.09198774780248972,0.07973431548684531,-0.21297480552305031
0.42072477908362493,0.15865194740824837,0.24379169346058058,-0.00942188243630097,0.39591811121148895,-0.08950960902687924,-0.2895580658693525,0.4276520332166732,-0.053664150481038835,-0.13784258128831015,0.666421055470752,0.4730270317558257,1.0,0.12487569907033436,0.4598901698152926,0.059413550934945526,0.41885984721889463,0.4736975941382702,0.024043152490764694
-0.009808557157911969,-0.105580922873997,-0.04294874610315551,-0.09313711300527722,0.015730492564765948,-0.7572783387017324,-0.08961834349776597,0.628798128853706,-0.06843216012116042,-0.07128417448576185,-0.006525197833461132,-0.004574062545093615,0.12487569907033436,1.0,0.06888382771447248,0.17610742550691788,-0.058522962613419514,0.12860948831498675,-0.07018228689726713
0.030709222825437425,-0.11197816897211472,-0.03547673775087782,-0.06766866956276223,0.4903114969635656,-0.013471659908248616,0.319510151632619,0.24397904842428672,0.44642104358266443,0.06031365848329048,0.32040250504588186,-0.02875590378301982,0.4598901698152926,0.06888382771447248,1.0,0.12331429940397186,0.0182382226749228,0.3018296486706728,0.24649213617547774
-0.004333924702699345,-0.1420262421100889,-0.05244057467588909,-0.12201411599583936,0.17053364350101236,0.014701263706989898,0.14337275499295252,0.41410235351332814,0.23505724255627236,0.4703335875414898,-0.013501041634203277,-0.2025656367066267,0.059413550934945526,0.17610742550691788,0.12331429940397186,1.0,-0.12723466140161876,0.29981555546069455,0.28609543091706074
0.18561205055481567,-0.3543594383552506,0.532189435085275,0.084008524069314,0.12052067281621226,0.010114354012992155,-0.18302855579917007,0.08405744265541475,-0.08535463285880313,-0.17406611879950734,0.4578328398359095,0.09198774780248972,0.41885984721889463,-0.058522962613419514,0.0182382226749228,-0.12723466140161876,1.0,0.03709666655614999,0.04738675430073871
0.03663193641984696,-0.1025291155633002,0.03217419275505025,0.025475525561528448,0.6079680968854423,0.14388547579109023,0.20578434220458053,0.5379367113788759,0.3338498854704798,0.2815553528146975,0.17290122178210748,0.07973431548684531,0.4736975941382702,0.12860948831498675,0.3018296486706728,0.29981555546069455,0.03709666655614999,1.0,0.44647210854034414
0.044018965785351694,-0.22663429680148248,0.0895057148942205,0.00735746999814598,0.45608181181878404,0.3339881050999507,0.7514701706928668,0.21588368173097738,0.8036989325615426,0.6068516981268326,-0.03537888394391351,-0.21297480552305031,0.024043152490764694,-0.07018228689726713,0.24649213617547774,0.28609543091706074,0.04738675430073871,0.44647210854034414,1.0
