0,1,2,3,4,5,6,7,8,9,10,11,12,13,14,15,16,17,18
1.0,-0.08215662148771871,0.2282450210567322,-0.28554151242704456,-0.04567724057116865,0.01385639685437936,-0.11520935656856013,-0.18996451368032508,-0.13478575864689968,-0.007473647070824118,0.5760129648294476,-0.18685363082353335,-0.06794225596948825,-0.14001153754517348,-0.22004288217830878,-0.01593311431939913,-0.25225142363480296,-0.10434783898061932,-0.11301991796220355
-0.08215662148771871,1.0,-0.4984843278292616,-0.4774693897409101,-0.38147232997679276,-0.044078661511553374,-0.2164736677618655,-0.1557458600635631,-0.19694365642829306,-0.08485769563852044,-0.04106194015642342,0.3028628625144554,-0.22893595587871945,-0.08868822517332399,-0.26604658984779217,-0.07041429504942055,-0.6046265263930369,-0.23291399670251975,-0.1548543047526641
0.2282450210567322,-0.4984843278292616,1.0,0.0007394152587899423,0.36214843906229977,-0.027827029235217488,0.007463013663026115,-0.04780271202475705,-0.015371230824874056,-0.06438024728365162,0.40370419229599414,-0.42356338643562413,0.3839332266739139,-0.05601468721744833,-0.02183171369531557,-0.07952596690531478,0.5315908537184951,0.010231564436089169,-0.042486114952649465
-0.28554151242704456,-0.4774693897409101,0.0007394152587899423,1.0,0.035602132282329294,0.22721306847499498,-0.030169116796822184,0.05122497900966196,-0.020946718241764594,0.044110971850741476,-0.01058130787235287,-0.04571361543713766,0.005010085296125608,-0.07158458845985026,-0.019737163258396417,-0.0635466524030809,0.22395395547870894,0.18862396182623495,-0.00517421355128816
-0.04567724057116865,-0.38147232997679276,0.36214843906229977,0.035602132282329294,1.0,0.10385439340497468,0.6810707479229957,0.3087743834171667,0.6394426554472613,0.37069661228248124,0.15752730582913618,-0.16291521191759434,0.6547340089414818,0.1649602759664748,0.4886468577056679,0.16105259293207877,0.2574677726112472,0.5872766619096642,0.5675386192677336
0.01385639685437936,-0.044078661511553374,-0.027827029235217488,0.22721306847499498,0.10385439340497468,1.0,0.0962092225098382,-0.46028329682644675,0.06722428547283232,0.1694552881483382,0.012409372944136497,-0.01946906472893769,-0.0973637537734437,-0.7410283438100554,-0.028498788350663,0.12359080579475426,-0.05293113570209149,0.27836219230189657,0.14310758314905947
-0.11520935656856013,-0.2164736677618655,0.007463013663026115,-0.030169116796822184,0.6810707479229957,0.0962092225098382,1.0,0.4205917031571207,0.981030654211101,0.5847674916571407,-0.024905501165468347,-0.07384615548082764,0.38034415900333807,0.20013057943758822,0.6461092275580977,0.31349347544925493,-0.017573539528595836,0.5221040450858733,0.8521649031636368
-0.18996451368032508,-0.1557458600635631,-0.04780271202475705,0.05122497900966196,0.3087743834171667,-0.46028329682644675,0.4205917031571207,1.0,0.4469136497754888,0.41429930007617416,0.05608148091508673,-0.0739363246778822,0.4418332961270947,0.752752965681689,0.4078495127574991,0.3350302115110606,0.022643528059213602,0.3834775580980637,0.462345484567364
-0.13478575864689968,-0.19694365642829306,-0.015371230824874056,-0.020946718241764594,0.6394426554472613,0.06722428547283232,0.981030654211101,0.4469136497754888,1.0,0.6066039567342577,-0.04370630599074383,-0.06993279186773732,0.37604452226730545,0.22200207173870704,0.6344531374134679,0.3264223642631266,-0.02263314910914547,0.502132534576536,0.8510782728591437
-0.007473647070824118,-0.08485769563852044,-0.06438024728365162,0.044110971850741476,0.37069661228248124,0.1694552881483382,0.5847674916571407,0.41429930007617416,0.6066039567342577,1.0,0.054942963837257705,-0.08234511309349508,0.24797991099331862,0.16676646547420768,0.3579789842797595,0.5034109428647594,-0.11671264418762073,0.5221193330168783,0.6450738021650164
0.5760129648294476,-0.04106194015642342,0.40370419229599414,-0.01058130787235287,0.15752730582913618,0.012409372944136497,-0.024905501165468347,0.05608148091508673,-0.04370630599074383,0.054942963837257705,1.0,-0.12372670875075228,0.3098975784000977,-0.021598393027652252,-0.001728949404588598,0.030702212636652956,-0.033588077346364854,0.11791817699252624,-0.03340959156640863
-0.18685363082353335,0.3028628625144554,-0.42356338643562413,-0.04571361543713766,-0.16291521191759434,-0.01946906472893769,-0.07384615548082764,-0.0739363246778822,-0.06993279186773732,-0.08234511309349508,-0.12372670875075228,1.0,-0.1382817806345811,0.03992338291518713,-0.0602425521629122,-0.09608504379013175,-0.277755440649833,-0.2287198345853726,-0.03258436519620178
-0.06794225596948825,-0.22893595587871945,0.3839332266739139,0.005010085296125608,0.6547340089414818,-0.0973637537734437,0.38034415900333807,0.4418332961270947,0.37604452226730545,0.24797991099331862,0.3098975784000977,-0.1382817806345811,1.0,0.25172214199304793,0.5151575565429082,0.1389918546351264,0.23589259911935961,0.39093095234313757,0.3177186448849811
-0.14001153754517348,-0.08868822517332399,-0.05601468721744833,-0.07158458845985026,0.1649602759664748,-0.7410283438100554,0.20013057943758822,0.752752965681689,0.22200207173870704,0.16676646547420768,-0.021598393027652252,0.03992338291518713,0.25172214199304793,1.0,0.2434610128575365,0.13393442872064631,0.03024701748890151,0.08109299532726458,0.18676233343959175
-0.22004288217830878,-0.26604658984779217,-0.02183171369531557,-0.019737163258396417,0.4886468577056679,-0.028498788350663,0.6461092275580977,0.4078495127574991,0.6344531374134679,0.3579789842797595,-0.001728949404588598,-0.0602425521629122,0.5151575565429082,0.2434610128575365,1.0,0.2035375760276772,-0.08334136726035571,0.32107202203480845,0.45866096266836864
-0.01593311431939913,-0.07041429504942055,-0.07952596690531478,-0.0635466524030809,0.16105259293207877,0.12359080579475426,0.31349347544925493,0.3350302115110606,0.3264223642631266,0.5034109428647594,0.030702212636652956,-0.09608504379013175,0.1389918546351264,0.13393442872064631,0.2035375760276772,1.0,-0.1381938728452154,0.200040477802715,0.32930095604147935
-0.25225142363480296,-0.6046265263930369,0.5315908537184951,0.22395395547870894,0.2574677726112472,-0.05293113570209149,-0.017573539528595836,0.022643528059213602,-0.02263314910914547,-0.11671264418762073,-0.033588077346364854,-0.277755440649833,0.23589259911935961,0.03024701748890151,-0.08334136726035571,-0.1381938728452154,1.0,-0.024300966261785933,0.010925171168862526
-0.10434783898061932,-0.23291399670251975,0.010231564436089169,0.18862396182623495,0.5872766619096642,0.27836219230189657,0.5221040450858733,0.3834775580980637,0.502132534576536,0.5221193330168783,0.11791817699252624,-0.2287198345853726,0.39093095234313757,0.08109299532726458,0.32107202203480845,0.200040477802715,-0.024300966261785933,1.0,0.6048101497388109
-0.11301991796220355,-0.1548543047526641,-0.042486114952649465,-0.00517421355128816,0.5675386192677336,0.14310758314905947,0.8521649031636368,0.462345484567364,0.8510782728591437,0.6450738021650164,-0.03340959156640863,-0.03258436519620178,0.3177186448849811,0.18676233343959175,0.45866096266836864,0.32930095604147935,0.010925171168862526,0.6048101497388109,1.0
