0,1,2,3,4,5,6,7,8,9,10,11,12,13,14,15,16,17,18
1.0,-0.10917979794371527,0.4218592124222326,-0.28744435409014263,0.07939232476825875,-0.06275935169028399,-0.1929591141289344,0.09480353954282734,-0.12709197252555018,-0.05394374885141744,0.5064664425835445,0.0065024435026783895,0.3880480081738293,-0.040906957307480576,-0.0021489488968533584,-0.21046036686628716,0.062191154492949735,0.05423874504169988,-0.06909700788872117
-0.10917979794371527,1.0,-0.49252491721960273,-0.3706558360305249,-0.2259330687703624,-0.1706803737516292,-0.2642696591191102,-0.02596298706298092,-0.2229048985979668,-0.06115116125049841,0.15041972201480436,0.39822837792303695,0.19312565825212327,-0.076413423332287,-0.13087925831859817,-0.09038022077334831,-0.4529125816750885,-0.11519425684291751,-0.21613312107675658
0.4218592124222326,-0.49252491721960273,1.0,-0.042328639200883124,0.38444147253492,0.013864638714240742,-0.006534112672701934,0.0014878436901495712,0.036459650964863005,0.019357772364895703,0.445266734801963,-0.17472821233064936,0.2602310019778047,-0.04237155749749874,-0.0016962341046443323,-0.08606433879361593,0.595810105378808,0.09695554037995044,0.09263320722375766
-0.28744435409014263,-0.3706558360305249,-0.042328639200883124,1.0,0.018589601833045078,0.17775987412231134,-0.08134676368604515,0.0613338315271182,-0.1159088946663639,0.030161785217148906,0.014509820473456092,0.020051917453256206,-0.005513012696569224,0.04961735910860111,-0.18029014615347244,-0.06196747510907644,0.19507225847024717,0.10964355857625739,-0.12020073918050722
0.07939232476825875,-0.2259330687703624,0.38444147253492,0.018589601833045078,1.0,0.2765458205946417,0.5185384160996287,0.4029922864305411,0.5773991729044312,0.2556521326925908,0.2776873644179489,-0.024609394779278634,0.42262190202912464,0.19599942223738007,0.4619982515980715,0.08764436867081907,0.21174879890843856,0.6453592734476014,0.5453560019214226
-0.06275935169028399,-0.1706803737516292,0.013864638714240742,0.17775987412231134,0.2765458205946417,1.0,0.3135209936237772,0.4310276762628845,0.3232751394759772,0.2592791716663044,0.05496184894038722,-0.17282225941520737,0.072552890261614,0.044952652566611205,0.2372853556770506,0.19747460535902542,-0.015296830198131524,0.4205177124330435,0.37611329688162914
-0.1929591141289344,-0.2642696591191102,-0.006534112672701934,-0.08134676368604515,0.5185384160996287,0.3135209936237772,1.0,0.18828744614116152,0.9527655290195196,0.3750411984179592,-0.19271621695569977,-0.34759465609649975,-0.17420442725944368,0.09624204995736167,0.5847747140193705,0.3120324834503486,-0.13146107796348125,0.25414269277910206,0.7966832742274902
0.09480353954282734,-0.02596298706298092,0.0014878436901495712,0.0613338315271182,0.4029922864305411,0.4310276762628845,0.18828744614116152,1.0,0.3118397011174631,0.3901286894966516,0.2536238490788374,0.11705181263029317,0.5517882256731618,0.5541561737524431,0.39460226850411945,0.16060983952185273,0.061592660974671865,0.6802529562175571,0.38982761065721305
-0.12709197252555018,-0.2229048985979668,0.036459650964863005,-0.1159088946663639,0.5773991729044312,0.3232751394759772,0.9527655290195196,0.3118397011174631,1.0,0.4352176900277696,-0.08479425649942302,-0.25519774239109416,0.02150876824242944,0.15167784197246756,0.647956298539094,0.30557051814707276,-0.056931104673325045,0.3606033775939018,0.824757209002917
-0.05394374885141744,-0.06115116125049841,0.019357772364895703,0.030161785217148906,0.2556521326925908,0.2592791716663044,0.3750411984179592,0.3901286894966516,0.4352176900277696,1.0,0.033450560371827254,-0.19870741839040879,0.04635422620576855,0.18341007417804697,0.282557705094804,0.5044860073916035,-0.05428964648043083,0.2875458793629997,0.44337625922078944
0.5064664425835445,0.15041972201480436,0.445266734801963,0.014509820473456092,0.2776873644179489,0.05496184894038722,-0.19271621695569977,0.2536238490788374,-0.08479425649942302,0.033450560371827254,1.0,0.27585269477150426,0.6306429727371037,0.053654748653988706,0.107979771594225,-0.12777301677239833,0.29350050434415925,0.28535110351354753,-0.07688330720669015
0.0065024435026783895,0.39822837792303695,-0.17472821233064936,0.020051917453256206,-0.024609394779278634,-0.17282225941520737,-0.34759465609649975,0.11705181263029317,-0.25519774239109416,-0.19870741839040879,0.27585269477150426,1.0,0.46641297093946515,0.13322241232416734,-0.13090114522796215,-0.2562749542059215,-0.0005488121992391321,0.045093673879526876,-0.24104356608469307
0.3880480081738293,0.19312565825212327,0.2602310019778047,-0.005513012696569224,0.42262190202912464,0.072552890261614,-0.17420442725944368,0.5517882256731618,0.02150876824242944,0.04635422620576855,0.6306429727371037,0.46641297093946515,1.0,0.17159619171123536,0.29235720010331634,-0.1723368393153264,0.3187075636353515,0.513870640730882,0.035086340983274754
-0.040906957307480576,-0.076413423332287,-0.04237155749749874,0.04961735910860111,0.19599942223738007,0.044952652566611205,0.09624204995736167,0.5541561737524431,0.15167784197246756,0.18341007417804697,0.053654748653988706,0.13322241232416734,0.17159619171123536,1.0,0.18907531721391013,0.04378866407497551,-0.008383677917157379,0.2946409683230957,0.13390616581930606
-0.0021489488968533584,-0.13087925831859817,-0.0016962341046443323,-0.18029014615347244,0.4619982515980715,0.2372853556770506,0.5847747140193705,0.39460226850411945,0.647956298539094,0.282557705094804,0.107979771594225,-0.13090114522796215,0.29235720010331634,0.18907531721391013,1.0,0.12847848765156908,-0.16743474279479706,0.34293715911918277,0.43122216016458453
-0.21046036686628716,-0.09038022077334831,-0.08606433879361593,-0.06196747510907644,0.08764436867081907,0.19747460535902542,0.3120324834503486,0.16060983952185273,0.30557051814707276,0.5044860073916035,-0.12777301677239833,-0.2562749542059215,-0.1723368393153264,0.04378866407497551,0.12847848765156908,1.0,-0.1318403964689627,0.047389348389003105,0.3104567686168196
0.062191154492949735,-0.4529125816750885,0.595810105378808,0.19507225847024717,0.21174879890843856,-0.015296830198131524,-0.13146107796348125,0.061592660974671865,-0.056931104673325045,-0.05428964648043083,0.29350050434415925,-0.0005488121992391321,0.3187075636353515,-0.008383677917157379,-0.16743474279479706,-0.1318403964689627,1.0,0.06630557483884751,0.056422886998342886
0.05423874504169988,-0.11519425684291751,0.09695554037995044,0.10964355857625739,0.6453592734476014,0.4205177124330435,0.25414269277910206,0.6802529562175571,0.3606033775939018,0.2875458793629997,0.28535110351354753,0.045093673879526876,0.513870640730882,0.2946409683230957,0.34293715911918277,0.047389348389003105,0.06630557483884751,1.0,0.4428071400480293
-0.06909700788872117,-0.21613312107675658,0.09263320722375766,-0.12020073918050722,0.5453560019214226,0.37611329688162914,0.7966832742274902,0.38982761065721305,0.824757209002917,0.44337625922078944,-0.07688330720669015,-0.24104356608469307,0.035086340983274754,0.13390616581930606,0.43122216016458453,0.3104567686168196,0.056422886998342886,0.4428071400480293,1.0
