0,1,2,3,4,5,6,7,8,9,10,11,12,13,14,15,16,17,18
1.0,0.8022903388323829,0.5459867675426844,0.39813765584332217,0.29326810945024684,0.3366024500414161,0.12582208414834342,0.2718896638945259,-0.08640111655731081,0.17699856040673953,0.40976297103432546,0.387878997939883,-0.012783099313555953,0.15017092171531202,-0.14786287598271936,-0.037464862129706004,0.3684658471950111,0.2543316706203295,0.12101068511061142
0.8022903388323829,1.0,0.6256055976950361,0.6854176338699965,0.4208110850550081,0.5798820068882473,0.30060608007783846,0.5190634485669823,0.13176680463323115,0.4554247967100832,0.39041815664755053,0.7265706791883073,0.19482390642762987,0.3455258285327094,0.06785225258236513,0.2767011729399113,0.4680509446585691,0.5503814448958025,0.26088001079627293
0.5459867675426844,0.6256055976950361,1.0,0.6761395530826878,0.7001955776369772,0.564853114116063,0.26784270704521157,0.47080089674236275,-0.21150173045130938,0.2943645789550121,0.45791928306701324,0.6218359606767342,0.17132098785606822,0.32640138538823854,-0.190518547527252,0.19520479216110073,0.6421815035966707,0.5820981790235649,0.24475472309334553
0.39813765584332217,0.6854176338699965,0.6761395530826878,1.0,0.6271957816144694,0.9061982531821117,0.4534839634968124,0.8574734963967395,0.18561722358496835,0.7887592615840044,0.41061356227183177,0.9165623940811481,0.2440732393107127,0.6444701376133519,0.2128401237271095,0.5871601438980686,0.5130884215312493,0.889861199415818,0.43927921353754007
0.29326810945024684,0.4208110850550081,0.7001955776369772,0.6271957816144694,1.0,0.6276409682973241,0.5698647580614659,0.5560925878333068,-0.041330086702484385,0.3536828138581793,0.34319880408516257,0.5278171994874759,0.27929813646386814,0.4322465888567776,-0.10296283403153866,0.3130980392269543,0.536999877099973,0.6903473429914329,0.47448983160672564
0.3366024500414161,0.5798820068882473,0.564853114116063,0.9061982531821117,0.6276409682973241,1.0,0.4545325680121337,0.9230963756326583,0.17201341664226172,0.8328756992885515,0.4220860112087732,0.8073649665469883,0.37776850240929416,0.7103608696677672,0.27761289532648054,0.6498109419649911,0.3675060574148285,0.9120038476558678,0.4980394368273135
0.12582208414834342,0.30060608007783846,0.26784270704521157,0.4534839634968124,0.5698647580614659,0.4545325680121337,1.0,0.5161388373699806,0.5033334782338978,0.39715599773042326,0.09725628483370499,0.37061480567039135,0.09532634395977041,0.3529301105313483,0.014332221035783839,0.24808601018820756,0.1608411519590244,0.5636130546307835,0.6792947673670257
0.2718896638945259,0.5190634485669823,0.47080089674236275,0.8574734963967395,0.5560925878333068,0.9230963756326583,0.5161388373699806,1.0,0.2646359184445982,0.8882052813586899,0.37153367186671155,0.7650416404392529,0.2805277959922333,0.7224234813523852,0.3428053455237448,0.6420665417078206,0.2626813711980293,0.8950275780205091,0.42739829505818305
-0.08640111655731081,0.13176680463323115,-0.21150173045130938,0.18561722358496835,-0.041330086702484385,0.17201341664226172,0.5033334782338978,0.2646359184445982,1.0,0.29288013926157525,-0.23108998981128986,0.20414149567625642,-0.1019278901383148,0.15095742451291627,0.2078608279581284,0.13953156323445015,-0.21850407724187504,0.2671318182453682,0.2782179861527956
0.17699856040673953,0.4554247967100832,0.2943645789550121,0.7887592615840044,0.3536828138581793,0.8328756992885515,0.39715599773042326,0.8882052813586899,0.29288013926157525,1.0,0.23499460882596035,0.7078518532572825,0.1907053461521485,0.5992954016011833,0.3758116051113814,0.6435960458406773,0.10703145532978707,0.8049207648185155,0.3551077871410043
0.40976297103432546,0.39041815664755053,0.45791928306701324,0.41061356227183177,0.34319880408516257,0.4220860112087732,0.09725628483370499,0.37153367186671155,-0.23108998981128986,0.23499460882596035,1.0,0.31384601364408804,0.3478256510561973,0.3744946760770274,-0.2129411615536222,0.2944952868856473,0.22305726580438967,0.3998917437187408,0.12034885188711864
0.387878997939883,0.7265706791883073,0.6218359606767342,0.9165623940811481,0.5278171994874759,0.8073649665469883,0.37061480567039135,0.7650416404392529,0.20414149567625642,0.7078518532572825,0.31384601364408804,1.0,0.2310205972115441,0.5942233627243279,0.27547754879614794,0.46829043275043275,0.4608289809743788,0.80537558833625,0.3548342924962806
-0.012783099313555953,0.19482390642762987,0.17132098785606822,0.2440732393107127,0.27929813646386814,0.37776850240929416,0.09532634395977041,0.2805277959922333,-0.1019278901383148,0.1907053461521485,0.3478256510561973,0.2310205972115441,1.0,0.28855364539474043,0.18652191295392548,0.41894711652262184,0.09727895664680514,0.3773983685206644,0.24659799725009507
0.15017092171531202,0.3455258285327094,0.32640138538823854,0.6444701376133519,0.4322465888567776,0.7103608696677672,0.3529301105313483,0.7224234813523852,0.15095742451291627,0.5992954016011833,0.3744946760770274,0.5942233627243279,0.28855364539474043,1.0,0.1486618694517794,0.4908303845706744,0.17340292431961488,0.6781914470864541,0.30799399248976905
-0.14786287598271936,0.06785225258236513,-0.190518547527252,0.2128401237271095,-0.10296283403153866,0.27761289532648054,0.014332221035783839,0.3428053455237448,0.2078608279581284,0.3758116051113814,-0.2129411615536222,0.27547754879614794,0.18652191295392548,0.1486618694517794,1.0,0.11601523601054652,-0.33097945306413273,0.35025795844005003,-0.02836067002422221
-0.037464862129706004,0.2767011729399113,0.19520479216110073,0.5871601438980686,0.3130980392269543,0.6498109419649911,0.24808601018820756,0.6420665417078206,0.13953156323445015,0.6435960458406773,0.2944952868856473,0.46829043275043275,0.41894711652262184,0.4908303845706744,0.11601523601054652,1.0,0.16881737813373754,0.6085729326585985,0.3101503357925856
0.3684658471950111,0.4680509446585691,0.6421815035966707,0.5130884215312493,0.536999877099973,0.3675060574148285,0.1608411519590244,0.2626813711980293,-0.21850407724187504,0.10703145532978707,0.22305726580438967,0.4608289809743788,0.09727895664680514,0.17340292431961488,-0.33097945306413273,0.16881737813373754,1.0,0.38967127472676055,0.187826110762328
0.2543316706203295,0.5503814448958025,0.5820981790235649,0.889861199415818,0.6903473429914329,0.9120038476558678,0.5636130546307835,0.8950275780205091,0.2671318182453682,0.8049207648185155,0.3998917437187408,0.80537558833625,0.3773983685206644,0.6781914470864541,0.35025795844005003,0.6085729326585985,0.38967127472676055,1.0,0.5029571390983933
0.12101068511061142,0.26088001079627293,0.24475472309334553,0.43927921353754007,0.47448983160672564,0.4980394368273135,0.6792947673670257,0.42739829505818305,0.2782179861527956,0.3551077871410043,0.12034885188711864,0.3548342924962806,0.24659799725009507,0.30799399248976905,-0.02836067002422221,0.3101503357925856,0.187826110762328,0.5029571390983933,1.0
