0,1,2,3,4,5,6,7,8,9,10,11,12,13,14,15,16,17,18
1.0,0.7378643946787178,0.35206814218848276,0.26850137144474157,0.21498412936469888,0.24746987609466278,-0.0665196038412602,0.08249226252907153,-0.17518102539723637,0.05319907305658684,0.33628529916380434,0.3404791561814426,0.24893164744521104,0.1345773912161985,-0.09120428532671479,0.052410660742230886,0.270418008831294,0.19204957615568902,-0.10587015409950493
0.7378643946787178,1.0,0.4116445842042824,0.6160528645272351,0.2491336127498114,0.6535086961598788,0.03907689424733988,0.5041115023653708,-0.03907229741820401,0.4639101568065941,0.43521250874803175,0.6968361797716481,0.30429529642825864,0.5089032483688449,0.025536435592142304,0.4389780905524544,0.3995275101780599,0.5269804867083164,0.04740515282654549
0.35206814218848276,0.4116445842042824,1.0,0.42075896875988084,0.26163363554927704,0.3507081651025708,-0.07604779839396389,0.23937695310156204,-0.2856626338173153,0.18273067368781187,0.15895801540973495,0.34607090371077354,0.05276801534339135,0.1405139497077758,-0.3075604722603564,-0.03471998173846817,0.590300204227801,0.35811349917965535,-0.09517857024151476
0.26850137144474157,0.6160528645272351,0.42075896875988084,1.0,0.5827114172001124,0.8029544862834851,0.44287479919777994,0.8559509662668879,0.31891608535677946,0.8101760344672317,0.1637385915153692,0.8673219766897682,0.04749027313625817,0.42257595906093404,0.4104726861160482,0.31207561169255443,0.46261304239345685,0.9074502870047557,0.45957020294202766
0.21498412936469888,0.2491336127498114,0.26163363554927704,0.5827114172001124,1.0,0.4775504663533992,0.65664356889209,0.5022984304827812,0.22760764941668826,0.3920849852930322,0.016682614836952967,0.40165179679858076,0.11727460757935818,0.04209210599328348,0.26977808879857085,0.00782116173813572,0.29410702615758566,0.6815433651744784,0.557081460540277
0.24746987609466278,0.6535086961598788,0.3507081651025708,0.8029544862834851,0.4775504663533992,1.0,0.3603148091255484,0.8848287256051675,0.20482431945355475,0.791119869359857,0.3958601031349481,0.7511872194408646,0.3219897813711125,0.5718282263369261,0.25220440882138556,0.3384064779977384,0.38581545777802007,0.8459803582276842,0.38518304243741003
-0.0665196038412602,0.03907689424733988,-0.07604779839396389,0.44287479919777994,0.65664356889209,0.3603148091255484,1.0,0.5188101051632534,0.6253101341924189,0.4371717402910817,-0.15557873291114147,0.2877315866205078,0.08898822120295151,-0.09136259534938984,0.35654072537022413,0.03560737800184647,-0.018484876799624236,0.5494799793062884,0.73955778668313
0.08249226252907153,0.5041115023653708,0.23937695310156204,0.8559509662668879,0.5022984304827812,0.8848287256051675,0.5188101051632534,1.0,0.3862988851323051,0.9248820872557046,0.2016370265829916,0.7493182026610351,0.12868832287664325,0.4896785222509308,0.41144716907651263,0.35303062582258976,0.2895973552338216,0.9104282743658525,0.5996957082311783
-0.17518102539723637,-0.03907229741820401,-0.2856626338173153,0.31891608535677946,0.22760764941668826,0.20482431945355475,0.6253101341924189,0.3862988851323051,1.0,0.38535583914754484,-0.35350707500829026,0.2537173714025836,-0.22858454373724935,-0.10165457998853682,0.3747514014475353,-0.01541561368287606,-0.14255270116590074,0.36503415814197293,0.5227876114999036
0.05319907305658684,0.4639101568065941,0.18273067368781187,0.8101760344672317,0.3920849852930322,0.791119869359857,0.4371717402910817,0.9248820872557046,0.38535583914754484,1.0,0.10605046592724099,0.7369227600528296,0.031878533411885235,0.428857993871033,0.3827649824918379,0.32380632859004777,0.2048427015654623,0.8312462346305962,0.5078176500211791
0.33628529916380434,0.43521250874803175,0.15895801540973495,0.1637385915153692,0.016682614836952967,0.3958601031349481,-0.15557873291114147,0.2016370265829916,-0.35350707500829026,0.10605046592724099,1.0,0.10996663956529533,0.7688913442498866,0.38140361619847657,-0.21162996064456657,0.3072238277024197,0.01093502199301933,0.21162922340948506,-0.21194367403434808
0.3404791561814426,0.6968361797716481,0.34607090371077354,0.8673219766897682,0.40165179679858076,0.7511872194408646,0.2877315866205078,0.7493182026610351,0.2537173714025836,0.7369227600528296,0.10996663956529533,1.0,-0.02453491077272712,0.4696060544213214,0.2926149956086679,0.30192942804356765,0.4393445306658027,0.7345705039330757,0.32168807807281263
0.24893164744521104,0.30429529642825864,0.05276801534339135,0.04749027313625817,0.11727460757935818,0.3219897813711125,0.08898822120295151,0.12868832287664325,-0.22858454373724935,0.031878533411885235,0.7688913442498866,-0.02453491077272712,1.0,0.2720789470397613,-0.21627299564234684,0.34876702702586426,-0.1388855829497781,0.14278561427576775,-0.12510990727835436
0.1345773912161985,0.5089032483688449,0.1405139497077758,0.42257595906093404,0.04209210599328348,0.5718282263369261,-0.09136259534938984,0.4896785222509308,-0.10165457998853682,0.428857993871033,0.38140361619847657,0.4696060544213214,0.2720789470397613,1.0,-0.037306809092875766,0.4810286122369594,0.10322679246114286,0.39129242363999284,-0.03320329198533208
-0.09120428532671479,0.025536435592142304,-0.3075604722603564,0.4104726861160482,0.26977808879857085,0.25220440882138556,0.35654072537022413,0.41144716907651263,0.3747514014475353,0.3827649824918379,-0.21162996064456657,0.2926149956086679,-0.21627299564234684,-0.037306809092875766,1.0,0.011498912392589518,-0.19298975626372955,0.45386268088534343,0.3721095206502651
0.052410660742230886,0.4389780905524544,-0.03471998173846817,0.31207561169255443,0.00782116173813572,0.3384064779977384,0.03560737800184647,0.35303062582258976,-0.01541561368287606,0.32380632859004777,0.3072238277024197,0.30192942804356765,0.34876702702586426,0.4810286122369594,0.011498912392589518,1.0,-0.0909176392346802,0.31922445179760556,0.012046376357137603
0.270418008831294,0.3995275101780599,0.590300204227801,0.46261304239345685,0.29410702615758566,0.38581545777802007,-0.018484876799624236,0.2895973552338216,-0.14255270116590074,0.2048427015654623,0.01093502199301933,0.4393445306658027,-0.1388855829497781,0.10322679246114286,-0.19298975626372955,-0.0909176392346802,1.0,0.37815356005106854,0.2113955826547136
0.19204957615568902,0.5269804867083164,0.35811349917965535,0.9074502870047557,0.6815433651744784,0.8459803582276842,0.5494799793062884,0.9104282743658525,0.36503415814197293,0.8312462346305962,0.21162922340948506,0.7345705039330757,0.14278561427576775,0.39129242363999284,0.45386268088534343,0.31922445179760556,0.37815356005106854,1.0,0.5745938752162227
-0.10587015409950493,0.04740515282654549,-0.09517857024151476,0.45957020294202766,0.557081460540277,0.38518304243741003,0.73955778668313,0.5996957082311783,0.5227876114999036,0.5078176500211791,-0.21194367403434808,0.32168807807281263,-0.12510990727835436,-0.03320329198533208,0.3721095206502651,0.012046376357137603,0.2113955826547136,0.5745938752162227,1.0
