0,1,2,3,4,5,6,7,8,9,10,11,12,13,14,15,16,17,18
1.0,0.8375130621617656,0.4626751836778187,0.0597030968528439,0.05044071451697744,0.036877483951806136,0.02388628273063931,-0.0389503995774895,-0.009696029310037404,-0.2098163642478786,0.5221660789116853,0.21520316132735426,0.1883241542071123,-0.11069568305743298,-0.19529516288056198,-0.15008471858731431,0.3195492637875881,-0.042542026603979606,-0.03084093055544661
0.8375130621617656,1.0,0.5969239871140289,0.404306624078801,0.29185383694680295,0.29481464985451994,0.19148401752014804,0.20234806766469154,0.12272410214260944,0.06378551328618114,0.5431453591045708,0.5759118422611118,0.30531031438924083,0.21657376861260821,-0.07585268976193292,0.11970893591756285,0.5081487060059096,0.24443433574285112,0.14471388060732937
0.4626751836778187,0.5969239871140289,1.0,0.4871443790776273,0.499954999702045,0.27223516744639975,0.09508618689063253,0.12399710044205768,-0.15123049766833827,-0.028726829989873966,0.5009581430425157,0.4792276411917584,0.3423784261036754,0.22254895957260964,-0.28443692449349217,0.014978376433472869,0.7330473317133793,0.34653571498028674,0.060374093652089324
0.0597030968528439,0.404306624078801,0.4871443790776273,1.0,0.5771757903724897,0.7679086438508653,0.3580721234617495,0.6883844724998439,0.28428887443238976,0.6563223137768348,0.1207843833663793,0.9103214492754308,0.2971097046416828,0.8011475733412512,0.34909282505088457,0.5861139215043855,0.5560742751785162,0.8087677476990058,0.37936587868411636
0.05044071451697744,0.29185383694680295,0.499954999702045,0.5771757903724897,1.0,0.4567246898860965,0.4727762003599571,0.3725449839279854,0.1435923786819643,0.29252750761398405,0.08799227011888543,0.561018742157263,0.21766049339849525,0.46810837595648774,0.00591929003562268,0.20956380915078213,0.4803535316389391,0.5803611333392056,0.4332594279789612
0.036877483951806136,0.29481464985451994,0.27223516744639975,0.7679086438508653,0.4567246898860965,1.0,0.31004550309235945,0.9332552072079234,0.4026358742339653,0.8202285890943668,0.08730104946186246,0.7340068337689718,0.13613143424338306,0.855338213763108,0.35564167166724053,0.7174223226523282,0.2640346021100121,0.8234834819676601,0.5839616415719805
0.02388628273063931,0.19148401752014804,0.09508618689063253,0.3580721234617495,0.4727762003599571,0.31004550309235945,1.0,0.38612234416645597,0.6432536587442388,0.3255142815647526,0.01423317996806335,0.39166631689741815,0.3178495863930817,0.3443510743884496,0.09551403320164914,0.19580450117065656,0.0848201021924268,0.49228253643117414,0.5968098190281778
-0.0389503995774895,0.20234806766469154,0.12399710044205768,0.6883844724998439,0.3725449839279854,0.9332552072079234,0.38612234416645597,1.0,0.49071623109024176,0.8896577227632662,-0.002469959636270839,0.6647867928172682,0.054661500503272266,0.8562589335591793,0.36079272003641455,0.7803080298022952,0.0968471450469666,0.7873522272167761,0.6191189380086566
-0.009696029310037404,0.12272410214260944,-0.15123049766833827,0.28428887443238976,0.1435923786819643,0.4026358742339653,0.6432536587442388,0.49071623109024176,1.0,0.4380391509907697,-0.07982346156939008,0.3203811963601004,0.07767959840871916,0.41024032899056134,0.09047902378813837,0.3511229160630096,-0.141153277164076,0.403981000619777,0.42171935363426905
-0.2098163642478786,0.06378551328618114,-0.028726829989873966,0.6563223137768348,0.29252750761398405,0.8202285890943668,0.3255142815647526,0.8896577227632662,0.4380391509907697,1.0,-0.12685274411056044,0.6443961580522453,0.11641692432286811,0.8205050609496148,0.4065853252040645,0.7652089548150742,-0.06265052786646026,0.7698548679169009,0.46644133886705746
0.5221660789116853,0.5431453591045708,0.5009581430425157,0.1207843833663793,0.08799227011888543,0.08730104946186246,0.01423317996806335,-0.002469959636270839,-0.07982346156939008,-0.12685274411056044,1.0,0.1966202502303309,0.3885203359650061,0.02657724955097844,-0.28649647468309325,-0.01924542994844545,0.2610680980932405,0.1554341639161002,-0.09636200768407509
0.21520316132735426,0.5759118422611118,0.4792276411917584,0.9103214492754308,0.561018742157263,0.7340068337689718,0.39166631689741815,0.6647867928172682,0.3203811963601004,0.6443961580522453,0.1966202502303309,1.0,0.3645030518871452,0.7925329745956146,0.2946371190326698,0.574834178033871,0.4736027551737899,0.7730400836045924,0.39855959297069354
0.1883241542071123,0.30531031438924083,0.3423784261036754,0.2971097046416828,0.21766049339849525,0.13613143424338306,0.3178495863930817,0.054661500503272266,0.07767959840871916,0.11641692432286811,0.3885203359650061,0.3645030518871452,1.0,0.18470366277864014,0.21441237544219402,0.08403478305659874,0.11588190554870821,0.4206109959213647,-0.01565871722867886
-0.11069568305743298,0.21657376861260821,0.22254895957260964,0.8011475733412512,0.46810837595648774,0.855338213763108,0.3443510743884496,0.8562589335591793,0.41024032899056134,0.8205050609496148,0.02657724955097844,0.7925329745956146,0.18470366277864014,1.0,0.32952614854495427,0.7442329132547026,0.22043425246234385,0.8149851588114607,0.4656758898635107
-0.19529516288056198,-0.07585268976193292,-0.28443692449349217,0.34909282505088457,0.00591929003562268,0.35564167166724053,0.09551403320164914,0.36079272003641455,0.09047902378813837,0.4065853252040645,-0.28649647468309325,0.2946371190326698,0.21441237544219402,0.32952614854495427,1.0,0.30532263987993197,-0.15661181959486045,0.4820375915666786,0.08655467849166783
-0.15008471858731431,0.11970893591756285,0.014978376433472869,0.5861139215043855,0.20956380915078213,0.7174223226523282,0.19580450117065656,0.7803080298022952,0.3511229160630096,0.7652089548150742,-0.01924542994844545,0.574834178033871,0.08403478305659874,0.7442329132547026,0.30532263987993197,1.0,-0.006605189120267601,0.6521701307698605,0.3450394340295667
0.3195492637875881,0.5081487060059096,0.7330473317133793,0.5560742751785162,0.4803535316389391,0.2640346021100121,0.0848201021924268,0.0968471450469666,-0.141153277164076,-0.06265052786646026,0.2610680980932405,0.4736027551737899,0.11588190554870821,0.22043425246234385,-0.15661181959486045,-0.006605189120267601,1.0,0.30404275767107414,0.16005734809609953
-0.042542026603979606,0.24443433574285112,0.34653571498028674,0.8087677476990058,0.5803611333392056,0.8234834819676601,0.49228253643117414,0.7873522272167761,0.403981000619777,0.7698548679169009,0.1554341639161002,0.7730400836045924,0.4206109959213647,0.8149851588114607,0.4820375915666786,0.6521701307698605,0.30404275767107414,1.0,0.4744879969806539
-0.03084093055544661,0.14471388060732937,0.060374093652089324,0.37936587868411636,0.4332594279789612,0.5839616415719805,0.5968098190281778,0.6191189380086566,0.42171935363426905,0.46644133886705746,-0.09636200768407509,0.39855959297069354,-0.01565871722867886,0.4656758898635107,0.08655467849166783,0.3450394340295667,0.16005734809609953,0.4744879969806539,1.0
