0,1,2,3,4,5,6,7,8,9,10,11,12,13,14,15,16,17,18
1.0,0.6055246322643107,0.28168604518610285,0.20534695066684056,0.1687504383411428,0.157672363288382,0.023158121034686445,0.1264321688432576,0.01833350843521363,0.11700658004840289,0.03185392082121564,0.3265734985165064,-0.015193809680926455,0.21145900342318588,0.07521063001046446,0.13988739316556228,0.33482776895124006,0.14085799387345027,0.06755980508494375
0.6055246322643107,1.0,0.4214787654202281,0.5614539312459845,0.4499821133099333,0.5334914476965109,0.4109732602507616,0.5218561635376804,0.4222493081901859,0.5382011090838569,0.2533950447038558,0.762119396810886,0.3219482176715873,0.6106261808848142,0.5105944749686082,0.5579245448276022,0.4508663151705756,0.5471050912528412,0.26207392482403613
0.28168604518610285,0.4214787654202281,1.0,0.6902364331689795,0.5933809772208861,0.6453407874696168,0.1698533890938332,0.5825764337663022,0.05734752612843631,0.5138696680389171,0.39283520231155467,0.5893250401198575,0.19313030413307267,0.6364489087126384,-0.08247111054525827,0.5611179517758008,0.75144763307039,0.6326109791853145,0.16741623064028396
0.20534695066684056,0.5614539312459845,0.6902364331689795,1.0,0.6130794862192791,0.9560184403364196,0.5218926317729429,0.9607985033827326,0.5122673662294848,0.9384573245326037,0.3616671987575749,0.8966351663425928,0.43923102862109215,0.962560725588193,0.4297704913529914,0.9341078864563811,0.6787595691159394,0.9622790737867454,0.4543035199290795
0.1687504383411428,0.4499821133099333,0.5933809772208861,0.6130794862192791,1.0,0.6445502367850777,0.5889294859072194,0.6049379846892521,0.3145777564625732,0.5341347289826693,0.22581290727016623,0.5922755314088772,0.39883997864781356,0.6398872333038871,0.14943019403713795,0.5475149897203256,0.541973886647645,0.6704400516091802,0.5427967301698908
0.157672363288382,0.5334914476965109,0.6453407874696168,0.9560184403364196,0.6445502367850777,1.0,0.5459476450264535,0.9638453900327028,0.5358173383727157,0.9325219351680247,0.3671674699778586,0.8732396998822343,0.496390580776079,0.960389011548983,0.4476976584929848,0.9421986854477847,0.6080813023571539,0.9761608981629463,0.5373876288788378
0.023158121034686445,0.4109732602507616,0.1698533890938332,0.5218926317729429,0.5889294859072194,0.5459476450264535,1.0,0.6102297943280987,0.7249999130871231,0.5700068721260723,0.12218224079757038,0.5367008207142082,0.3736229406777052,0.5643274148623113,0.35339595908054616,0.5544058388456272,0.12803164955805182,0.5936777080553526,0.6624640412368544
0.1264321688432576,0.5218561635376804,0.5825764337663022,0.9607985033827326,0.6049379846892521,0.9638453900327028,0.6102297943280987,1.0,0.5799135760787117,0.9756057158723477,0.34771378145140147,0.8723930885148301,0.4844353536378155,0.9631154641271189,0.47348731677136446,0.9518631438866222,0.5453690651636062,0.9724931528790494,0.5566134969610892
0.01833350843521363,0.4222493081901859,0.05734752612843631,0.5122673662294848,0.3145777564625732,0.5358173383727157,0.7249999130871231,0.5799135760787117,1.0,0.5949522333778421,-0.04188192701649774,0.5501185316008075,0.21592068167228917,0.5468534002505484,0.3895766704901487,0.548139050689552,0.0798553092482147,0.5523172509474029,0.5196042557536105
0.11700658004840289,0.5382011090838569,0.5138696680389171,0.9384573245326037,0.5341347289826693,0.9325219351680247,0.5700068721260723,0.9756057158723477,0.5949522333778421,1.0,0.29962984590946645,0.8853754117026502,0.4487133674811184,0.9480986377380718,0.4970018983175062,0.9551374902193849,0.48810626707250704,0.9530197635933751,0.48086056750155043
0.03185392082121564,0.2533950447038558,0.39283520231155467,0.3616671987575749,0.22581290727016623,0.3671674699778586,0.12218224079757038,0.34771378145140147,-0.04188192701649774,0.29962984590946645,1.0,0.25118899079016954,0.4769597824107635,0.34428272936768095,-0.0278939894993382,0.32094705438247867,0.2582270679065936,0.3876785150579588,0.02518338135254961
0.3265734985165064,0.762119396810886,0.5893250401198575,0.8966351663425928,0.5922755314088772,0.8732396998822343,0.5367008207142082,0.8723930885148301,0.5501185316008075,0.8853754117026502,0.25118899079016954,1.0,0.38630652038375757,0.9292148430560644,0.494203755499968,0.8962639480132568,0.5822224607842782,0.886025603935747,0.4186312999645166
-0.015193809680926455,0.3219482176715873,0.19313030413307267,0.43923102862109215,0.39883997864781356,0.496390580776079,0.3736229406777052,0.4844353536378155,0.21592068167228917,0.4487133674811184,0.4769597824107635,0.38630652038375757,1.0,0.44435800396459624,0.39767927801986613,0.473074863005469,0.22991319600037846,0.5189500544390554,0.30514686917443923
0.21145900342318588,0.6106261808848142,0.6364489087126384,0.962560725588193,0.6398872333038871,0.960389011548983,0.5643274148623113,0.9631154641271189,0.5468534002505484,0.9480986377380718,0.34428272936768095,0.9292148430560644,0.44435800396459624,1.0,0.4518294726942756,0.9536427495496124,0.5989205387883094,0.9666111040955041,0.48052078753643346
0.07521063001046446,0.5105944749686082,-0.08247111054525827,0.4297704913529914,0.14943019403713795,0.4476976584929848,0.35339595908054616,0.47348731677136446,0.3895766704901487,0.4970018983175062,-0.0278939894993382,0.494203755499968,0.39767927801986613,0.4518294726942756,1.0,0.4655240529037961,0.015175381729221338,0.4736172125581619,0.19956465505100465
0.13988739316556228,0.5579245448276022,0.5611179517758008,0.9341078864563811,0.5475149897203256,0.9421986854477847,0.5544058388456272,0.9518631438866222,0.548139050689552,0.9551374902193849,0.32094705438247867,0.8962639480132568,0.473074863005469,0.9536427495496124,0.4655240529037961,1.0,0.5447690629475883,0.9535217806015356,0.43475571628363224
0.33482776895124006,0.4508663151705756,0.75144763307039,0.6787595691159394,0.541973886647645,0.6080813023571539,0.12803164955805182,0.5453690651636062,0.0798553092482147,0.48810626707250704,0.2582270679065936,0.5822224607842782,0.22991319600037846,0.5989205387883094,0.015175381729221338,0.5447690629475883,1.0,0.6104899050176921,0.24198223124402582
0.14085799387345027,0.5471050912528412,0.6326109791853145,0.9622790737867454,0.6704400516091802,0.9761608981629463,0.5936777080553526,0.9724931528790494,0.5523172509474029,0.9530197635933751,0.3876785150579588,0.886025603935747,0.5189500544390554,0.9666111040955041,0.4736172125581619,0.9535217806015356,0.6104899050176921,1.0,0.5018839464998611
0.06755980508494375,0.26207392482403613,0.16741623064028396,0.4543035199290795,0.5427967301698908,0.5373876288788378,0.6624640412368544,0.5566134969610892,0.5196042557536105,0.48086056750155043,0.02518338135254961,0.4186312999645166,0.30514686917443923,0.48052078753643346,0.19956465505100465,0.43475571628363224,0.24198223124402582,0.5018839464998611,1.0
