0,1,2,3,4,5,6,7,8,9,10,11,12,13,14,15,16,17,18
1.0,0.9414764125650874,0.5494917525106451,0.6277921014092881,0.1733242952752322,0.47791699770281343,0.08483608623934445,0.3491786489764988,0.0659115880331402,0.14715107639520036,0.33011781463975953,0.6779115890916005,0.14108672860232274,0.11119889427258191,-0.1865192558695662,0.18496514298793795,0.49216759563594253,0.41251174004680874,0.02658048689795033
0.9414764125650874,1.0,0.5540539402615777,0.6802754451973789,0.13251467987080642,0.4710119000573398,0.04793207211359908,0.3838035020458931,0.048026784358778773,0.17425302818114843,0.31581903968921526,0.7759586097061917,0.16897863453259238,0.21247869935014385,-0.11877197398251277,0.2717512428238424,0.5108546637631033,0.4237925046372367,0.020462762922493487
0.5494917525106451,0.5540539402615777,1.0,0.7439093965643192,0.5619107934496208,0.5747544753544328,-0.023985738397359554,0.2864249420637178,-0.26074340699381576,-0.10993701819429219,0.41824937202871637,0.6305621761793311,0.07514145925492728,-0.01404038675505194,-0.36740456822619505,0.012140895758323063,0.795651566611664,0.6226905401560717,-0.16195828084082442
0.6277921014092881,0.6802754451973789,0.7439093965643192,1.0,0.479261486427134,0.7721137236543478,0.1662142945701195,0.5252799984363333,0.02035737754624679,0.20362409486306662,0.282905244987363,0.8466594498459737,-0.010401211786539384,0.11279771656991491,-0.06380151362526998,0.15888540769114126,0.7656276975734161,0.7580232880807732,0.04171531879366976
0.1733242952752322,0.13251467987080642,0.5619107934496208,0.479261486427134,1.0,0.5611430120896205,0.41984074167022234,0.29988605514302064,-0.019440189870682467,-0.10142009809985938,0.19648466362330266,0.30808136729303476,0.07892872675845063,-0.10337398079729143,-0.20391984717008882,-0.02557440469113386,0.5145380381958353,0.7026674385080448,0.14096054508837944
0.47791699770281343,0.4710119000573398,0.5747544753544328,0.7721137236543478,0.5611430120896205,1.0,0.3449176429954926,0.5890451190469268,0.08842481354440308,0.27912427867848205,0.43439436286481503,0.5578415432544606,0.26794572193869065,-0.07044764257673637,-0.011062646574624656,0.2676657578012438,0.49900204557412603,0.8651284132578068,0.16620045628825217
0.08483608623934445,0.04793207211359908,-0.023985738397359554,0.1662142945701195,0.41984074167022234,0.3449176429954926,1.0,0.4909052860432645,0.6275692977421069,0.3034332811079828,-0.06640331557330356,0.09994646514001447,-0.10624210103320063,-0.23920233316751308,0.04009658789942475,-0.04702325374024511,-0.10328729776423412,0.38101508859553695,0.35522734230970465
0.3491786489764988,0.3838035020458931,0.2864249420637178,0.5252799984363333,0.29988605514302064,0.5890451190469268,0.4909052860432645,1.0,0.2525778309701823,0.596808645853922,0.20012641007433815,0.431300784523774,-0.0007979825361151357,0.07303028614445006,0.13474795958147454,0.3195107408663891,0.18696385272343036,0.6401197809768002,0.1330823597851545
0.0659115880331402,0.048026784358778773,-0.26074340699381576,0.02035737754624679,-0.019440189870682467,0.08842481354440308,0.6275692977421069,0.2525778309701823,1.0,0.25629645118663,-0.2610565581640933,0.028850383727641208,-0.2538354389718796,-0.19054641357363547,0.07216645408121558,-0.12378358361021453,-0.24479328096214317,0.08689917563667583,0.16296551421707736
0.14715107639520036,0.17425302818114843,-0.10993701819429219,0.20362409486306662,-0.10142009809985938,0.27912427867848205,0.3034332811079828,0.596808645853922,0.25629645118663,1.0,-0.05632998052039306,0.15741437094932523,-0.14254667234957816,-0.052372797090220066,0.14272229766363417,0.14052133106245576,-0.18948952803861877,0.28415034902800057,0.1761048859838825
0.33011781463975953,0.31581903968921526,0.41824937202871637,0.282905244987363,0.19648466362330266,0.43439436286481503,-0.06640331557330356,0.20012641007433815,-0.2610565581640933,-0.05632998052039306,1.0,0.16555029690658415,0.6378388470489429,-0.10028815230001288,-0.4048838687638691,0.2943054530755325,0.23832024716161865,0.3605524856913698,-0.19243513862743875
0.6779115890916005,0.7759586097061917,0.6305621761793311,0.8466594498459737,0.30808136729303476,0.5578415432544606,0.09994646514001447,0.431300784523774,0.028850383727641208,0.15741437094932523,0.16555029690658415,1.0,-0.0917211905131866,0.22898878680457757,-0.02570807682455202,0.16876753427012547,0.614808551848364,0.5748303229084726,0.07159414826950103
0.14108672860232274,0.16897863453259238,0.07514145925492728,-0.010401211786539384,0.07892872675845063,0.26794572193869065,-0.10624210103320063,-0.0007979825361151357,-0.2538354389718796,-0.14254667234957816,0.6378388470489429,-0.0917211905131866,1.0,0.10089332943909321,-0.24979920455461657,0.5200053125105744,0.023786977980385298,0.13440773684515012,-0.024066927863966588
0.11119889427258191,0.21247869935014385,-0.01404038675505194,0.11279771656991491,-0.10337398079729143,-0.07044764257673637,-0.23920233316751308,0.07303028614445006,-0.19054641357363547,-0.052372797090220066,-0.10028815230001288,0.22898878680457757,0.10089332943909321,1.0,-0.25372262153544856,0.48080618397952585,0.10746352759032032,-0.07524084707722091,0.2098791451666037
-0.1865192558695662,-0.11877197398251277,-0.36740456822619505,-0.06380151362526998,-0.20391984717008882,-0.011062646574624656,0.04009658789942475,0.13474795958147454,0.07216645408121558,0.14272229766363417,-0.4048838687638691,-0.02570807682455202,-0.24979920455461657,-0.25372262153544856,1.0,-0.15914636419378064,-0.27109886060204524,0.05204889263245393,-0.055989602175430524
0.18496514298793795,0.2717512428238424,0.012140895758323063,0.15888540769114126,-0.02557440469113386,0.2676657578012438,-0.04702325374024511,0.3195107408663891,-0.12378358361021453,0.14052133106245576,0.2943054530755325,0.16876753427012547,0.5200053125105744,0.48080618397952585,-0.15914636419378064,1.0,-0.0011646234781231798,0.19249555685448122,0.14899172916849487
0.49216759563594253,0.5108546637631033,0.795651566611664,0.7656276975734161,0.5145380381958353,0.49900204557412603,-0.10328729776423412,0.18696385272343036,-0.24479328096214317,-0.18948952803861877,0.23832024716161865,0.614808551848364,0.023786977980385298,0.10746352759032032,-0.27109886060204524,-0.0011646234781231798,1.0,0.5663337791760265,-0.13782320652390617
0.41251174004680874,0.4237925046372367,0.6226905401560717,0.7580232880807732,0.7026674385080448,0.8651284132578068,0.38101508859553695,0.6401197809768002,0.08689917563667583,0.28415034902800057,0.3605524856913698,0.5748303229084726,0.13440773684515012,-0.07524084707722091,0.05204889263245393,0.19249555685448122,0.5663337791760265,1.0,0.1381930188944664
0.02658048689795033,0.020462762922493487,-0.16195828084082442,0.04171531879366976,0.14096054508837944,0.16620045628825217,0.35522734230970465,0.1330823597851545,0.16296551421707736,0.1761048859838825,-0.19243513862743875,0.07159414826950103,-0.024066927863966588,0.2098791451666037,-0.055989602175430524,0.14899172916849487,-0.13782320652390617,0.1381930188944664,1.0
