0,1,2,3,4,5,6,7,8,9,10,11,12,13,14,15,16,17,18
1.0,0.5177384686553125,0.27704359492944375,0.3973951814899782,0.1203132779482586,0.138131535243447,0.0563459930163527,-0.18073179138849224,-0.29127983486170356,-0.33446644376590695,0.5570230303006748,0.04078743464249555,0.2628371810203682,-0.19792857463031935,-0.15499281437519852,-0.14682125743978708,0.5385916570981791,0.20340184475310558,-0.14321130174031452
0.5177384686553125,1.0,0.1751533612367018,0.3919545205937979,0.02365947475822538,0.2440983862935374,-0.16040187070235418,-0.34983216057486133,-0.26785619994381904,-0.4378899067969784,0.11361090506258492,0.4350963626422569,-0.04256434444196393,-0.3182543363925982,-0.3267781866315596,-0.04152116674549214,0.6524865946774765,0.1267052487254326,-0.30760103144440276
0.27704359492944375,0.1751533612367018,1.0,0.3702196103812424,0.3599034192634993,0.10043493040941391,0.2473264932857643,-0.002478468782232356,-0.0731314429586142,-0.13783192917813902,0.14080335736771732,0.141226119191907,0.3850567380302477,-0.03204703893572633,-0.020253276110276105,0.10518366137806048,0.31326000891380396,0.32654578873281426,0.09663893368878658
0.3973951814899782,0.3919545205937979,0.3702196103812424,1.0,0.39367595189466614,0.6182483865145711,0.049292047654530255,0.005893613803438648,-0.07503010398146438,-0.25297963335226675,0.02011153059167758,0.18371573503155816,0.14468968946124713,-0.4708970464152107,-0.12148284488524269,-0.11126985229564802,0.4337439737427811,0.7006055547932635,0.0819255714735523
0.1203132779482586,0.02365947475822538,0.3599034192634993,0.39367595189466614,1.0,0.17606709538270152,0.32770269282365505,0.1409037449815684,-0.010360117059990815,0.04557392080787197,0.06483085777626447,0.09755743387071744,0.390959869212982,-0.12617601376821921,0.09451618209959459,-0.10079715175443954,0.17115734312234704,0.47807427624505455,0.29779695176814397
0.138131535243447,0.2440983862935374,0.10043493040941391,0.6182483865145711,0.17606709538270152,1.0,0.007249318803281862,0.35925272894587706,0.03739714496137461,0.2114014321115699,-0.09519950747534442,0.27424248112622135,0.06433084547266683,-0.8395330637424986,0.05592267220219281,0.13822422359151218,0.11063492411916205,0.5061035973747101,0.1431255327934021
0.0563459930163527,-0.16040187070235418,0.2473264932857643,0.049292047654530255,0.32770269282365505,0.007249318803281862,1.0,0.39884711482055685,0.20452671232557257,0.27684712834106634,0.071102164996707,0.026704163979956803,0.7714645788713532,-0.06319332727270749,0.5902813355667519,0.3015747382944466,0.0374486685032669,0.19428625050583442,0.5715019121827842
-0.18073179138849224,-0.34983216057486133,-0.002478468782232356,0.005893613803438648,0.1409037449815684,0.35925272894587706,0.39884711482055685,1.0,0.28109817394887593,0.6032082764312154,-0.13096859251459422,-0.09736198338959665,0.2485804688029204,-0.4426233324747459,0.2995279593201595,0.38207260114737235,-0.24158925856860478,0.17144611296295095,0.7061957339840274
-0.29127983486170356,-0.26785619994381904,-0.0731314429586142,-0.07503010398146438,-0.010360117059990815,0.03739714496137461,0.20452671232557257,0.28109817394887593,1.0,0.3262710726831296,-0.18399047109320163,-0.031751392029680324,0.09273946161427579,-0.1944904061973869,0.34091740900825795,0.10314705304725964,-0.09147645743281836,-0.008875029374847304,0.2336623852127155
-0.33446644376590695,-0.4378899067969784,-0.13783192917813902,-0.25297963335226675,0.04557392080787197,0.2114014321115699,0.27684712834106634,0.6032082764312154,0.3262710726831296,1.0,-0.15073283028291312,-0.005271147499564195,0.18213632187706094,-0.44871194679192145,0.5316518449895344,0.3726385230475721,-0.3146651917354827,-0.1906431318054483,0.44403357848402
0.5570230303006748,0.11361090506258492,0.14080335736771732,0.02011153059167758,0.06483085777626447,-0.09519950747534442,0.071102164996707,-0.13096859251459422,-0.18399047109320163,-0.15073283028291312,1.0,-0.3520074549505798,0.37353879595848327,-0.07241977472460921,0.011683563873292946,-0.16331933437950344,0.10615866493059584,-0.05982602122804165,-0.19877601670692846
0.04078743464249555,0.4350963626422569,0.141226119191907,0.18371573503155816,0.09755743387071744,0.27424248112622135,0.026704163979956803,-0.09736198338959665,-0.031751392029680324,-0.005271147499564195,-0.3520074549505798,1.0,0.0040641245356465355,-0.20087643562258023,0.04132545082055351,0.25082885397935073,0.4596527509720987,0.0026281118897816622,0.13667241401749886
0.2628371810203682,-0.04256434444196393,0.3850567380302477,0.14468968946124713,0.390959869212982,0.06433084547266683,0.7714645788713532,0.2485804688029204,0.09273946161427579,0.18213632187706094,0.37353879595848327,0.0040641245356465355,1.0,-0.14261533037245847,0.4746114496321432,0.26243764523159746,0.10252692893256946,0.21442392075073347,0.3589672823182933
-0.19792857463031935,-0.3182543363925982,-0.03204703893572633,-0.4708970464152107,-0.12617601376821921,-0.8395330637424986,-0.06319332727270749,-0.4426233324747459,-0.1944904061973869,-0.44871194679192145,-0.07241977472460921,-0.20087643562258023,-0.14261533037245847,1.0,-0.22236098433337095,-0.18412989372372832,-0.1417290272380591,-0.37959008080297574,-0.13601135863951397
-0.15499281437519852,-0.3267781866315596,-0.020253276110276105,-0.12148284488524269,0.09451618209959459,0.05592267220219281,0.5902813355667519,0.2995279593201595,0.34091740900825795,0.5316518449895344,0.011683563873292946,0.04132545082055351,0.4746114496321432,-0.22236098433337095,1.0,0.27644730956916974,-0.1141367838289395,-0.07617187940130257,0.4118850759573915
-0.14682125743978708,-0.04152116674549214,0.10518366137806048,-0.11126985229564802,-0.10079715175443954,0.13822422359151218,0.3015747382944466,0.38207260114737235,0.10314705304725964,0.3726385230475721,-0.16331933437950344,0.25082885397935073,0.26243764523159746,-0.18412989372372832,0.27644730956916974,1.0,-0.054259641727380827,-0.15860241271575046,0.315075922304813
0.5385916570981791,0.6524865946774765,0.31326000891380396,0.4337439737427811,0.17115734312234704,0.11063492411916205,0.0374486685032669,-0.24158925856860478,-0.09147645743281836,-0.3146651917354827,0.10615866493059584,0.4596527509720987,0.10252692893256946,-0.1417290272380591,-0.1141367838289395,-0.054259641727380827,1.0,0.2100324774092032,-0.004941600947659549
0.20340184475310558,0.1267052487254326,0.32654578873281426,0.7006055547932635,0.47807427624505455,0.5061035973747101,0.19428625050583442,0.17144611296295095,-0.008875029374847304,-0.1906431318054483,-0.05982602122804165,0.0026281118897816622,0.21442392075073347,-0.37959008080297574,-0.07617187940130257,-0.15860241271575046,0.2100324774092032,1.0,0.2688368258640707
-0.14321130174031452,-0.30760103144440276,0.09663893368878658,0.0819255714735523,0.29779695176814397,0.1431255327934021,0.5715019121827842,0.7061957339840274,0.2336623852127155,0.44403357848402,-0.19877601670692846,0.13667241401749886,0.3589672823182933,-0.13601135863951397,0.4118850759573915,0.315075922304813,-0.004941600947659549,0.2688368258640707,1.0
