0,1,2,3,4,5,6,7,8,9,10,11,12,13,14,15,16,17,18
1.0,0.49397635445056864,0.6458710827193802,0.3940658787305711,0.44025831459110787,0.14590209673339977,0.07330343426001543,-0.2916559423983786,-0.24449738570348625,-0.4878716925049412,0.6350347062776535,0.34891152598806335,0.3737041413732336,0.18278441243220653,-0.15773035106611638,-0.17521649563002062,0.7670297144794849,0.17799402870458908,-0.08559124291775548
0.49397635445056864,1.0,0.12569184115444587,0.46919421233908487,-0.06913550778522619,-0.04282347726506253,-0.3752597788237877,-0.6406750647122416,-0.47209279983460856,-0.6774978400724199,0.13931026108239772,0.5447608800611735,-0.16605338797869676,-0.09120715187830547,-0.5415015422584011,-0.32797113284377094,0.5790177820192135,0.0836835359922171,-0.4417725500095376
0.6458710827193802,0.12569184115444587,1.0,0.39603145833930364,0.8375326159490608,0.36719177248188184,0.43275461429525247,-0.0002794133921051187,-0.05837572412145862,-0.2892679040212741,0.6618622146145652,0.13585650220454704,0.6509265586587442,0.27238689534203386,0.10033135315741593,-0.09228942852499339,0.4566027139551922,0.35291219593828005,0.23165549971037339
0.3940658787305711,0.46919421233908487,0.39603145833930364,1.0,0.35133689816292746,0.5330862691802342,-0.05197756469344185,-0.4364325045846296,-0.3936354659612094,-0.6731883137569175,0.20097446670382876,0.28145020725032227,0.08278894478770067,0.243497976609365,-0.3425975993718125,-0.30647645874266183,0.47618075286541195,0.573889140971197,-0.10062146515725236
0.44025831459110787,-0.06913550778522619,0.8375326159490608,0.35133689816292746,1.0,0.45990287829673054,0.6070764546053562,0.18671674771424995,0.014193565033826272,-0.11660153557437872,0.48404510867997613,-0.021483521409639914,0.7595236332129012,0.3237487442183991,0.1419533866441195,0.06610667630201061,0.30369844057818834,0.47547660350730714,0.4417125169028382
0.14590209673339977,-0.04282347726506253,0.36719177248188184,0.5330862691802342,0.45990287829673054,1.0,0.2657258932634769,0.06914153481489278,-0.31357620206594805,-0.5123383582057789,0.11875769543205626,0.13863239693820417,0.28443483730627794,0.7008603826913695,-0.15351419602009642,-0.15884307585711596,0.1618297413947879,0.6485475028688245,0.3507606262557918
0.07330343426001543,-0.3752597788237877,0.43275461429525247,-0.05197756469344185,0.6070764546053562,0.2657258932634769,1.0,0.49971459348668823,0.4129822262800826,0.2693135955177546,0.2845642994426008,-0.12849747346994572,0.717551563976591,0.27185509362049015,0.5384103837463307,0.2524023464335207,0.007728563466250865,0.058866839009239655,0.673229333422399
-0.2916559423983786,-0.6406750647122416,-0.0002794133921051187,-0.4364325045846296,0.18671674771424995,0.06914153481489278,0.49971459348668823,1.0,0.3793046909304022,0.5351808266429131,-0.0804119461768602,-0.4378487624742106,0.28600228688680795,0.010166723604734557,0.354965141319205,0.3014239896584908,-0.347739087165884,-0.16514937711784172,0.7325811983399418
-0.24449738570348625,-0.47209279983460856,-0.05837572412145862,-0.3936354659612094,0.014193565033826272,-0.31357620206594805,0.4129822262800826,0.3793046909304022,1.0,0.5578412961574059,-0.13160644978775882,-0.2765157269622948,0.11604330512051039,-0.21075536889000757,0.7248932806197987,0.4253241336682354,-0.18957230093569571,-0.3719132588819902,0.38927487864454746
-0.4878716925049412,-0.6774978400724199,-0.2892679040212741,-0.6731883137569175,-0.11660153557437872,-0.5123383582057789,0.2693135955177546,0.5351808266429131,0.5578412961574059,1.0,-0.2555860066577896,-0.5193093703872687,0.02329556821467365,-0.4136868978438094,0.46038920382026105,0.39235779353360484,-0.4715959157034165,-0.4950531111701332,0.35905415701853943
0.6350347062776535,0.13931026108239772,0.6618622146145652,0.20097446670382876,0.48404510867997613,0.11875769543205626,0.2845642994426008,-0.0804119461768602,-0.13160644978775882,-0.2555860066577896,1.0,-0.04470206764950729,0.5872746918738067,0.07208435562340947,0.07477088368193978,-0.19507449689222167,0.3319437028922236,0.08422139063212664,0.028767343903924877
0.34891152598806335,0.5447608800611735,0.13585650220454704,0.28145020725032227,-0.021483521409639914,0.13863239693820417,-0.12849747346994572,-0.4378487624742106,-0.2765157269622948,-0.5193093703872687,-0.04470206764950729,1.0,-0.08984805749977985,0.33098078327591246,-0.259155610784799,-0.05132620563170186,0.49596586729701386,-0.004680378248897756,-0.21399215976042546
0.3737041413732336,-0.16605338797869676,0.6509265586587442,0.08278894478770067,0.7595236332129012,0.28443483730627794,0.717551563976591,0.28600228688680795,0.11604330512051039,0.02329556821467365,0.5872746918738067,-0.08984805749977985,1.0,0.30053353044398273,0.32592563759106513,0.18078066320091118,0.16449538634012206,0.1590263343480234,0.4192142214717892
0.18278441243220653,-0.09120715187830547,0.27238689534203386,0.243497976609365,0.3237487442183991,0.7008603826913695,0.27185509362049015,0.010166723604734557,-0.21075536889000757,-0.4136868978438094,0.07208435562340947,0.33098078327591246,0.30053353044398273,1.0,-0.10020302740491548,0.06468844377604613,0.19386111106354964,0.25576004040541384,0.2609328334654341
-0.15773035106611638,-0.5415015422584011,0.10033135315741593,-0.3425975993718125,0.1419533866441195,-0.15351419602009642,0.5384103837463307,0.354965141319205,0.7248932806197987,0.46038920382026105,0.07477088368193978,-0.259155610784799,0.32592563759106513,-0.10020302740491548,1.0,0.3126362230235615,-0.18582185944946336,-0.27178641485636706,0.4142618075306146
-0.17521649563002062,-0.32797113284377094,-0.09228942852499339,-0.30647645874266183,0.06610667630201061,-0.15884307585711596,0.2524023464335207,0.3014239896584908,0.4253241336682354,0.39235779353360484,-0.19507449689222167,-0.05132620563170186,0.18078066320091118,0.06468844377604613,0.3126362230235615,1.0,-0.048770655562768536,-0.23125330051179452,0.2637010887672608
0.7670297144794849,0.5790177820192135,0.4566027139551922,0.47618075286541195,0.30369844057818834,0.1618297413947879,0.007728563466250865,-0.347739087165884,-0.18957230093569571,-0.4715959157034165,0.3319437028922236,0.49596586729701386,0.16449538634012206,0.19386111106354964,-0.18582185944946336,-0.048770655562768536,1.0,0.18404717928813824,-0.034579345561733345
0.17799402870458908,0.0836835359922171,0.35291219593828005,0.573889140971197,0.47547660350730714,0.6485475028688245,0.058866839009239655,-0.16514937711784172,-0.3719132588819902,-0.4950531111701332,0.08422139063212664,-0.004680378248897756,0.1590263343480234,0.25576004040541384,-0.27178641485636706,-0.23125330051179452,0.18404717928813824,1.0,0.08076911764589885
-0.08559124291775548,-0.4417725500095376,0.23165549971037339,-0.10062146515725236,0.4417125169028382,0.3507606262557918,0.673229333422399,0.7325811983399418,0.38927487864454746,0.35905415701853943,0.028767343903924877,-0.21399215976042546,0.4192142214717892,0.2609328334654341,0.4142618075306146,0.2637010887672608,-0.034579345561733345,0.08076911764589885,1.0
