0,1,2,3,4,5,6,7,8,9,10,11,12,13,14,15,16,17,18
1.0,0.6179176120025799,0.23158950809203596,0.4417876039435466,-0.04939912622245603,0.14041707160444974,-0.2892022416304297,-0.5517060486119744,-0.5328681896462899,-0.6378827828839088,0.6240212766631205,0.3864916711173512,-0.08664065818401091,0.08186466382105867,-0.5816684673054126,-0.1018135824808104,0.7873824788959363,0.12081345892874895,-0.37120360816571163
0.6179176120025799,1.0,-0.058156280338643986,0.36152237537782816,-0.2700332507048821,-0.07183563346205146,-0.49286715528378044,-0.7014938181660237,-0.5933570861628629,-0.7392883201393075,0.3095210932009215,0.5369624938237121,-0.15382200171277327,-0.20149698977119823,-0.6771855293154913,-0.270240421796219,0.6398003560084301,-0.13059213513456627,-0.5509486945347307
0.23158950809203596,-0.058156280338643986,1.0,0.22952835777105862,0.5188811151553093,0.32397185152388047,0.42908533590635806,0.0680340784485066,-0.18212622017421204,-0.005227832724538611,0.3860404314236091,0.019855067204002316,0.21064641744523183,0.19677795098337234,0.11908421903791372,0.30648221259599107,0.20237929024660334,0.36378176461101625,0.2868820017955073
0.4417876039435466,0.36152237537782816,0.22952835777105862,1.0,0.21979296311156202,0.5709297763646943,-0.12260178550152497,-0.32241712891163515,-0.5053789134277477,-0.5640814415833596,0.3539859207135617,0.11853659160908232,0.18983315199366577,0.12883178866375947,-0.4746763868702465,-0.0878993075158999,0.44217980266267354,0.5162404683312668,-0.1256628040913593
-0.04939912622245603,-0.2700332507048821,0.5188811151553093,0.21979296311156202,1.0,0.4379800908884233,0.5340586819902436,0.22543579511543818,-0.03272778751663958,0.1451419222935067,0.07012353383846852,-0.12591123639851262,0.2573703863434144,0.33750062029189243,0.16870377539851564,0.253834810543525,-0.014995520546277208,0.48641031750343694,0.3935248320169048
0.14041707160444974,-0.07183563346205146,0.32397185152388047,0.5709297763646943,0.4379800908884233,1.0,0.23898341840857604,0.12254411876627092,-0.2756678255595383,-0.3704230603108452,0.21742725745240116,-0.06604682065746198,0.24884253059667857,0.502384302700049,-0.23328130236038797,0.14106611037935562,0.1502682704733427,0.7524271025573808,0.2831578305131416
-0.2892022416304297,-0.49286715528378044,0.42908533590635806,-0.12260178550152497,0.5340586819902436,0.23898341840857604,1.0,0.5267229358163584,0.28602661213297936,0.4237081470400784,-0.05686702370948869,-0.16069899768448181,0.30299479912414984,0.3885641004199528,0.49951073205098373,0.41929666584926734,-0.19602467842533197,0.21423235319822603,0.6561078895771266
-0.5517060486119744,-0.7014938181660237,0.0680340784485066,-0.32241712891163515,0.22543579511543818,0.12254411876627092,0.5267229358163584,1.0,0.3621514740834045,0.6257897581239715,-0.3493992850943702,-0.46098497310306374,0.20996538308212276,0.0796839024147964,0.40112980615654475,0.21487795078503782,-0.527104996247397,0.1428921756585848,0.7523430699055982
-0.5328681896462899,-0.5933570861628629,-0.18212622017421204,-0.5053789134277477,-0.03272778751663958,-0.2756678255595383,0.28602661213297936,0.3621514740834045,1.0,0.5626205348896901,-0.45382650152401793,-0.30570002588611894,-0.04359058769037508,-0.10523000503622919,0.5975972310818984,0.1926120236782536,-0.5236869709477333,-0.17134357351748444,0.271035658470104
-0.6378827828839088,-0.7392883201393075,-0.005227832724538611,-0.5640814415833596,0.1451419222935067,-0.3704230603108452,0.4237081470400784,0.6257897581239715,0.5626205348896901,1.0,-0.5178436973689924,-0.3896596888483381,0.18068015842643353,-0.19648774696353744,0.647500064716089,0.2354987236852299,-0.5645030678397964,-0.24853675670792194,0.5284823310157847
0.6240212766631205,0.3095210932009215,0.3860404314236091,0.3539859207135617,0.07012353383846852,0.21742725745240116,-0.05686702370948869,-0.3493992850943702,-0.45382650152401793,-0.5178436973689924,1.0,-0.05819562781970562,0.09503288683938949,0.10269983333520132,-0.31660932583245033,0.07117754365255959,0.412910691096695,0.19700698327020152,-0.2839996341785862
0.3864916711173512,0.5369624938237121,0.019855067204002316,0.11853659160908232,-0.12591123639851262,-0.06604682065746198,-0.16069899768448181,-0.46098497310306374,-0.30570002588611894,-0.3896596888483381,-0.05819562781970562,1.0,-0.1898670416732845,0.2192131954377249,-0.3490655174897529,-0.1612984203353776,0.5157806173088081,-0.2862132903019255,-0.2251785502257642
-0.08664065818401091,-0.15382200171277327,0.21064641744523183,0.18983315199366577,0.2573703863434144,0.24884253059667857,0.30299479912414984,0.20996538308212276,-0.04359058769037508,0.18068015842643353,0.09503288683938949,-0.1898670416732845,1.0,0.2191850912509839,0.07882775505024822,0.19591212379358974,-0.04805030714924138,0.24480630288050037,0.22439194902009316
0.08186466382105867,-0.20149698977119823,0.19677795098337234,0.12883178866375947,0.33750062029189243,0.502384302700049,0.3885641004199528,0.0796839024147964,-0.10523000503622919,-0.19648774696353744,0.10269983333520132,0.2192131954377249,0.2191850912509839,1.0,0.05059854819394984,0.12623520487043807,0.18399872200019754,0.20509699895391423,0.3148952403987826
-0.5816684673054126,-0.6771855293154913,0.11908421903791372,-0.4746763868702465,0.16870377539851564,-0.23328130236038797,0.49951073205098373,0.40112980615654475,0.5975972310818984,0.647500064716089,-0.31660932583245033,-0.3490655174897529,0.07882775505024822,0.05059854819394984,1.0,0.27368246537144925,-0.509603377004982,-0.19097059965435662,0.4637131453044713
-0.1018135824808104,-0.270240421796219,0.30648221259599107,-0.0878993075158999,0.253834810543525,0.14106611037935562,0.41929666584926734,0.21487795078503782,0.1926120236782536,0.2354987236852299,0.07117754365255959,-0.1612984203353776,0.19591212379358974,0.12623520487043807,0.27368246537144925,1.0,-0.033942348371181874,0.10536932519041982,0.23555476430102654
0.7873824788959363,0.6398003560084301,0.20237929024660334,0.44217980266267354,-0.014995520546277208,0.1502682704733427,-0.19602467842533197,-0.527104996247397,-0.5236869709477333,-0.5645030678397964,0.412910691096695,0.5157806173088081,-0.04805030714924138,0.18399872200019754,-0.509603377004982,-0.033942348371181874,1.0,0.10351577825523348,-0.2342669073967462
0.12081345892874895,-0.13059213513456627,0.36378176461101625,0.5162404683312668,0.48641031750343694,0.7524271025573808,0.21423235319822603,0.1428921756585848,-0.17134357351748444,-0.24853675670792194,0.19700698327020152,-0.2862132903019255,0.24480630288050037,0.20509699895391423,-0.19097059965435662,0.10536932519041982,0.10351577825523348,1.0,0.28561151964747516
-0.37120360816571163,-0.5509486945347307,0.2868820017955073,-0.1256628040913593,0.3935248320169048,0.2831578305131416,0.6561078895771266,0.7523430699055982,0.271035658470104,0.5284823310157847,-0.2839996341785862,-0.2251785502257642,0.22439194902009316,0.3148952403987826,0.4637131453044713,0.23555476430102654,-0.2342669073967462,0.28561151964747516,1.0
