0,1,2,3,4,5,6,7,8,9,10,11,12,13,14,15,16,17,18
1.0,0.8046199504387127,0.018147466373948068,0.38878930076328944,-0.3433249827568074,-0.18589998333840846,-0.6322622763626279,-0.6389318852591097,-0.6315244829057703,-0.687430821917812,0.4131801937791172,0.5146700142687691,-0.45650727652336204,-0.28821967427758105,-0.7103437503696541,-0.4303329202815143,0.7685582277173105,-0.0648487969606286,-0.5949715139447721
0.8046199504387127,1.0,-0.2708103565359394,0.3014466334651826,-0.5481032292029528,-0.33089841951672916,-0.722757517215423,-0.7169551277782453,-0.7098572856937325,-0.7501970161244413,0.19024363942041586,0.7423259353053032,-0.5160647700789373,-0.3580006041281192,-0.8291687060629743,-0.5529493955116674,0.7501422818200325,-0.2316256114355267,-0.7003505923032559
0.018147466373948068,-0.2708103565359394,1.0,0.34314236357255673,0.77330031875608,0.4895748700753334,0.32912485775991585,0.02775397449251633,0.11059276131594663,-0.05720328442463338,0.4234285310351684,-0.33018284364362543,0.2599097628228811,0.3200927403595719,0.23292949507503158,0.10513101876668171,0.045022934547460744,0.5139381203268825,0.17635338208021098
0.38878930076328944,0.3014466334651826,0.34314236357255673,1.0,0.21840826553970447,0.45464249562158693,-0.21700614949185812,-0.4065016345816185,-0.3502705914248253,-0.620129528065125,0.19053856562824958,0.09397502518354399,-0.14228832090612792,0.12451579373466133,-0.31151745192182456,-0.33482771383576976,0.4764002119675493,0.5135603566467716,-0.21983072794098332
-0.3433249827568074,-0.5481032292029528,0.77330031875608,0.21840826553970447,1.0,0.5828888449461944,0.6641142868532726,0.3257192246813495,0.3928794167105298,0.23305447806289023,0.15113186335213594,-0.43576965711350724,0.49066155802484984,0.3933928351438484,0.47299077858036903,0.32204042088933355,-0.20268396631689406,0.6005674820269824,0.5078853124093096
-0.18589998333840846,-0.33089841951672916,0.4895748700753334,0.45464249562158693,0.5828888449461944,1.0,0.3354521384571794,0.16572733494839978,0.003285439295229215,-0.20753121362165272,0.030605521092258673,-0.2614605883544058,0.2664232191403356,0.6866476357654958,0.1314315025615233,0.00506528786400394,-0.060792382615707005,0.6934986426930146,0.3648470570896069
-0.6322622763626279,-0.722757517215423,0.32912485775991585,-0.21700614949185812,0.6641142868532726,0.3354521384571794,1.0,0.660885005081634,0.6834821271343264,0.6032201616760695,-0.12609657862793464,-0.5395974330482532,0.5763628146355582,0.3309146952649622,0.710453419594094,0.5093611362370938,-0.49849826303172096,0.26538257721808395,0.7533053868038556
-0.6389318852591097,-0.7169551277782453,0.02775397449251633,-0.4065016345816185,0.3257192246813495,0.16572733494839978,0.660885005081634,1.0,0.5417035070874417,0.7066343121547879,-0.32284442085703907,-0.580191847164758,0.408172347186818,0.10610839672437576,0.5207370167828715,0.5165835772055516,-0.5686077837766443,0.07859772234516672,0.8351931941448075
-0.6315244829057703,-0.7098572856937325,0.11059276131594663,-0.3502705914248253,0.3928794167105298,0.003285439295229215,0.6834821271343264,0.5417035070874417,1.0,0.670373222509861,-0.1696813071817046,-0.49598017434282554,0.447034419243343,0.060899578091385825,0.8097353523065256,0.5877531556401637,-0.5487896969824989,0.005267443966236017,0.6143826133644024
-0.687430821917812,-0.7501970161244413,-0.05720328442463338,-0.620129528065125,0.23305447806289023,-0.20753121362165272,0.6032201616760695,0.7066343121547879,0.670373222509861,1.0,-0.29708248940342846,-0.5581559634023552,0.41490801051978643,-0.11900666336199185,0.6498691486869663,0.5330396480770585,-0.6580500701682389,-0.2214093856439814,0.6291516640101115
0.4131801937791172,0.19024363942041586,0.4234285310351684,0.19053856562824958,0.15113186335213594,0.030605521092258673,-0.12609657862793464,-0.32284442085703907,-0.1696813071817046,-0.29708248940342846,1.0,-0.054886044299104694,0.02615552828718833,-0.1134517684239758,-0.16644642819836472,0.033989709915041355,0.26829984408707624,0.10885540071100358,-0.1841851930799609
0.5146700142687691,0.7423259353053032,-0.33018284364362543,0.09397502518354399,-0.43576965711350724,-0.2614605883544058,-0.5395974330482532,-0.580191847164758,-0.49598017434282554,-0.5581559634023552,-0.054886044299104694,1.0,-0.34489443849339513,-0.07130800708212283,-0.5837263852487474,-0.30826429783486675,0.539433845251095,-0.363751044268621,-0.564196190743275
-0.45650727652336204,-0.5160647700789373,0.2599097628228811,-0.14228832090612792,0.49066155802484984,0.2664232191403356,0.5763628146355582,0.408172347186818,0.447034419243343,0.41490801051978643,0.02615552828718833,-0.34489443849339513,1.0,0.2605043642351098,0.5019310164782628,0.46833098383703115,-0.34662619134662376,0.1664479231147779,0.3869186287904587
-0.28821967427758105,-0.3580006041281192,0.3200927403595719,0.12451579373466133,0.3933928351438484,0.6866476357654958,0.3309146952649622,0.10610839672437576,0.060899578091385825,-0.11900666336199185,-0.1134517684239758,-0.07130800708212283,0.2605043642351098,1.0,0.25469681401925937,0.04312043632348436,-0.15125970547331313,0.24969268771616535,0.25662810884627574
-0.7103437503696541,-0.8291687060629743,0.23292949507503158,-0.31151745192182456,0.47299077858036903,0.1314315025615233,0.710453419594094,0.5207370167828715,0.8097353523065256,0.6498691486869663,-0.16644642819836472,-0.5837263852487474,0.5019310164782628,0.25469681401925937,1.0,0.5356015150840389,-0.5785707308467453,0.03537320413872578,0.5639629283701301
-0.4303329202815143,-0.5529493955116674,0.10513101876668171,-0.33482771383576976,0.32204042088933355,0.00506528786400394,0.5093611362370938,0.5165835772055516,0.5877531556401637,0.5330396480770585,0.033989709915041355,-0.30826429783486675,0.46833098383703115,0.04312043632348436,0.5356015150840389,1.0,-0.35302098244796315,0.010256341736795412,0.48571378009580646
0.7685582277173105,0.7501422818200325,0.045022934547460744,0.4764002119675493,-0.20268396631689406,-0.060792382615707005,-0.49849826303172096,-0.5686077837766443,-0.5487896969824989,-0.6580500701682389,0.26829984408707624,0.539433845251095,-0.34662619134662376,-0.15125970547331313,-0.5785707308467453,-0.35302098244796315,1.0,0.01863231776717808,-0.45846927896780637
-0.0648487969606286,-0.2316256114355267,0.5139381203268825,0.5135603566467716,0.6005674820269824,0.6934986426930146,0.26538257721808395,0.07859772234516672,0.005267443966236017,-0.2214093856439814,0.10885540071100358,-0.363751044268621,0.1664479231147779,0.24969268771616535,0.03537320413872578,0.010256341736795412,0.01863231776717808,1.0,0.28125394417049526
-0.5949715139447721,-0.7003505923032559,0.17635338208021098,-0.21983072794098332,0.5078853124093096,0.3648470570896069,0.7533053868038556,0.8351931941448075,0.6143826133644024,0.6291516640101115,-0.1841851930799609,-0.564196190743275,0.3869186287904587,0.25662810884627574,0.5639629283701301,0.48571378009580646,-0.45846927896780637,0.28125394417049526,1.0
