0,1,2,3,4,5,6,7,8,9,10,11,12,13,14,15,16,17,18
1.0,0.7848216932210764,0.007024874120760199,0.5670757893700796,-0.18535241383541262,-0.18211179547962109,-0.38958703476994677,-0.632569549965632,-0.5823121746082778,-0.6920161753666465,0.5940420550293548,0.12800896849993562,-0.16703726040183364,-0.44803005098661725,-0.5813296616748602,-0.48675100408935357,0.8665186028810041,0.11485869600495467,-0.4751654062935034
0.7848216932210764,1.0,-0.2083474542062679,0.5428811412542636,-0.3795873940618166,-0.29171332052574944,-0.7596437152192325,-0.8494894178131285,-0.8246054535098857,-0.8884869892633434,0.19427930343882996,0.4521089962526371,-0.3475480984923954,-0.4872912485178124,-0.8303960934367967,-0.6867455242701418,0.7398583853642383,-0.08458201863440393,-0.7915631767461508
0.007024874120760199,-0.2083474542062679,1.0,-0.03546739924331281,0.3562585488560804,0.1580494859094279,0.389522236657005,0.2233417618013126,0.27142262554612406,0.2109895227718984,0.20106058794704074,-0.09810271136132565,0.12485833009630883,0.2795135660228991,0.27854776834585177,0.2669384909326667,0.021452352150793812,0.20771685778421234,0.328370378990962
0.5670757893700796,0.5428811412542636,-0.03546739924331281,1.0,-0.1062405472970075,0.3136018138068898,-0.32384693756823046,-0.48391914235963945,-0.5526693068109614,-0.6878000586587768,0.2775913367198109,0.07858536950921148,-0.08279173133162775,-0.12365737608370483,-0.5085884973099382,-0.4617908715411004,0.5369777497523527,0.44473949629815157,-0.36616930242117796
-0.18535241383541262,-0.3795873940618166,0.3562585488560804,-0.1062405472970075,1.0,0.21306240924279943,0.5253024230714096,0.4147741777634079,0.4514647157909228,0.40945064544662946,0.09140149413690042,-0.20201043535525748,0.23987977773136598,0.29945515590434973,0.4751681419136723,0.29369818543405185,-0.1894711717625493,0.20472812140957292,0.49458393253187644
-0.18211179547962109,-0.29171332052574944,0.1580494859094279,0.3136018138068898,0.21306240924279943,1.0,0.33721815879512557,0.28291379904083225,0.14964387041260493,-0.023773673262147195,-0.004378404901713951,-0.0752737964676485,0.21682996948677175,0.5740231629408971,0.15632220905788438,0.07737473499463213,-0.11054814965619554,0.5713884575263428,0.4131985450066107
-0.38958703476994677,-0.7596437152192325,0.389522236657005,-0.32384693756823046,0.5253024230714096,0.33721815879512557,1.0,0.7239335462845338,0.8077273218154712,0.7161110699758176,0.12492503056218593,-0.35745869961873517,0.37728006162741456,0.4778325385018384,0.798692192832978,0.6200590694853734,-0.3228666985903417,0.2044585245925538,0.8674855547776552
-0.632569549965632,-0.8494894178131285,0.2233417618013126,-0.48391914235963945,0.4147741777634079,0.28291379904083225,0.7239335462845338,1.0,0.7049675122476913,0.776133703510715,-0.15727804221980493,-0.4398899701752616,0.3289276296174326,0.40909631763232496,0.6514662780813578,0.5987720861445938,-0.6097172882559754,0.11593076120290705,0.8429006155674763
-0.5823121746082778,-0.8246054535098857,0.27142262554612406,-0.5526693068109614,0.4514647157909228,0.14964387041260493,0.8077273218154712,0.7049675122476913,1.0,0.8224949633388604,-0.186601595361931,-0.2695955388228694,0.3057454333107587,0.4416135830962538,0.9061856189830785,0.7184467491196889,-0.48959039715476,-0.019045981685089475,0.8322661041861613
-0.6920161753666465,-0.8884869892633434,0.2109895227718984,-0.6878000586587768,0.40945064544662946,-0.023773673262147195,0.7161110699758176,0.776133703510715,0.8224949633388604,1.0,-0.20962166741771684,-0.40662721299388277,0.3730909487600789,0.2755399694765913,0.7900403331396942,0.6566841143925561,-0.6411001485026214,-0.147887168349796,0.7333971015077465
0.5940420550293548,0.19427930343882996,0.20106058794704074,0.2775913367198109,0.09140149413690042,-0.004378404901713951,0.12492503056218593,-0.15727804221980493,-0.186601595361931,-0.20962166741771684,1.0,-0.4706733233463184,0.14929952037047126,-0.3722280723787598,-0.12542306540993287,-0.22934980148085374,0.4255717898927842,0.32014229402885186,-0.07093685156263375
0.12800896849993562,0.4521089962526371,-0.09810271136132565,0.07858536950921148,-0.20201043535525748,-0.0752737964676485,-0.35745869961873517,-0.4398899701752616,-0.2695955388228694,-0.40662721299388277,-0.4706733233463184,1.0,-0.2765342165243215,0.24157976367358908,-0.2784368218855561,-0.0917364296947733,0.2707216238605739,-0.37702698005997654,-0.2880950558339478
-0.16703726040183364,-0.3475480984923954,0.12485833009630883,-0.08279173133162775,0.23987977773136598,0.21682996948677175,0.37728006162741456,0.3289276296174326,0.3057454333107587,0.3730909487600789,0.14929952037047126,-0.2765342165243215,1.0,0.27577850090265693,0.3461624279701618,0.35904838793762345,-0.17471403358310603,0.2303496096540102,0.32419640925479987
-0.44803005098661725,-0.4872912485178124,0.2795135660228991,-0.12365737608370483,0.29945515590434973,0.5740231629408971,0.4778325385018384,0.40909631763232496,0.4416135830962538,0.2755399694765913,-0.3722280723787598,0.24157976367358908,0.27577850090265693,1.0,0.44683635273724726,0.5678708640936161,-0.3259563010055867,0.046160649767753685,0.5381175912617415
-0.5813296616748602,-0.8303960934367967,0.27854776834585177,-0.5085884973099382,0.4751681419136723,0.15632220905788438,0.798692192832978,0.6514662780813578,0.9061856189830785,0.7900403331396942,-0.12542306540993287,-0.2784368218855561,0.3461624279701618,0.44683635273724726,1.0,0.6865140866183637,-0.4869097610560157,-0.02292532825125087,0.7781292014220429
-0.48675100408935357,-0.6867455242701418,0.2669384909326667,-0.4617908715411004,0.29369818543405185,0.07737473499463213,0.6200590694853734,0.5987720861445938,0.7184467491196889,0.6566841143925561,-0.22934980148085374,-0.0917364296947733,0.35904838793762345,0.5678708640936161,0.6865140866183637,1.0,-0.4656672896957111,-0.13815836113359126,0.6161334019678116
0.8665186028810041,0.7398583853642383,0.021452352150793812,0.5369777497523527,-0.1894711717625493,-0.11054814965619554,-0.3228666985903417,-0.6097172882559754,-0.48959039715476,-0.6411001485026214,0.4255717898927842,0.2707216238605739,-0.17471403358310603,-0.3259563010055867,-0.4869097610560157,-0.4656672896957111,1.0,0.1396426322522868,-0.38871769597835815
0.11485869600495467,-0.08458201863440393,0.20771685778421234,0.44473949629815157,0.20472812140957292,0.5713884575263428,0.2044585245925538,0.11593076120290705,-0.019045981685089475,-0.147887168349796,0.32014229402885186,-0.37702698005997654,0.2303496096540102,0.046160649767753685,-0.02292532825125087,-0.13815836113359126,0.1396426322522868,1.0,0.2335042744017773
-0.4751654062935034,-0.7915631767461508,0.328370378990962,-0.36616930242117796,0.49458393253187644,0.4131985450066107,0.8674855547776552,0.8429006155674763,0.8322661041861613,0.7333971015077465,-0.07093685156263375,-0.2880950558339478,0.32419640925479987,0.5381175912617415,0.7781292014220429,0.6161334019678116,-0.38871769597835815,0.2335042744017773,1.0
