0,1,2,3,4,5,6,7,8,9,10,11,12,13,14,15,16,17,18
1.0,0.6854685038663672,0.24935474159409687,0.38947138861892816,0.03338126558207852,-0.05218973086094846,-0.3650600863456261,-0.5005845007690295,-0.5353431669698502,-0.4772544565117839,0.4931800038712649,0.2993852415803846,-0.0908703381477966,-0.24917886991917532,-0.5165586852714056,-0.3492963029868221,0.7716133084077736,0.03230287410697332,-0.4283049974989925
0.6854685038663672,1.0,-0.0740326842078119,0.3522660990214835,-0.33285932669984286,-0.20667760917432987,-0.5797032522644401,-0.6920443283170752,-0.6253544114379508,-0.7268269029002363,0.156842004049001,0.6583875689847002,-0.4392899193304378,-0.2370618073278256,-0.6653663207661038,-0.5701984150053906,0.6678759848386873,-0.19683428901970296,-0.6525199067226048
0.24935474159409687,-0.0740326842078119,1.0,0.3551895468470897,0.64983857162035,0.46244129766039577,0.28444759576427064,0.024936124839546013,-0.17628745479848956,-0.13506102126287295,0.40445705967051,-0.07134043559497635,0.5113358995872122,0.313370272403141,-0.0771241717629645,0.07065785252305286,0.08819207423870713,0.5014209237959477,0.14610526402749005
0.38947138861892816,0.3522660990214835,0.3551895468470897,1.0,0.2568876804810853,0.46118209212875705,-0.12388681143474306,-0.3266026526591018,-0.32937776015672915,-0.5686689928416482,0.036700039375469076,0.19274644525201157,-0.01834907352477926,0.202954456239868,-0.33676943724187536,-0.37618662246951867,0.38827269272495213,0.4405441254898814,-0.1355290382841262
0.03338126558207852,-0.33285932669984286,0.64983857162035,0.2568876804810853,1.0,0.5114869168098597,0.6433069584037452,0.36229123471300145,0.1656131452110872,0.1922510301843131,0.14507905066523913,-0.2643181347183161,0.649991982888485,0.3077019019202184,0.20295303862964134,0.24895455503157682,-0.06122285164628139,0.5745030097404666,0.5598053449831016
-0.05218973086094846,-0.20667760917432987,0.46244129766039577,0.46118209212875705,0.5114869168098597,1.0,0.28355432602088587,0.1473173492219298,-0.061401339788701374,-0.28920719172883824,-0.022995164878647088,-0.02808024450593358,0.29631842004168085,0.6675906707021613,-0.07255468309782949,-0.05590155180693636,-0.034340427334184194,0.6662273919549633,0.35732603501068616
-0.3650600863456261,-0.5797032522644401,0.28444759576427064,-0.12388681143474306,0.6433069584037452,0.28355432602088587,1.0,0.6055550225345806,0.5236847791483168,0.5085282743643412,-0.060484387393342026,-0.3932313668707109,0.6472987346618697,0.31185067613186024,0.551678763366551,0.48847063627027454,-0.37797303478514904,0.2486240159470629,0.7229616582180691
-0.5005845007690295,-0.6920443283170752,0.024936124839546013,-0.3266026526591018,0.36229123471300145,0.1473173492219298,0.6055550225345806,1.0,0.40924005571345007,0.5943923704983822,-0.22791834277390557,-0.4966594050198645,0.3726783806070902,0.12273539918342398,0.3379910587745465,0.44624536313301266,-0.47975459194466696,0.14635765655260338,0.8189863530861948
-0.5353431669698502,-0.6253544114379508,-0.17628745479848956,-0.32937776015672915,0.1656131452110872,-0.061401339788701374,0.5236847791483168,0.40924005571345007,1.0,0.6176639977858519,-0.24294068344674102,-0.42325635557637203,0.2521224472274578,-0.014164804638238408,0.7518140678437334,0.4211864699214164,-0.35976372422127273,-0.07091919679348883,0.5393167501157976
-0.4772544565117839,-0.7268269029002363,-0.13506102126287295,-0.5686689928416482,0.1922510301843131,-0.28920719172883824,0.5085282743643412,0.5943923704983822,0.6176639977858519,1.0,-0.1107786352213613,-0.6133047846300966,0.35361541582980877,-0.23448648582077206,0.5381307230991049,0.5486648267504408,-0.44771920490104306,-0.22927476048390064,0.556102684159995
0.4931800038712649,0.156842004049001,0.40445705967051,0.036700039375469076,0.14507905066523913,-0.022995164878647088,-0.060484387393342026,-0.22791834277390557,-0.24294068344674102,-0.1107786352213613,1.0,-0.12952554818339881,0.3323531860484958,-0.24478689060866876,-0.17296464505705414,-0.011074492116998302,0.22885629292543522,0.01965758650878706,-0.1821005341736866
0.2993852415803846,0.6583875689847002,-0.07134043559497635,0.19274644525201157,-0.2643181347183161,-0.02808024450593358,-0.3932313668707109,-0.4966594050198645,-0.42325635557637203,-0.6133047846300966,-0.12952554818339881,1.0,-0.356194557899399,0.23241483003671795,-0.4192316785097502,-0.32064869436620036,0.4304072663294036,-0.24873055278508133,-0.42566129602824637
-0.0908703381477966,-0.4392899193304378,0.5113358995872122,-0.01834907352477926,0.649991982888485,0.29631842004168085,0.6472987346618697,0.3726783806070902,0.2521224472274578,0.35361541582980877,0.3323531860484958,-0.356194557899399,1.0,0.22712714761344893,0.36124584436734686,0.380064498269295,-0.2105511954834833,0.3249360144738425,0.5056881707876921
-0.24917886991917532,-0.2370618073278256,0.313370272403141,0.202954456239868,0.3077019019202184,0.6675906707021613,0.31185067613186024,0.12273539918342398,-0.014164804638238408,-0.23448648582077206,-0.24478689060866876,0.23241483003671795,0.22712714761344893,1.0,0.05370144175799733,0.1979388426561794,-0.15640422810952026,0.30183123105500076,0.29493330832333353
-0.5165586852714056,-0.6653663207661038,-0.0771241717629645,-0.33676943724187536,0.20295303862964134,-0.07255468309782949,0.551678763366551,0.3379910587745465,0.7518140678437334,0.5381307230991049,-0.17296464505705414,-0.4192316785097502,0.36124584436734686,0.05370144175799733,1.0,0.515556659109546,-0.42716978386233134,-0.04511272096601611,0.42554906026244
-0.3492963029868221,-0.5701984150053906,0.07065785252305286,-0.37618662246951867,0.24895455503157682,-0.05590155180693636,0.48847063627027454,0.44624536313301266,0.4211864699214164,0.5486648267504408,-0.011074492116998302,-0.32064869436620036,0.380064498269295,0.1979388426561794,0.515556659109546,1.0,-0.31365697736963966,-0.10617072324255883,0.43618677552642954
0.7716133084077736,0.6678759848386873,0.08819207423870713,0.38827269272495213,-0.06122285164628139,-0.034340427334184194,-0.37797303478514904,-0.47975459194466696,-0.35976372422127273,-0.44771920490104306,0.22885629292543522,0.4304072663294036,-0.2105511954834833,-0.15640422810952026,-0.42716978386233134,-0.31365697736963966,1.0,-0.0069491764326427945,-0.3502633348484334
0.03230287410697332,-0.19683428901970296,0.5014209237959477,0.4405441254898814,0.5745030097404666,0.6662273919549633,0.2486240159470629,0.14635765655260338,-0.07091919679348883,-0.22927476048390064,0.01965758650878706,-0.24873055278508133,0.3249360144738425,0.30183123105500076,-0.04511272096601611,-0.10617072324255883,-0.0069491764326427945,1.0,0.34797821648397725
-0.4283049974989925,-0.6525199067226048,0.14610526402749005,-0.1355290382841262,0.5598053449831016,0.35732603501068616,0.7229616582180691,0.8189863530861948,0.5393167501157976,0.556102684159995,-0.1821005341736866,-0.42566129602824637,0.5056881707876921,0.29493330832333353,0.42554906026244,0.43618677552642954,-0.3502633348484334,0.34797821648397725,1.0
