0,1,2,3,4,5,6,7,8,9,10,11,12,13,14,15,16,17,18
1.0,0.5195907370725936,0.5888008717389659,0.4304152803938984,0.4303332198130302,0.1667662392919422,-0.002689618798244674,-0.29348222833236715,-0.39744593439412507,-0.4024105723875279,0.6698833241465432,0.0076925215038409905,0.3043069549567122,0.021676372923984756,-0.2726149644202398,-0.16920928669982166,0.6242966452588731,0.18146210406773478,-0.1417894855913573
0.5195907370725936,1.0,0.2638452500893932,0.5569278799867565,0.16680665153959384,0.09753842266309239,-0.20815933962265065,-0.6350117695838876,-0.461622665532856,-0.6674303429552533,0.09855683370225114,0.5583435883155992,-0.05461225654314754,0.07444718283907126,-0.4027561984518838,-0.26032802164212093,0.5883463067351089,0.1328487012412884,-0.405061558396115
0.5888008717389659,0.2638452500893932,1.0,0.49315927078238025,0.7988639467105799,0.3858618941251777,0.21412286984871548,-0.1422478195643325,-0.3705370764054002,-0.3682223423954889,0.624890269341017,-0.11677085469211276,0.5791182705750249,0.0804806070866294,-0.28959174723358433,-0.2106866631640599,0.35059279603797916,0.4760019871681949,-0.03328480030763447
0.4304152803938984,0.5569278799867565,0.49315927078238025,1.0,0.477234301747929,0.5916199671120191,-0.05549222579806876,-0.4237423664787985,-0.48292479092832097,-0.7466824044576507,0.16122896995164357,0.21012900785428662,0.09948386697224364,0.258164017578804,-0.45170190986477476,-0.3934288275281693,0.46691908187672776,0.5679180628010816,-0.14634523458858253
0.4303332198130302,0.16680665153959384,0.7988639467105799,0.477234301747929,1.0,0.5498282116368117,0.3452777821296388,0.006786031828879067,-0.336008807255159,-0.3556749589775991,0.4205452870971531,-0.08993018477678785,0.6333400895396316,0.21537334230520186,-0.3239215394280909,-0.14389013478777654,0.3267646956244228,0.6460960371787456,0.17388516531330084
0.1667662392919422,0.09753842266309239,0.3858618941251777,0.5916199671120191,0.5498282116368117,1.0,0.17520834478723601,0.03709880122360882,-0.38036399802042675,-0.6082398066878062,-0.030661754990028843,0.0651714708648219,0.21991760202476987,0.6255745527216479,-0.41518822715102144,-0.3157880812610207,0.23063012371847139,0.7352618052853743,0.3041342486486967
-0.002689618798244674,-0.20815933962265065,0.21412286984871548,-0.05549222579806876,0.3452777821296388,0.17520834478723601,1.0,0.3759249507957265,0.23393273621391272,0.13116329086623907,0.21622331337485348,-0.15769669374287668,0.6166392418364546,0.128168047877345,0.2625546242477325,-0.016882769402281055,-0.1093480955200778,0.09464697714029453,0.44488367657923283
-0.29348222833236715,-0.6350117695838876,-0.1422478195643325,-0.4237423664787985,0.006786031828879067,0.03709880122360882,0.3759249507957265,1.0,0.2248332203910121,0.4822678219665342,-0.14445394675628484,-0.39319220583372744,0.10957287119848945,-0.03878351432366322,0.11720637909565187,0.16663485350820734,-0.310439832568409,-0.026949428196524784,0.7479817048215752
-0.39744593439412507,-0.461622665532856,-0.3705370764054002,-0.48292479092832097,-0.336008807255159,-0.38036399802042675,0.23393273621391272,0.2248332203910121,1.0,0.5251817628369545,-0.15945202339860154,-0.12092207928186421,-0.03237116951457981,-0.2573128801188756,0.6168301174393713,0.3519083594858517,-0.3152173138678173,-0.41980887002059125,0.25255186762269155
-0.4024105723875279,-0.6674303429552533,-0.3682223423954889,-0.7466824044576507,-0.3556749589775991,-0.6082398066878062,0.13116329086623907,0.4822678219665342,0.5251817628369545,1.0,-0.06045071971538751,-0.4312471135154212,-0.06800842621313563,-0.5362407840321274,0.3572921816396442,0.32019778232940704,-0.3914108801281365,-0.5346711572258172,0.2651314481156897
0.6698833241465432,0.09855683370225114,0.624890269341017,0.16122896995164357,0.4205452870971531,-0.030661754990028843,0.21622331337485348,-0.14445394675628484,-0.15945202339860154,-0.06045071971538751,1.0,-0.3148234589704787,0.5629719329979656,-0.18802925525647243,-0.0104894076605481,-0.0714926523216555,0.23202314843454613,0.029912589255835703,-0.10140683587021616
0.0076925215038409905,0.5583435883155992,-0.11677085469211276,0.21012900785428662,-0.08993018477678785,0.0651714708648219,-0.15769669374287668,-0.39319220583372744,-0.12092207928186421,-0.4312471135154212,-0.3148234589704787,1.0,-0.17386430355600005,0.4065401383672479,-0.18431845392330432,0.00471039340040227,0.27652725788724125,-0.1355446432786668,-0.19048138628421754
0.3043069549567122,-0.05461225654314754,0.5791182705750249,0.09948386697224364,0.6333400895396316,0.21991760202476987,0.6166392418364546,0.10957287119848945,-0.03237116951457981,-0.06800842621313563,0.5629719329979656,-0.17386430355600005,1.0,0.17119408517161247,0.1231612246577358,0.049277341494560284,0.0963470054543828,0.17907674198225249,0.14306989566297726
0.021676372923984756,0.07444718283907126,0.0804806070866294,0.258164017578804,0.21537334230520186,0.6255745527216479,0.128168047877345,-0.03878351432366322,-0.2573128801188756,-0.5362407840321274,-0.18802925525647243,0.4065401383672479,0.17119408517161247,1.0,-0.22250283252957256,-0.02037587377941969,0.10747390052237667,0.21991909205940116,0.1273462135537618
-0.2726149644202398,-0.4027561984518838,-0.28959174723358433,-0.45170190986477476,-0.3239215394280909,-0.41518822715102144,0.2625546242477325,0.11720637909565187,0.6168301174393713,0.3572921816396442,-0.0104894076605481,-0.18431845392330432,0.1231612246577358,-0.22250283252957256,1.0,0.26673614951410135,-0.3506052949008947,-0.4409959020776043,0.10958997081950538
-0.16920928669982166,-0.26032802164212093,-0.2106866631640599,-0.3934288275281693,-0.14389013478777654,-0.3157880812610207,-0.016882769402281055,0.16663485350820734,0.3519083594858517,0.32019778232940704,-0.0714926523216555,0.00471039340040227,0.049277341494560284,-0.02037587377941969,0.26673614951410135,1.0,-0.10368499100790166,-0.36426288973739923,-0.007114042613077154
0.6242966452588731,0.5883463067351089,0.35059279603797916,0.46691908187672776,0.3267646956244228,0.23063012371847139,-0.1093480955200778,-0.310439832568409,-0.3152173138678173,-0.3914108801281365,0.23202314843454613,0.27652725788724125,0.0963470054543828,0.10747390052237667,-0.3506052949008947,-0.10368499100790166,1.0,0.2491853676500672,-0.09866843115993931
0.18146210406773478,0.1328487012412884,0.4760019871681949,0.5679180628010816,0.6460960371787456,0.7352618052853743,0.09464697714029453,-0.026949428196524784,-0.41980887002059125,-0.5346711572258172,0.029912589255835703,-0.1355446432786668,0.17907674198225249,0.21991909205940116,-0.4409959020776043,-0.36426288973739923,0.2491853676500672,1.0,0.23235100740595843
-0.1417894855913573,-0.405061558396115,-0.03328480030763447,-0.14634523458858253,0.17388516531330084,0.3041342486486967,0.44488367657923283,0.7479817048215752,0.25255186762269155,0.2651314481156897,-0.10140683587021616,-0.19048138628421754,0.14306989566297726,0.1273462135537618,0.10958997081950538,-0.007114042613077154,-0.09866843115993931,0.23235100740595843,1.0
