0,1,2,3,4,5,6,7,8,9,10,11,12,13,14,15,16,17,18
1.0,0.6387544749669755,0.501589301885425,0.45291132986040633,0.3333095413327657,0.3338859322801957,-0.49217460669181684,-0.48026384820471624,-0.4787565177414523,-0.4992156287905257,0.4166382839088685,0.5009606731628642,-0.28104474248677863,-0.41123853497652757,-0.40019736007938855,-0.7094727260880201,0.7961404278986577,0.2898754974443406,-0.49835414501159303
0.6387544749669755,1.0,0.229395627826882,0.5942888995999839,0.14038441546730782,0.39560947439032024,-0.48014435546205236,-0.4902712355526633,-0.38909178658812277,-0.43229146453309086,0.2546542801561924,0.8175579402202201,-0.3137977316402491,-0.23981056061318728,-0.2585962389394302,-0.5285964588735597,0.7083722046651332,0.287570743871299,-0.6271181709638243
0.501589301885425,0.229395627826882,1.0,0.4489422849809135,0.9391658039873668,0.48109650138803217,-0.044287309289958166,-0.1310104962868241,-0.5179808179937064,-0.37323670169543904,0.20572049878755586,0.13495118933197206,0.1700589181976399,-0.2076007440382049,-0.290091115467548,-0.48845065570384505,0.22402491605235267,0.6939932613328428,-0.12081199793852178
0.45291132986040633,0.5942888995999839,0.4489422849809135,1.0,0.4226695910173577,0.893448404516942,-0.11773093747655858,-0.22624524844115695,-0.571280141288729,-0.5271420818589326,-0.010041904067993174,0.41733198605466065,0.10473055941480473,0.08848282214381312,-0.1623233714270284,-0.5076858964292938,0.41322758910040797,0.6868473808639267,-0.22262639864135061
0.3333095413327657,0.14038441546730782,0.9391658039873668,0.4226695910173577,1.0,0.4430267223947464,0.12902447479244591,-0.05402561762173806,-0.4727164679327505,-0.2953141498959386,0.18022496436714258,0.03710115778371257,0.38171124158435693,-0.14195261982902846,-0.2544368951490363,-0.3841238617256181,0.04450359397774587,0.6936662488093872,-0.028837368939140236
0.3338859322801957,0.39560947439032024,0.48109650138803217,0.893448404516942,0.4430267223947464,1.0,-0.11230343157289868,0.0165225010090976,-0.5897605137957626,-0.4885372774313164,-0.13351975338861002,0.280503204667796,0.05618163302331525,0.23030261111618036,-0.1689021584205504,-0.43185846342517914,0.2728068216513879,0.7774033351340558,-0.04588794454969439
-0.49217460669181684,-0.48014435546205236,-0.044287309289958166,-0.11773093747655858,0.12902447479244591,-0.11230343157289868,1.0,0.26586700456969614,0.09988022587512714,0.25818445475084667,-0.1946339502581501,-0.5997566042797288,0.7779616671731333,0.21569517503497204,0.3967385820777953,0.4282717850130107,-0.5613974818269596,0.0994493692845363,0.5994918184677025
-0.48026384820471624,-0.4902712355526633,-0.1310104962868241,-0.22624524844115695,-0.05402561762173806,0.0165225010090976,0.26586700456969614,1.0,0.22954824700513024,0.46536560827295326,-0.45916831362163746,-0.515535347228514,0.04712478277273184,0.44195886558438147,0.21274620754919066,0.4265858867817512,-0.5326121353974081,0.07320063693889624,0.6360476906739521
-0.4787565177414523,-0.38909178658812277,-0.5179808179937064,-0.571280141288729,-0.4727164679327505,-0.5897605137957626,0.09988022587512714,0.22954824700513024,1.0,0.6451375351668753,-0.3477794545030228,-0.35843069394844745,-0.17925077606300524,-0.2041656151593831,0.3814748220494932,0.31322557962779024,-0.339192287974216,-0.47689377824864143,0.174389469425327
-0.4992156287905257,-0.43229146453309086,-0.37323670169543904,-0.5271420818589326,-0.2953141498959386,-0.4885372774313164,0.25818445475084667,0.46536560827295326,0.6451375351668753,1.0,-0.3647733183058465,-0.4562266399074653,0.05351887739471074,0.00027290032942322055,0.2024172475462287,0.5517435860680757,-0.44544602075420864,-0.31337433979595375,0.3311898271396736
0.4166382839088685,0.2546542801561924,0.20572049878755586,-0.010041904067993174,0.18022496436714258,-0.13351975338861002,-0.1946339502581501,-0.45916831362163746,-0.3477794545030228,-0.3647733183058465,1.0,0.17686092345138515,0.07504725125563509,-0.46576877283743934,-0.16890739797777798,-0.39198488988849467,0.22985341823105548,0.0064176085857525385,-0.4830023008794017
0.5009606731628642,0.8175579402202201,0.13495118933197206,0.41733198605466065,0.03710115778371257,0.280503204667796,-0.5997566042797288,-0.515535347228514,-0.35843069394844745,-0.4562266399074653,0.17686092345138515,1.0,-0.45899445631155833,-0.15051672006539088,-0.3370172095337502,-0.5115343828663939,0.5863471362582939,0.10304463568350786,-0.6785779448290422
-0.28104474248677863,-0.3137977316402491,0.1700589181976399,0.10473055941480473,0.38171124158435693,0.05618163302331525,0.7779616671731333,0.04712478277273184,-0.17925077606300524,0.05351887739471074,0.07504725125563509,-0.45899445631155833,1.0,0.13237199396340743,0.07805197038070691,0.27512979376349767,-0.4328562569866559,0.2290989956279667,0.306671580840548
-0.41123853497652757,-0.23981056061318728,-0.2076007440382049,0.08848282214381312,-0.14195261982902846,0.23030261111618036,0.21569517503497204,0.44195886558438147,-0.2041656151593831,0.00027290032942322055,-0.46576877283743934,-0.15051672006539088,0.13237199396340743,1.0,0.12262413647557963,0.2990403961706505,-0.3606478791384813,0.002019325559205922,0.28693351634251396
-0.40019736007938855,-0.2585962389394302,-0.290091115467548,-0.1623233714270284,-0.2544368951490363,-0.1689021584205504,0.3967385820777953,0.21274620754919066,0.3814748220494932,0.2024172475462287,-0.16890739797777798,-0.3370172095337502,0.07805197038070691,0.12262413647557963,1.0,0.31629024557445456,-0.30056709503139667,-0.11378900078259414,0.20952269461749132
-0.7094727260880201,-0.5285964588735597,-0.48845065570384505,-0.5076858964292938,-0.3841238617256181,-0.43185846342517914,0.4282717850130107,0.4265858867817512,0.31322557962779024,0.5517435860680757,-0.39198488988849467,-0.5115343828663939,0.27512979376349767,0.2990403961706505,0.31629024557445456,1.0,-0.5762268339884441,-0.3686028924598666,0.32359367583419457
0.7961404278986577,0.7083722046651332,0.22402491605235267,0.41322758910040797,0.04450359397774587,0.2728068216513879,-0.5613974818269596,-0.5326121353974081,-0.339192287974216,-0.44544602075420864,0.22985341823105548,0.5863471362582939,-0.4328562569866559,-0.3606478791384813,-0.30056709503139667,-0.5762268339884441,1.0,0.12012242514102602,-0.5264215393328175
0.2898754974443406,0.287570743871299,0.6939932613328428,0.6868473808639267,0.6936662488093872,0.7774033351340558,0.0994493692845363,0.07320063693889624,-0.47689377824864143,-0.31337433979595375,0.0064176085857525385,0.10304463568350786,0.2290989956279667,0.002019325559205922,-0.11378900078259414,-0.3686028924598666,0.12012242514102602,1.0,0.02193871406452827
-0.49835414501159303,-0.6271181709638243,-0.12081199793852178,-0.22262639864135061,-0.028837368939140236,-0.04588794454969439,0.5994918184677025,0.6360476906739521,0.174389469425327,0.3311898271396736,-0.4830023008794017,-0.6785779448290422,0.306671580840548,0.28693351634251396,0.20952269461749132,0.32359367583419457,-0.5264215393328175,0.02193871406452827,1.0
