0,1,2,3,4,5,6,7,8,9,10,11,12,13,14,15,16,17,18
1.0,0.2882711817148067,0.6702871058305332,0.165919868606521,0.4968678312445657,-0.014441000060110792,-0.37541335018922417,-0.5472075046083361,-0.4249728870004985,-0.5579308704209242,0.5086427206897483,0.1534086354593633,-0.21918998112775787,-0.5049289727512611,-0.16542917131274468,-0.566179349921388,0.788885189290317,0.042622005002792555,-0.2942940296528859
0.2882711817148067,1.0,0.08657559587926959,0.60670366851158,0.05154059884098672,0.49738638043105526,-0.303291817278767,0.037856103800394475,-0.4506560548456162,-0.15204623368867706,0.024607252128205175,0.6653649473146183,-0.10158747893596062,0.1728402168559522,-0.3852231560811601,-0.16341619707512545,0.38535901657145893,0.42787431338928633,-0.4452252670696695
0.6702871058305332,0.08657559587926959,1.0,0.15464907809967743,0.8987638758058697,0.05609666931760751,-0.3424278172062886,-0.3353967096615135,-0.35465188470640074,-0.5019231571988672,0.45330422553903826,0.14528234616167088,-0.30695807565381494,-0.46028058982482234,-0.1172569515406238,-0.658729137456227,0.46974812602645405,0.31311350478456335,-0.11721070777757404
0.165919868606521,0.60670366851158,0.15464907809967743,1.0,0.20194383702437152,0.9089134765450991,-0.015000175844015261,0.09123134419284837,-0.55795600351232,-0.17981972008439265,-0.17916746573271686,0.2784440972365116,0.23279134884344327,0.3596680491589152,-0.46914948417348484,-0.0809326524411525,0.1479629549109022,0.7377428287634674,-0.09722754732318217
0.4968678312445657,0.05154059884098672,0.8987638758058697,0.20194383702437152,1.0,0.09545610725186349,-0.055580096088432875,-0.2629783070924362,-0.3780762724354648,-0.3866195676247991,0.3162821884229766,-0.013340400683930902,-0.05265014391533624,-0.2654560453480363,-0.20260043911224482,-0.4605757942702634,0.25911245387361603,0.3403676691665796,0.02254269452822207
-0.014441000060110792,0.49738638043105526,0.05609666931760751,0.9089134765450991,0.09545610725186349,1.0,-0.051849554927959104,0.29908242567357757,-0.5095068152908316,-0.11404085317726165,-0.259901995181183,0.260858731268559,0.17554803983384798,0.46756328180475715,-0.4599791222945567,-0.009720597627325262,-0.018765464479901347,0.8280485617119164,-0.028620103916728267
-0.37541335018922417,-0.303291817278767,-0.3424278172062886,-0.015000175844015261,-0.055580096088432875,-0.051849554927959104,1.0,0.0366824038999475,0.13036425828562045,0.37056411974180314,-0.4745551147311808,-0.69876668563558,0.8275413757357797,0.3514738438573787,0.1341975954181047,0.6700387168943673,-0.3993083561495579,-0.13787280097988605,0.5293608367840451
-0.5472075046083361,0.037856103800394475,-0.3353967096615135,0.09123134419284837,-0.2629783070924362,0.29908242567357757,0.0366824038999475,1.0,0.17146556391175524,0.5878275647987482,-0.42004904606261756,0.09281321367875384,-0.05496492452517586,0.4165103056738147,-0.06339683390714139,0.27266899211449597,-0.5102508702434834,0.2852461805341175,0.32350424688297774
-0.4249728870004985,-0.4506560548456162,-0.35465188470640074,-0.55795600351232,-0.3780762724354648,-0.5095068152908316,0.13036425828562045,0.17146556391175524,1.0,0.4222016471367125,-0.33013194468894136,-0.2548584157512049,-0.13297417513359355,-0.30462318095707586,0.5654007613799594,0.08034816700862292,-0.22856388865103747,-0.4300060072635476,0.3041643284788474
-0.5579308704209242,-0.15204623368867706,-0.5019231571988672,-0.17981972008439265,-0.3866195676247991,-0.11404085317726165,0.37056411974180314,0.5878275647987482,0.4222016471367125,1.0,-0.521917554009152,-0.25553598391612814,0.24625630265826104,0.21934786778052795,0.009939281863428307,0.6029479455557323,-0.48480304842131544,-0.14509021704232922,0.34704793497308223
0.5086427206897483,0.024607252128205175,0.45330422553903826,-0.17916746573271686,0.3162821884229766,-0.259901995181183,-0.4745551147311808,-0.42004904606261756,-0.33013194468894136,-0.521917554009152,1.0,0.11846971153711322,-0.3033950082604149,-0.5054064677094654,-0.052635936719857564,-0.5917328634525277,0.2948712286682081,-0.1145274568961603,-0.43887183081375475
0.1534086354593633,0.6653649473146183,0.14528234616167088,0.2784440972365116,-0.013340400683930902,0.260858731268559,-0.69876668563558,0.09281321367875384,-0.2548584157512049,-0.25553598391612814,0.11846971153711322,1.0,-0.6334506807680139,0.03572363778409517,-0.1805341371182264,-0.43190680045822133,0.27032358352489494,0.28085699889615867,-0.5671985309660211
-0.21918998112775787,-0.10158747893596062,-0.30695807565381494,0.23279134884344327,-0.05265014391533624,0.17554803983384798,0.8275413757357797,-0.05496492452517586,-0.13297417513359355,0.24625630265826104,-0.3033950082604149,-0.6334506807680139,1.0,0.38103392333466274,-0.18021407847875115,0.5880868506698739,-0.3015563795646535,0.017701385044484187,0.3679244662284316
-0.5049289727512611,0.1728402168559522,-0.46028058982482234,0.3596680491589152,-0.2654560453480363,0.46756328180475715,0.3514738438573787,0.4165103056738147,-0.30462318095707586,0.21934786778052795,-0.5054064677094654,0.03572363778409517,0.38103392333466274,1.0,-0.30660500280576264,0.5513063517526122,-0.49494282959315666,0.2716442862691544,-0.023406092857458496
-0.16542917131274468,-0.3852231560811601,-0.1172569515406238,-0.46914948417348484,-0.20260043911224482,-0.4599791222945567,0.1341975954181047,-0.06339683390714139,0.5654007613799594,0.009939281863428307,-0.052635936719857564,-0.1805341371182264,-0.18021407847875115,-0.30660500280576264,1.0,-0.0004100514241800597,-0.056887089574159916,-0.3589037326573903,0.1701868084860084
-0.566179349921388,-0.16341619707512545,-0.658729137456227,-0.0809326524411525,-0.4605757942702634,-0.009720597627325262,0.6700387168943673,0.27266899211449597,0.08034816700862292,0.6029479455557323,-0.5917328634525277,-0.43190680045822133,0.5880868506698739,0.5513063517526122,-0.0004100514241800597,1.0,-0.5458552705856868,-0.1677995974036747,0.1775444183235388
0.788885189290317,0.38535901657145893,0.46974812602645405,0.1479629549109022,0.25911245387361603,-0.018765464479901347,-0.3993083561495579,-0.5102508702434834,-0.22856388865103747,-0.48480304842131544,0.2948712286682081,0.27032358352489494,-0.3015563795646535,-0.49494282959315666,-0.056887089574159916,-0.5458552705856868,1.0,-0.006233735886546543,-0.23236716975765098
0.042622005002792555,0.42787431338928633,0.31311350478456335,0.7377428287634674,0.3403676691665796,0.8280485617119164,-0.13787280097988605,0.2852461805341175,-0.4300060072635476,-0.14509021704232922,-0.1145274568961603,0.28085699889615867,0.017701385044484187,0.2716442862691544,-0.3589037326573903,-0.1677995974036747,-0.006233735886546543,1.0,-0.04640085132959585
-0.2942940296528859,-0.4452252670696695,-0.11721070777757404,-0.09722754732318217,0.02254269452822207,-0.028620103916728267,0.5293608367840451,0.32350424688297774,0.3041643284788474,0.34704793497308223,-0.43887183081375475,-0.5671985309660211,0.3679244662284316,-0.023406092857458496,0.1701868084860084,0.1775444183235388,-0.23236716975765098,-0.04640085132959585,1.0
