0,1,2,3,4,5,6,7,8,9,10,11,12,13,14,15,16,17,18
1.0,0.6505332516195396,0.7962390143152931,-0.269617153062551,0.5930208659575724,-0.4010911293326217,-0.8317300995131197,-0.21458677428968698,0.18138045756754165,-0.8422806026452634,0.6869536251770648,0.7095565261169312,-0.7821778729310896,-0.7966120567685061,0.3449855391134112,-0.8037220732897399,0.9318148908748399,0.12248735793517719,-0.04049519445793364
0.6505332516195396,1.0,0.4726072573560819,0.13293018586707997,0.36943153563112363,-0.06794436614376663,-0.5635428033707387,-0.11659341049295208,0.046460183193615216,-0.5251894781645706,0.3789147492493809,0.7697616352034968,-0.5323048607553786,-0.46402739698552736,0.1612032496346044,-0.5359951246992736,0.6647871737028319,0.2889104513691344,-0.3781496348722838
0.7962390143152931,0.4726072573560819,1.0,-0.14352009044503167,0.8890191187368821,-0.20456662533684442,-0.7193758581203314,-0.05126805848752803,0.18693984217352164,-0.7895814534889882,0.4931512319525295,0.5992359934180876,-0.684181977387436,-0.6830831249796191,0.35674471408989267,-0.8025725870308996,0.7353147728573917,0.43887361902384975,0.17209671029853693
-0.269617153062551,0.13293018586707997,-0.14352009044503167,1.0,-0.036997598977709746,0.9281691516610925,0.4514683368575328,-0.029318310174258254,-0.5915670323314343,0.26589066580600806,-0.4157219058879813,-0.2092091513103403,0.44010922464638824,0.5878080895671514,-0.48834596824118337,0.26166118914187464,-0.30189306857539455,0.5604952342745432,-0.26700826661963317
0.5930208659575724,0.36943153563112363,0.8890191187368821,-0.036997598977709746,1.0,-0.08890812619785105,-0.47554820423125227,-0.0609354916280851,0.10744403050617049,-0.6064359728701508,0.3240855177388666,0.3942902352647562,-0.44073391250008764,-0.4814691255644267,0.24340091071023742,-0.6473771700216937,0.5155762193141544,0.500532079424746,0.22659556592615532
-0.4010911293326217,-0.06794436614376663,-0.20456662533684442,0.9281691516610925,-0.08890812619785105,1.0,0.5244386443686327,0.08237811268415798,-0.5875630128555529,0.35912780299292424,-0.5014250336554285,-0.34399567600698455,0.5052680497875389,0.6732337986505947,-0.5027023137016904,0.3519294723950097,-0.4369612500454267,0.5794603196845761,-0.1842828696141442
-0.8317300995131197,-0.5635428033707387,-0.7193758581203314,0.4514683368575328,-0.47554820423125227,0.5244386443686327,1.0,-0.030039517829331563,-0.4850004196549612,0.8182151407069818,-0.591027279147823,-0.8457815798834379,0.9594182222769034,0.8757315664248598,-0.5418791436133567,0.8346983384333607,-0.8713069004379518,-0.045988430464091005,-0.01801080838949072
-0.21458677428968698,-0.11659341049295208,-0.05126805848752803,-0.029318310174258254,-0.0609354916280851,0.08237811268415798,-0.030039517829331563,1.0,0.19706787896851413,0.23193606847751488,-0.25290709331933464,0.03936407054759036,-0.02099639138618564,0.11279704942178137,0.14884231030079847,0.04132104915962021,-0.15078222299042762,0.09284894232516767,0.21847489486656826
0.18138045756754165,0.046460183193615216,0.18693984217352164,-0.5915670323314343,0.10744403050617049,-0.5875630128555529,-0.4850004196549612,0.19706787896851413,1.0,-0.22652818688930285,0.038924317577387964,0.29037460108789537,-0.5136013253131609,-0.529535203905837,0.7946119460674457,-0.5048884198445686,0.31119436286922114,-0.15810801779975425,0.40434518653119633
-0.8422806026452634,-0.5251894781645706,-0.7895814534889882,0.26589066580600806,-0.6064359728701508,0.35912780299292424,0.8182151407069818,0.23193606847751488,-0.22652818688930285,1.0,-0.5996299224940147,-0.7164074562831056,0.788113667357741,0.7655710238768483,-0.42390166991591927,0.8167992722048242,-0.8601947734848365,-0.13153510804644358,-0.07691854301837092
0.6869536251770648,0.3789147492493809,0.4931512319525295,-0.4157219058879813,0.3240855177388666,-0.5014250336554285,-0.591027279147823,-0.25290709331933464,0.038924317577387964,-0.5996299224940147,1.0,0.4513783832938208,-0.5320128125757843,-0.6762128375695896,0.1957541748127013,-0.5224556567912364,0.574087470536036,-0.08755200052805578,-0.22837942101792003
0.7095565261169312,0.7697616352034968,0.5992359934180876,-0.2092091513103403,0.3942902352647562,-0.34399567600698455,-0.8457815798834379,0.03936407054759036,0.29037460108789537,-0.7164074562831056,0.4513783832938208,1.0,-0.8390377933555658,-0.748939842141903,0.35220977832836203,-0.6772063727780299,0.7670793218158971,0.12352878301687312,-0.20084153385521877
-0.7821778729310896,-0.5323048607553786,-0.684181977387436,0.44010922464638824,-0.44073391250008764,0.5052680497875389,0.9594182222769034,-0.02099639138618564,-0.5136013253131609,0.788113667357741,-0.5320128125757843,-0.8390377933555658,1.0,0.8602381789421704,-0.551049391262742,0.8104137065823315,-0.8326864330717835,-0.037329200321540315,-0.05322812367319901
-0.7966120567685061,-0.46402739698552736,-0.6830831249796191,0.5878080895671514,-0.4814691255644267,0.6732337986505947,0.8757315664248598,0.11279704942178137,-0.529535203905837,0.7655710238768483,-0.6762128375695896,-0.748939842141903,0.8602381789421704,1.0,-0.5198941480923421,0.7243203282987146,-0.8133176606880986,0.03993333088336507,-0.1335059170160601
0.3449855391134112,0.1612032496346044,0.35674471408989267,-0.48834596824118337,0.24340091071023742,-0.5027023137016904,-0.5418791436133567,0.14884231030079847,0.7946119460674457,-0.42390166991591927,0.1957541748127013,0.35220977832836203,-0.551049391262742,-0.5198941480923421,1.0,-0.6306275678359123,0.43533729917369046,-0.027186370174702892,0.35262474874939254
-0.8037220732897399,-0.5359951246992736,-0.8025725870308996,0.26166118914187464,-0.6473771700216937,0.3519294723950097,0.8346983384333607,0.04132104915962021,-0.5048884198445686,0.8167992722048242,-0.5224556567912364,-0.6772063727780299,0.8104137065823315,0.7243203282987146,-0.6306275678359123,1.0,-0.829981636364675,-0.23159831774742798,-0.24711458370128656
0.9318148908748399,0.6647871737028319,0.7353147728573917,-0.30189306857539455,0.5155762193141544,-0.4369612500454267,-0.8713069004379518,-0.15078222299042762,0.31119436286922114,-0.8601947734848365,0.574087470536036,0.7670793218158971,-0.8326864330717835,-0.8133176606880986,0.43533729917369046,-0.829981636364675,1.0,0.06046224899534029,0.03555281399195326
0.12248735793517719,0.2889104513691344,0.43887361902384975,0.5604952342745432,0.500532079424746,0.5794603196845761,-0.045988430464091005,0.09284894232516767,-0.15810801779975425,-0.13153510804644358,-0.08755200052805578,0.12352878301687312,-0.037329200321540315,0.03993333088336507,-0.027186370174702892,-0.23159831774742798,0.06046224899534029,1.0,-0.0248785877780609
-0.04049519445793364,-0.3781496348722838,0.17209671029853693,-0.26700826661963317,0.22659556592615532,-0.1842828696141442,-0.01801080838949072,0.21847489486656826,0.40434518653119633,-0.07691854301837092,-0.22837942101792003,-0.20084153385521877,-0.05322812367319901,-0.1335059170160601,0.35262474874939254,-0.24711458370128656,0.03555281399195326,-0.0248785877780609,1.0
