0,1,2,3,4,5,6,7,8,9,10,11,12,13,14,15,16,17,18
1.0,0.35012501335404134,0.6795909969807078,0.3549296700726201,0.32025175517483656,-0.03954206936972254,-0.45887572766991097,-0.23852607953225138,-0.42900435396852327,-0.476364176475792,0.4957713002974872,0.225759176683119,-0.20013447859186997,-0.4342980268600323,-0.08349473062145563,-0.5383948873953319,0.6973569944571563,0.18065724448492324,-0.26712684704771633
0.35012501335404134,1.0,0.19376756382352284,0.49299992006508647,0.1488924705528659,0.33044782953790275,-0.08292803453623523,-0.03170199127211552,-0.2320511712192339,-0.12621332798679236,0.0033236941247947664,0.5861061876900336,-0.04570078066154117,0.02312140644024937,-0.02639907752778894,-0.19044706702024727,0.18226472491008705,0.3185447039026954,-0.30238950106868395
0.6795909969807078,0.19376756382352284,1.0,0.33573308979640126,0.8096994277182105,0.11610254260859353,-0.38460020468308875,-0.19970340874033593,-0.37870529345419335,-0.39952458768852994,0.3406116239150616,0.1985877722565491,-0.11884170773831866,-0.3615711059385253,-0.15892985285787664,-0.5377871556929424,0.446590161728808,0.46624551870519343,-0.16800994777604422
0.3549296700726201,0.49299992006508647,0.33573308979640126,1.0,0.26981128755198136,0.5824830516336001,0.20391931394819462,0.31857105525460516,-0.35482598176358754,-0.16288578096292852,-0.0795612102711107,0.03167580813926848,0.2995199642227055,0.28337859575279567,0.03461324170449806,-0.12927296312875736,0.08821606143543056,0.5371043145293605,0.007049890173613772
0.32025175517483656,0.1488924705528659,0.8096994277182105,0.26981128755198136,1.0,0.2010488861879651,-0.03966026789245412,-0.15767588284566705,-0.391739770871734,-0.19716798256778287,0.2412769401002938,0.07297907553755244,0.200066260783704,-0.13419868347414624,-0.265225385073482,-0.24064430525351002,0.06170446313132123,0.48008321663006015,-0.15662412134852707
-0.03954206936972254,0.33044782953790275,0.11610254260859353,0.5824830516336001,0.2010488861879651,1.0,0.026382355258521163,0.2151802246647126,-0.3632075509281255,-0.21132533035829354,-0.28058509815973204,0.25895704782789797,-0.00832951159155757,0.46560356516049334,-0.022902180444542373,-0.1359905518767853,-0.169593371497696,0.7083091067010643,0.07066695110388006
-0.45887572766991097,-0.08292803453623523,-0.38460020468308875,0.20391931394819462,-0.03966026789245412,0.026382355258521163,1.0,0.4250009301639857,0.03323102746597343,0.4997415679754123,-0.31367485236134357,-0.5835251271524962,0.8071150790599506,0.5108651908933936,0.1274711573045187,0.6993376716053663,-0.5341369896331507,-0.06884720199013307,0.24965508665669112
-0.23852607953225138,-0.03170199127211552,-0.19970340874033593,0.31857105525460516,-0.15767588284566705,0.2151802246647126,0.4250009301639857,1.0,0.14919683126693503,0.4490747998222029,-0.40910766899386475,-0.37791177122320646,0.3407772429515339,0.5053300950210695,0.08149460050737255,0.2381916003218611,-0.351291751276958,0.18382880338566904,0.5690765187630688
-0.42900435396852327,-0.2320511712192339,-0.37870529345419335,-0.35482598176358754,-0.391739770871734,-0.3632075509281255,0.03323102746597343,0.14919683126693503,1.0,0.45820042089677643,-0.40567117309375683,-0.14595031036449488,-0.20701381364737967,-0.2466319287951283,0.337379362383028,-0.0328684056830867,-0.15294076790116268,-0.2670936823307113,0.2661412634588679
-0.476364176475792,-0.12621332798679236,-0.39952458768852994,-0.16288578096292852,-0.19716798256778287,-0.21132533035829354,0.4997415679754123,0.4490747998222029,0.45820042089677643,1.0,-0.3533029930920761,-0.4139271181464842,0.3808841047317788,0.15449696250722111,-0.061628588939294085,0.553553079321081,-0.521605795813189,-0.22353504881290157,0.20124345099545546
0.4957713002974872,0.0033236941247947664,0.3406116239150616,-0.0795612102711107,0.2412769401002938,-0.28058509815973204,-0.31367485236134357,-0.40910766899386475,-0.40567117309375683,-0.3533029930920761,1.0,0.05696868223830936,-0.06646524579931516,-0.4425209620821896,-0.054141065953018916,-0.34440793596005026,0.2840689437479779,-0.09440722192899033,-0.46071686348229757
0.225759176683119,0.5861061876900336,0.1985877722565491,0.03167580813926848,0.07297907553755244,0.25895704782789797,-0.5835251271524962,-0.37791177122320646,-0.14595031036449488,-0.4139271181464842,0.05696868223830936,1.0,-0.5997156441279974,-0.2508658573043596,-0.11000340303353809,-0.4937549533713986,0.267090422682371,0.25633413399042354,-0.34877914242458546
-0.20013447859186997,-0.04570078066154117,-0.11884170773831866,0.2995199642227055,0.200066260783704,-0.00832951159155757,0.8071150790599506,0.3407772429515339,-0.20701381364737967,0.3808841047317788,-0.06646524579931516,-0.5997156441279974,1.0,0.4837191481081197,-0.16731536416902462,0.6600560533240509,-0.46539213604625806,-0.07633052647868037,-0.01355441490270624
-0.4342980268600323,0.02312140644024937,-0.3615711059385253,0.28337859575279567,-0.13419868347414624,0.46560356516049334,0.5108651908933936,0.5053300950210695,-0.2466319287951283,0.15449696250722111,-0.4425209620821896,-0.2508658573043596,0.4837191481081197,1.0,-0.060296241353136326,0.48856353280064524,-0.550046781149507,0.08222802359330028,0.1324889470670598
-0.08349473062145563,-0.02639907752778894,-0.15892985285787664,0.03461324170449806,-0.265225385073482,-0.022902180444542373,0.1274711573045187,0.08149460050737255,0.337379362383028,-0.061628588939294085,-0.054141065953018916,-0.11000340303353809,-0.16731536416902462,-0.060296241353136326,1.0,-0.16145296042171275,0.13642332809524044,0.08135060437203379,0.18551004725504464
-0.5383948873953319,-0.19044706702024727,-0.5377871556929424,-0.12927296312875736,-0.24064430525351002,-0.1359905518767853,0.6993376716053663,0.2381916003218611,-0.0328684056830867,0.553553079321081,-0.34440793596005026,-0.4937549533713986,0.6600560533240509,0.48856353280064524,-0.16145296042171275,1.0,-0.5967617966832297,-0.3161353038690108,-0.05094043741536815
0.6973569944571563,0.18226472491008705,0.446590161728808,0.08821606143543056,0.06170446313132123,-0.169593371497696,-0.5341369896331507,-0.351291751276958,-0.15294076790116268,-0.521605795813189,0.2840689437479779,0.267090422682371,-0.46539213604625806,-0.550046781149507,0.13642332809524044,-0.5967617966832297,1.0,0.051293150367043745,-0.09243255429752258
0.18065724448492324,0.3185447039026954,0.46624551870519343,0.5371043145293605,0.48008321663006015,0.7083091067010643,-0.06884720199013307,0.18382880338566904,-0.2670936823307113,-0.22353504881290157,-0.09440722192899033,0.25633413399042354,-0.07633052647868037,0.08222802359330028,0.08135060437203379,-0.3161353038690108,0.051293150367043745,1.0,0.06375390688141683
-0.26712684704771633,-0.30238950106868395,-0.16800994777604422,0.007049890173613772,-0.15662412134852707,0.07066695110388006,0.24965508665669112,0.5690765187630688,0.2661412634588679,0.20124345099545546,-0.46071686348229757,-0.34877914242458546,-0.01355441490270624,0.1324889470670598,0.18551004725504464,-0.05094043741536815,-0.09243255429752258,0.06375390688141683,1.0
