0,1,2,3,4,5,6,7,8,9,10,11,12,13,14,15,16,17,18
1.0,0.01033688391383965,0.919912357588815,0.24022489769439243,-0.07759317560384442,0.22344193282394095,0.4532520812288407,0.25014155490350803,0.4177279820061992,0.12633050433669174,0.40586591407190153,0.1684711938306413,0.7018401370995925,0.5169701780198291,0.4974475341758703,0.10652092061579449,0.6528485588898306,0.23009426515772533,0.5039581031616207
0.01033688391383965,1.0,0.23159569372587505,0.5924410368043864,0.2912536920557135,0.5346220217675363,0.04274396366101895,0.28911350916157375,-0.10433293344088491,0.23701414412094918,0.247243307322318,0.7754775712516626,-0.14555436296104066,0.30580715602570013,-0.1381798750143464,0.25212168535018886,0.3493129936459943,0.3890373731090885,0.025912475926996553
0.919912357588815,0.23159569372587505,1.0,0.2408022116816443,0.014264630034265417,0.25809625788798135,0.42309551736102885,0.25602330106859766,0.34732665506292576,0.13674905267965307,0.2454111630888133,0.23185706744245613,0.536583003036546,0.4212271044568205,0.354779730491959,0.08240392368851655,0.5523098481750778,0.25482540301384904,0.47185749417302886
0.24022489769439243,0.5924410368043864,0.2408022116816443,1.0,0.5492571959852811,0.8430833971719893,0.18286963331877037,0.5115963128507501,-0.1039330903025806,0.38976610359820624,0.2731413684025169,0.6395759231607043,-0.06388222943739072,0.5015815574041351,0.058112050465775646,0.4201274292625341,0.6413180925509057,0.7061706722278339,0.15630025254788818
-0.07759317560384442,0.2912536920557135,0.014264630034265417,0.5492571959852811,1.0,0.5330652142231345,0.3912190895119966,0.3594576522898853,-0.02859131282195776,0.2885865857913746,-0.021519716506663168,0.41526674422301285,-0.22318997338316343,0.15458469484732615,0.1269797504397721,0.24732289738241017,0.34496437109137446,0.569034221036966,0.27668996302795246
0.22344193282394095,0.5346220217675363,0.25809625788798135,0.8430833971719893,0.5330652142231345,1.0,0.2828763025593266,0.6655713736089595,-0.011697005511189965,0.4698722870828911,0.2855948941563459,0.46519263813839284,0.013198110334278092,0.4998135919787249,0.07345339097294516,0.4405278533456295,0.5213660648686881,0.8625687354852097,0.33184637002980577
0.4532520812288407,0.04274396366101895,0.42309551736102885,0.18286963331877037,0.3912190895119966,0.2828763025593266,1.0,0.3312669285726246,0.7321347998705626,0.1772049439989815,0.19161804586233727,0.2858211437263816,0.6286065335735496,0.4704506447162744,0.8009150633638369,0.16083175585974016,0.5779625674114518,0.3455036850461018,0.8127740297798827
0.25014155490350803,0.28911350916157375,0.25602330106859766,0.5115963128507501,0.3594576522898853,0.6655713736089595,0.3312669285726246,1.0,0.22490047511867492,0.8696806639462255,0.19778013935858424,0.23848002471795435,0.06607685477771856,0.3857317650380252,0.19981433811100957,0.6054404646701576,0.3171881327736894,0.5734076763370258,0.5082521874439658
0.4177279820061992,-0.10433293344088491,0.34732665506292576,-0.1039330903025806,-0.02859131282195776,-0.011697005511189965,0.7321347998705626,0.22490047511867492,1.0,0.16344580110668527,0.21482963217870207,0.08081716789680277,0.6449719385434661,0.3388539013260242,0.77423033632287,0.09210177837606745,0.3803878778809868,0.06059563534605671,0.6701406705188406
0.12633050433669174,0.23701414412094918,0.13674905267965307,0.38976610359820624,0.2885865857913746,0.4698722870828911,0.1772049439989815,0.8696806639462255,0.16344580110668527,1.0,0.06699959509881374,0.20860347704657298,-0.060663469411499124,0.22554647528378247,0.09497443931484602,0.6599860283061589,0.1941220081606434,0.3786127454131788,0.3199142934111849
0.40586591407190153,0.247243307322318,0.2454111630888133,0.2731413684025169,-0.021519716506663168,0.2855948941563459,0.19161804586233727,0.19778013935858424,0.21482963217870207,0.06699959509881374,1.0,0.19476763623338253,0.4869733078474326,0.4067695162724361,0.3086884321744628,0.11814181923815174,0.4483366236004553,0.3266851639298927,0.15604154520425587
0.1684711938306413,0.7754775712516626,0.23185706744245613,0.6395759231607043,0.41526674422301285,0.46519263813839284,0.2858211437263816,0.23848002471795435,0.08081716789680277,0.20860347704657298,0.19476763623338253,1.0,0.08245227226890477,0.5488313796710295,0.16988068111370935,0.2715123017233039,0.6122929798434694,0.3279267660951744,0.2076254329436922
0.7018401370995925,-0.14555436296104066,0.536583003036546,-0.06388222943739072,-0.22318997338316343,0.013198110334278092,0.6286065335735496,0.06607685477771856,0.6449719385434661,-0.060663469411499124,0.4869733078474326,0.08245227226890477,1.0,0.5510798994042926,0.7458886093751492,-0.013838912224314546,0.5521563473912815,0.10080466111479366,0.5655705435588637
0.5169701780198291,0.30580715602570013,0.4212271044568205,0.5015815574041351,0.15458469484732615,0.4998135919787249,0.4704506447162744,0.3857317650380252,0.3388539013260242,0.22554647528378247,0.4067695162724361,0.5488313796710295,0.5510798994042926,1.0,0.4665504465910435,0.3327212115734419,0.7165351714339291,0.38690699881806395,0.4758855544534028
0.4974475341758703,-0.1381798750143464,0.354779730491959,0.058112050465775646,0.1269797504397721,0.07345339097294516,0.8009150633638369,0.19981433811100957,0.77423033632287,0.09497443931484602,0.3086884321744628,0.16988068111370935,0.7458886093751492,0.4665504465910435,1.0,0.1312742817032217,0.5451463731353163,0.15520024629631365,0.6381417233573341
0.10652092061579449,0.25212168535018886,0.08240392368851655,0.4201274292625341,0.24732289738241017,0.4405278533456295,0.16083175585974016,0.6054404646701576,0.09210177837606745,0.6599860283061589,0.11814181923815174,0.2715123017233039,-0.013838912224314546,0.3327212115734419,0.1312742817032217,1.0,0.2572616445836477,0.3008462031620312,0.2049750913161095
0.6528485588898306,0.3493129936459943,0.5523098481750778,0.6413180925509057,0.34496437109137446,0.5213660648686881,0.5779625674114518,0.3171881327736894,0.3803878778809868,0.1941220081606434,0.4483366236004553,0.6122929798434694,0.5521563473912815,0.7165351714339291,0.5451463731353163,0.2572616445836477,1.0,0.5084021098260344,0.5672410108717156
0.23009426515772533,0.3890373731090885,0.25482540301384904,0.7061706722278339,0.569034221036966,0.8625687354852097,0.3455036850461018,0.5734076763370258,0.06059563534605671,0.3786127454131788,0.3266851639298927,0.3279267660951744,0.10080466111479366,0.38690699881806395,0.15520024629631365,0.3008462031620312,0.5084021098260344,1.0,0.39254936209184677
0.5039581031616207,0.025912475926996553,0.47185749417302886,0.15630025254788818,0.27668996302795246,0.33184637002980577,0.8127740297798827,0.5082521874439658,0.6701406705188406,0.3199142934111849,0.15604154520425587,0.2076254329436922,0.5655705435588637,0.4758855544534028,0.6381417233573341,0.2049750913161095,0.5672410108717156,0.39254936209184677,1.0
