0,1,2,3,4,5,6,7,8,9,10,11,12,13,14,15,16,17,18
1.0,0.3067462913298617,0.8928479644819356,0.597995220310539,0.4845834311883713,0.5337350670480442,0.3318122725067925,0.18734203011596626,0.09475139062680164,0.1078446400371866,0.4157565251919832,0.3565672030847085,0.5104852380468053,0.23917457259871447,0.1733441624624185,0.14291004374603794,0.7060837787352868,0.43015513720852905,0.3042503288948159
0.3067462913298617,1.0,0.5527971812726421,0.6085795797504157,0.1329106179735307,0.519750430661905,-0.11495526088502826,0.20910104120560816,-0.25590165719521624,-0.003400997593147199,0.08027909504378641,0.8264065171899467,0.17903044707362228,0.6723950261529115,-0.24573278950398994,0.008084810071646005,0.5793125081272971,0.5074691525355202,0.07841508269989213
0.8928479644819356,0.5527971812726421,1.0,0.6405207478520057,0.558676826710952,0.5222590736461458,0.30967221356559554,0.19182416346669134,0.06297148530859342,0.10099692941819145,0.194358156070736,0.4588021713560263,0.4429905010714406,0.3472125993101029,0.10640312934919431,0.07889997880108289,0.7754698401113519,0.49769033436168697,0.3118713521640097
0.597995220310539,0.6085795797504157,0.6405207478520057,1.0,0.531717830388773,0.820630642788032,0.29832722427393216,0.363265728371058,-0.044814670236158434,0.14796198006471584,-0.03836315479012601,0.5830828117896829,0.24035498193220853,0.5508465364442275,0.07642393385517696,0.15537280512956764,0.815501326745805,0.7157604469446607,0.356996073744493
0.4845834311883713,0.1329106179735307,0.558676826710952,0.531717830388773,1.0,0.45175753092112075,0.7499103860060907,0.28734200039276936,0.3075606814194546,0.27319808747326696,-0.18672539110399264,0.26101663531520625,0.40230166049721616,0.16272622660480618,0.4832511925542432,0.13345361489898203,0.6519921102773532,0.44670446551100096,0.5843964093230403
0.5337350670480442,0.519750430661905,0.5222590736461458,0.820630642788032,0.45175753092112075,1.0,0.30866591732550613,0.5922803791347723,-0.00018674436776168073,0.30929832621930947,0.1907472002292971,0.4526275609774007,0.43969249694547397,0.6585052688417344,0.058420733030352355,0.3184343700737538,0.6226287642155672,0.8776985457282624,0.4830863884616275
0.3318122725067925,-0.11495526088502826,0.30967221356559554,0.29832722427393216,0.7499103860060907,0.30866591732550613,1.0,0.36116147284910416,0.6134690409761613,0.3351864049934326,-0.13888485236357884,0.030323619439035398,0.41522177781718034,0.0163916282808241,0.719730448249154,0.20135809486973993,0.4145551574239042,0.2668176147101543,0.6939152732722398
0.18734203011596626,0.20910104120560816,0.19182416346669134,0.363265728371058,0.28734200039276936,0.5922803791347723,0.36116147284910416,1.0,0.2591286897399959,0.8293345258812799,0.03462021035679879,0.11062992998008145,0.26973771421145576,0.4425406484315946,0.19418152311366965,0.5359988292626559,0.2088725583400872,0.5568340756998216,0.6539245331558038
0.09475139062680164,-0.25590165719521624,0.06297148530859342,-0.044814670236158434,0.3075606814194546,-0.00018674436776168073,0.6134690409761613,0.2591286897399959,1.0,0.3578002654419001,-0.041423375839675855,-0.19041752515858454,0.2574023520355488,-0.1272487335223566,0.5801196060142899,0.1396543006285815,0.10622406320373053,0.004178068085594811,0.46839582190211415
0.1078446400371866,-0.003400997593147199,0.10099692941819145,0.14796198006471584,0.27319808747326696,0.30929832621930947,0.3351864049934326,0.8293345258812799,0.3578002654419001,1.0,-0.021747354139514487,-0.055299180889746,0.18730230672844236,0.21928090071357745,0.2631681417933887,0.6025220483965894,0.05328317577733926,0.2939425889785415,0.5177870214694685
0.4157565251919832,0.08027909504378641,0.194358156070736,-0.03836315479012601,-0.18672539110399264,0.1907472002292971,-0.13888485236357884,0.03462021035679879,-0.041423375839675855,-0.021747354139514487,1.0,-0.009066795479996384,0.6557108267518186,0.20135786605413594,-0.07993186832906633,0.14365673972043477,0.018838189233620226,0.16925549994406566,-0.0790403130893697
0.3565672030847085,0.8264065171899467,0.4588021713560263,0.5830828117896829,0.26101663531520625,0.4526275609774007,0.030323619439035398,0.11062992998008145,-0.19041752515858454,-0.055299180889746,-0.009066795479996384,1.0,0.08788119073023898,0.5507891866026405,-0.11404462403358617,-0.06511031449216031,0.5584909984652117,0.35332538471673736,0.1011095672574491
0.5104852380468053,0.17903044707362228,0.4429905010714406,0.24035498193220853,0.40230166049721616,0.43969249694547397,0.41522177781718034,0.26973771421145576,0.2574023520355488,0.18730230672844236,0.6557108267518186,0.08788119073023898,1.0,0.36086986127952636,0.3361682212952218,0.2634661872117892,0.3695873361776302,0.43966371900080853,0.347098964786997
0.23917457259871447,0.6723950261529115,0.3472125993101029,0.5508465364442275,0.16272622660480618,0.6585052688417344,0.0163916282808241,0.4425406484315946,-0.1272487335223566,0.21928090071357745,0.20135786605413594,0.5507891866026405,0.36086986127952636,1.0,-0.09777453636956325,0.34972742634055076,0.44503249807831996,0.5733022705226861,0.2774770276327572
0.1733441624624185,-0.24573278950398994,0.10640312934919431,0.07642393385517696,0.4832511925542432,0.058420733030352355,0.719730448249154,0.19418152311366965,0.5801196060142899,0.2631681417933887,-0.07993186832906633,-0.11404462403358617,0.3361682212952218,-0.09777453636956325,1.0,0.20376142880676654,0.20087683424987432,0.03437009307482234,0.3944740298878269
0.14291004374603794,0.008084810071646005,0.07889997880108289,0.15537280512956764,0.13345361489898203,0.3184343700737538,0.20135809486973993,0.5359988292626559,0.1396543006285815,0.6025220483965894,0.14365673972043477,-0.06511031449216031,0.2634661872117892,0.34972742634055076,0.20376142880676654,1.0,0.07774129391625545,0.22954760933594612,0.2970831358395769
0.7060837787352868,0.5793125081272971,0.7754698401113519,0.815501326745805,0.6519921102773532,0.6226287642155672,0.4145551574239042,0.2088725583400872,0.10622406320373053,0.05328317577733926,0.018838189233620226,0.5584909984652117,0.3695873361776302,0.44503249807831996,0.20087683424987432,0.07774129391625545,1.0,0.5765380710065229,0.433020485339486
0.43015513720852905,0.5074691525355202,0.49769033436168697,0.7157604469446607,0.44670446551100096,0.8776985457282624,0.2668176147101543,0.5568340756998216,0.004178068085594811,0.2939425889785415,0.16925549994406566,0.35332538471673736,0.43966371900080853,0.5733022705226861,0.03437009307482234,0.22954760933594612,0.5765380710065229,1.0,0.4675705448286173
0.3042503288948159,0.07841508269989213,0.3118713521640097,0.356996073744493,0.5843964093230403,0.4830863884616275,0.6939152732722398,0.6539245331558038,0.46839582190211415,0.5177870214694685,-0.0790403130893697,0.1011095672574491,0.347098964786997,0.2774770276327572,0.3944740298878269,0.2970831358395769,0.433020485339486,0.4675705448286173,1.0
