0,1,2,3,4,5,6,7,8,9,10,11,12,13,14,15,16,17,18
1.0,0.8167332137097371,0.9524620711402296,0.652191182105648,-0.11960305017813172,0.6666126519058481,0.6490354512959791,0.5421803784607604,0.5600561492866293,0.4214735382550031,0.8132233928456452,0.6277396371176934,0.7199353817668858,0.8059469254993552,0.5464116753572967,0.36724086748951873,0.8884413881644638,0.6061679453148734,0.6521730731303815
0.8167332137097371,1.0,0.7783805824239729,0.7678343456634624,-0.06224926189090513,0.6813416401448916,0.48297243729019684,0.47969063849699195,0.3653314545777959,0.35722888880794373,0.6644759391700604,0.8654837602555945,0.5461477637264487,0.768469255803177,0.3524955261140473,0.3276145121210915,0.8035585538027447,0.5723821056235616,0.46483334638223806
0.9524620711402296,0.7783805824239729,1.0,0.6424512525195303,0.04099490742808317,0.6534186905750898,0.6905513187356889,0.5304145177991013,0.563529224271505,0.42034931038215856,0.6888585162716567,0.5539026468078406,0.6390179658096574,0.7572500950008256,0.5559269053957505,0.37723610776466376,0.8949493652346799,0.624232746339393,0.6760064335312252
0.652191182105648,0.7678343456634624,0.6424512525195303,1.0,0.2525414552761849,0.8417599779219019,0.4194982137788736,0.518516481374502,0.22072807361305025,0.3750421583353532,0.4009605998758805,0.7225530809924036,0.25597904911952485,0.6085726983135972,0.2506049637797273,0.3633927575950027,0.7367745947409985,0.7362950535971201,0.3766940951092497
-0.11960305017813172,-0.06224926189090513,0.04099490742808317,0.2525414552761849,1.0,0.22921589279709703,0.102545822338513,0.17991475945469754,-0.14140098390804895,0.2043906367944283,-0.15552467773327996,0.07623714287589486,-0.6003926882462368,-0.15723707098736012,-0.10019928908246073,0.21303386324461593,0.057767107263894335,0.2646647834400885,0.03934025441339612
0.6666126519058481,0.6813416401448916,0.6534186905750898,0.8417599779219019,0.22921589279709703,1.0,0.5622422209129113,0.709105723358221,0.35540886848597447,0.508261657913268,0.5205232688070185,0.5294183501040776,0.35562648313375295,0.6674505906412468,0.35540583044633317,0.4420034651432603,0.7051047861187504,0.8836811910366016,0.5642322984776139
0.6490354512959791,0.48297243729019684,0.6905513187356889,0.4194982137788736,0.102545822338513,0.5622422209129113,1.0,0.6038053502564409,0.7910867001168965,0.4855777228952901,0.4798393975871385,0.31134446911842467,0.6248763717003769,0.6109183446688418,0.7834917533110785,0.3962442954145122,0.6976965895330943,0.6020028059749076,0.8520350568595602
0.5421803784607604,0.47969063849699195,0.5304145177991013,0.518516481374502,0.17991475945469754,0.709105723358221,0.6038053502564409,1.0,0.49958361844985255,0.8923984532229832,0.44020853201100046,0.33939595156573915,0.33261280590341036,0.5399689333032716,0.4409135074529018,0.6536601689828756,0.4967088783961351,0.6306944824091849,0.6826643372269762
0.5600561492866293,0.3653314545777959,0.563529224271505,0.22072807361305025,-0.14140098390804895,0.35540886848597447,0.7910867001168965,0.49958361844985255,1.0,0.4771288717593852,0.4340201947807169,0.1954790256311847,0.6396990924560608,0.5224540800329979,0.7862830957382609,0.35397941928642984,0.5636942169233794,0.37823595699361373,0.749448035590853
0.4214735382550031,0.35722888880794373,0.42034931038215856,0.3750421583353532,0.2043906367944283,0.508261657913268,0.4855777228952901,0.8923984532229832,0.4771288717593852,1.0,0.31004004018007614,0.29113952045624886,0.21932130362610808,0.3868565467597334,0.38361263852377037,0.6788367949414235,0.36604742326786677,0.44195198538036634,0.5348296933749708
0.8132233928456452,0.6644759391700604,0.6888585162716567,0.4009605998758805,-0.15552467773327996,0.5205232688070185,0.4798393975871385,0.44020853201100046,0.4340201947807169,0.31004004018007614,1.0,0.4172871268894106,0.5909530199251248,0.6728522028487425,0.39120936399969614,0.23926824648474354,0.6170581382534887,0.4846488180708199,0.4624815106963325
0.6277396371176934,0.8654837602555945,0.5539026468078406,0.7225530809924036,0.07623714287589486,0.5294183501040776,0.31134446911842467,0.33939595156573915,0.1954790256311847,0.29113952045624886,0.4172871268894106,1.0,0.29911622481979355,0.5926899017388331,0.2008503634313891,0.2816398026474839,0.6455443705346992,0.40883978125313747,0.29321510094730346
0.7199353817668858,0.5461477637264487,0.6390179658096574,0.25597904911952485,-0.6003926882462368,0.35562648313375295,0.6248763717003769,0.33261280590341036,0.6396990924560608,0.21932130362610808,0.5909530199251248,0.29911622481979355,1.0,0.7115172302268091,0.6659450729772504,0.1440509115038302,0.6403658630846776,0.3541610837537796,0.6100406752089023
0.8059469254993552,0.768469255803177,0.7572500950008256,0.6085726983135972,-0.15723707098736012,0.6674505906412468,0.6109183446688418,0.5399689333032716,0.5224540800329979,0.3868565467597334,0.6728522028487425,0.5926899017388331,0.7115172302268091,1.0,0.5537521110966346,0.3974994185858907,0.7981980162778015,0.563662492483286,0.6162342748532089
0.5464116753572967,0.3524955261140473,0.5559269053957505,0.2506049637797273,-0.10019928908246073,0.35540583044633317,0.7834917533110785,0.4409135074529018,0.7862830957382609,0.38361263852377037,0.39120936399969614,0.2008503634313891,0.6659450729772504,0.5537521110966346,1.0,0.29914397192579784,0.5546075077822405,0.3538032966212205,0.6513652446546517
0.36724086748951873,0.3276145121210915,0.37723610776466376,0.3633927575950027,0.21303386324461593,0.4420034651432603,0.3962442954145122,0.6536601689828756,0.35397941928642984,0.6788367949414235,0.23926824648474354,0.2816398026474839,0.1440509115038302,0.3974994185858907,0.29914397192579784,1.0,0.35902257972564333,0.3439062142962807,0.39886702765837906
0.8884413881644638,0.8035585538027447,0.8949493652346799,0.7367745947409985,0.057767107263894335,0.7051047861187504,0.6976965895330943,0.4967088783961351,0.5636942169233794,0.36604742326786677,0.6170581382534887,0.6455443705346992,0.6403658630846776,0.7981980162778015,0.5546075077822405,0.35902257972564333,1.0,0.6743788125313883,0.7136280508669542
0.6061679453148734,0.5723821056235616,0.624232746339393,0.7362950535971201,0.2646647834400885,0.8836811910366016,0.6020028059749076,0.6306944824091849,0.37823595699361373,0.44195198538036634,0.4846488180708199,0.40883978125313747,0.3541610837537796,0.563662492483286,0.3538032966212205,0.3439062142962807,0.6743788125313883,1.0,0.6124801642321727
0.6521730731303815,0.46483334638223806,0.6760064335312252,0.3766940951092497,0.03934025441339612,0.5642322984776139,0.8520350568595602,0.6826643372269762,0.749448035590853,0.5348296933749708,0.4624815106963325,0.29321510094730346,0.6100406752089023,0.6162342748532089,0.6513652446546517,0.39886702765837906,0.7136280508669542,0.6124801642321727,1.0
