0,1,2,3,4,5,6,7,8,9,10,11,12,13,14,15,16,17,18
1.0,0.6693889957370466,0.9232333671694971,0.6216351779867544,-0.22030741580257845,0.61471211000028,0.3307483040283787,0.4083600906659483,0.2742217407439789,0.274733533870905,0.5698274786623282,0.4338779893254089,0.6095961556891465,0.4750074860531888,0.3085003228443031,0.34582245610716633,0.8122366911466409,0.5653107610300014,0.48003856533830586
0.6693889957370466,1.0,0.6731519566819355,0.5940875879701748,-0.23366511610051566,0.5571849737219949,0.23260804413883773,0.2742675355763857,0.09596468214778682,0.1273739447569632,0.4688565187277171,0.7943214081132028,0.5442071006294946,0.6184182953049024,0.22121596415689493,0.26303767187422933,0.6777246198751768,0.476500905984394,0.27855815859701366
0.9232333671694971,0.6731519566819355,1.0,0.6203011976658661,0.03852947056731789,0.5773725286913759,0.400192226248918,0.37419785311976445,0.28109897275599915,0.25084129954491646,0.42909042751509574,0.39454990069682694,0.4960776479263485,0.4850469009484695,0.3491304427171345,0.32033057577446783,0.8138493010818113,0.5887217400682436,0.5052920611495991
0.6216351779867544,0.5940875879701748,0.6203011976658661,1.0,0.21301223028136285,0.8124374019826414,0.3053534529135242,0.4103034075820775,0.16592233411457785,0.26814615640141404,0.2387742644260036,0.4733775230911283,0.19823720438105646,0.43469625471074536,0.271569211925168,0.3446677315537759,0.6787850928543862,0.6342549673465714,0.2979565530562196
-0.22030741580257845,-0.23366511610051566,0.03852947056731789,0.21301223028136285,1.0,0.15349399431482205,0.20413346608740882,0.08587858177423313,0.06491501875404453,0.0939395766861421,-0.23679788280832922,-0.06567517564228009,-0.639131735569995,-0.06016728755882182,0.10387461957530005,0.08182489732514221,-0.027664718780868257,0.15728747182861372,0.0883897360225322
0.61471211000028,0.5571849737219949,0.5773725286913759,0.8124374019826414,0.15349399431482205,1.0,0.38603733361221937,0.650647341747934,0.25588032362409485,0.4258632508094795,0.3959045370313854,0.39172580988415506,0.3094661857714174,0.5682006402805073,0.30819266074755575,0.47409267074975014,0.6388128860897928,0.8282725622470977,0.5197038345561759
0.3307483040283787,0.23260804413883773,0.400192226248918,0.3053534529135242,0.20413346608740882,0.38603733361221937,1.0,0.45313565500025743,0.5956290120161706,0.36893600156713324,0.08480332254236198,0.17106115906994326,0.3097010316534191,0.2962693978946915,0.6375260572427824,0.32873588491007,0.4113358461304518,0.4265001115518581,0.605113719176533
0.4083600906659483,0.2742675355763857,0.37419785311976445,0.4103034075820775,0.08587858177423313,0.650647341747934,0.45313565500025743,1.0,0.5129410651972491,0.880868207843126,0.24907285965053608,0.10881059607802937,0.2956783896925555,0.4505390942533108,0.416832188416381,0.6515208993187771,0.3616309885865391,0.6065955480223614,0.7202967087861064
0.2742217407439789,0.09596468214778682,0.28109897275599915,0.16592233411457785,0.06491501875404453,0.25588032362409485,0.5956290120161706,0.5129410651972491,1.0,0.5723150989671445,0.09887362895919717,0.032945165756475735,0.2497071584912991,0.22893833372899258,0.6237679566954693,0.42018758115087607,0.34011347296867905,0.2984320073433946,0.5977372203107699
0.274733533870905,0.1273739447569632,0.25084129954491646,0.26814615640141404,0.0939395766861421,0.4258632508094795,0.36893600156713324,0.880868207843126,0.5723150989671445,1.0,0.14532431757806166,0.013299820560514779,0.20071653814123594,0.31254389804221877,0.39939133117782777,0.6601984171439478,0.21575057637555906,0.4053259429715215,0.5676516885619939
0.5698274786623282,0.4688565187277171,0.42909042751509574,0.2387742644260036,-0.23679788280832922,0.3959045370313854,0.08480332254236198,0.24907285965053608,0.09887362895919717,0.14532431757806166,1.0,0.2023050407568155,0.37795721427071804,0.45062137854163997,0.13306076201808079,0.24388583292901828,0.3512411474333377,0.35220524220066096,0.16881155192448838
0.4338779893254089,0.7943214081132028,0.39454990069682694,0.4733775230911283,-0.06567517564228009,0.39172580988415506,0.17106115906994326,0.10881059607802937,0.032945165756475735,0.013299820560514779,0.2023050407568155,1.0,0.2384968290293196,0.4133229128050801,0.10126882356962164,0.1368127243576942,0.44286655639016514,0.2778068714152435,0.11438737421251798
0.6095961556891465,0.5442071006294946,0.4960776479263485,0.19823720438105646,-0.639131735569995,0.3094661857714174,0.3097010316534191,0.2956783896925555,0.2497071584912991,0.20071653814123594,0.37795721427071804,0.2384968290293196,1.0,0.4733400425920086,0.3710209200389288,0.2249528771290355,0.5188278703848082,0.35689466645489804,0.42986762656516186
0.4750074860531888,0.6184182953049024,0.4850469009484695,0.43469625471074536,-0.06016728755882182,0.5682006402805073,0.2962693978946915,0.4505390942533108,0.22893833372899258,0.31254389804221877,0.45062137854163997,0.4133229128050801,0.4733400425920086,1.0,0.38954011351578605,0.48711452704413766,0.6119451339997205,0.4994177032186379,0.4696585891547338
0.3085003228443031,0.22121596415689493,0.3491304427171345,0.271569211925168,0.10387461957530005,0.30819266074755575,0.6375260572427824,0.416832188416381,0.6237679566954693,0.39939133117782777,0.13306076201808079,0.10126882356962164,0.3710209200389288,0.38954011351578605,1.0,0.42200528456415815,0.3793218023343593,0.31394163849336604,0.49856177010874553
0.34582245610716633,0.26303767187422933,0.32033057577446783,0.3446677315537759,0.08182489732514221,0.47409267074975014,0.32873588491007,0.6515208993187771,0.42018758115087607,0.6601984171439478,0.24388583292901828,0.1368127243576942,0.2249528771290355,0.48711452704413766,0.42200528456415815,1.0,0.3351473057875697,0.3668334116903486,0.44504268125589624
0.8122366911466409,0.6777246198751768,0.8138493010818113,0.6787850928543862,-0.027664718780868257,0.6388128860897928,0.4113358461304518,0.3616309885865391,0.34011347296867905,0.21575057637555906,0.3512411474333377,0.44286655639016514,0.5188278703848082,0.6119451339997205,0.3793218023343593,0.3351473057875697,1.0,0.6272802575466458,0.581203156531676
0.5653107610300014,0.476500905984394,0.5887217400682436,0.6342549673465714,0.15728747182861372,0.8282725622470977,0.4265001115518581,0.6065955480223614,0.2984320073433946,0.4053259429715215,0.35220524220066096,0.2778068714152435,0.35689466645489804,0.4994177032186379,0.31394163849336604,0.3668334116903486,0.6272802575466458,1.0,0.6172153992461231
0.48003856533830586,0.27855815859701366,0.5052920611495991,0.2979565530562196,0.0883897360225322,0.5197038345561759,0.605113719176533,0.7202967087861064,0.5977372203107699,0.5676516885619939,0.16881155192448838,0.11438737421251798,0.42986762656516186,0.4696585891547338,0.49856177010874553,0.44504268125589624,0.581203156531676,0.6172153992461231,1.0
