0,1,2,3,4,5,6,7,8,9,10,11,12,13,14,15,16,17,18
1.0,0.5558832240797705,0.37734377648304046,0.3564544233519258,0.21379783750395226,0.03791115759282148,-0.44562354606473914,-0.3949309441964665,-0.5492748967192782,-0.414559865821793,0.33511558097093347,0.23941620519926568,0.10672000950966624,-0.09799761032265122,-0.44511676035480313,-0.24533372312637583,0.6949520759337507,0.24368956792032373,-0.4625751440855352
0.5558832240797705,1.0,0.2762908701678738,0.43798943496606474,0.14883480005371294,-0.010540567348005764,-0.23418109861132996,-0.49407505104860416,-0.5886662948184426,-0.6085051069931003,0.12391526679872336,0.45153773420681803,-0.12203947979380526,0.19838730240936536,-0.4649090609336917,-0.15943436488842375,0.7037399528467545,0.09480336453077924,-0.37325631000133025
0.37734377648304046,0.2762908701678738,1.0,0.7051092832922975,0.9007741857942547,0.45335121184361876,-0.005875012660768958,0.06659981205017178,-0.4607447570133327,-0.3356220729033151,0.14986358075210673,0.14711491750601932,0.41656825210547205,0.10013546495065635,-0.2567916094096307,-0.06937964588964013,0.19078320388159362,0.697927149890253,0.02259646338132139
0.3564544233519258,0.43798943496606474,0.7051092832922975,1.0,0.5972769841278591,0.6407605556315221,-0.16816600483659502,-0.024155093567277155,-0.5594002875354588,-0.5048704464516588,-0.049446298376899574,0.3075597163100209,0.20086537752980946,0.01738933490286527,-0.38643483505184434,-0.2643328266755779,0.2974403089103349,0.7316677174276124,-0.05408455319853587
0.21379783750395226,0.14883480005371294,0.9007741857942547,0.5972769841278591,1.0,0.44955806197773046,0.21330686196946474,0.17933823649984693,-0.30977262546255974,-0.24515165276753098,0.1167785345805525,0.16491754650348078,0.5164618688111626,0.11473498719985742,-0.1197600161157538,0.06448095061155537,0.010964404958621653,0.6704115602891552,0.14518720849288
0.03791115759282148,-0.010540567348005764,0.45335121184361876,0.6407605556315221,0.44955806197773046,1.0,-0.026055730317081107,0.47359508991487836,-0.2660477874687689,-0.1623534883708936,-0.3475324264585285,0.2919464345692069,0.2666915447360962,-0.23325992439046772,-0.20031459643692784,-0.19264065680909329,-0.008747160366698375,0.5561642849046232,0.16171620929911443
-0.44562354606473914,-0.23418109861132996,-0.005875012660768958,-0.16816600483659502,0.21330686196946474,-0.026055730317081107,1.0,0.35172140611946934,0.3549834344177274,0.022080771326059657,-0.08241149562898321,-0.15160903696753222,0.1390492253770648,0.39654330505997093,0.4374404406389319,0.542354983833191,-0.45526596101901085,-0.035146676928171666,0.5422978554721211
-0.3949309441964665,-0.49407505104860416,0.06659981205017178,-0.024155093567277155,0.17933823649984693,0.47359508991487836,0.35172140611946934,1.0,0.20588893683662074,0.39124954840303244,-0.5346451680858654,-0.20648466109924968,0.11242636022202679,-0.23716201677088228,0.089192127656014,0.10011873313657578,-0.4443942519805479,0.22459224562603353,0.5745417995397185
-0.5492748967192782,-0.5886662948184426,-0.4607447570133327,-0.5594002875354588,-0.30977262546255974,-0.2660477874687689,0.3549834344177274,0.20588893683662074,1.0,0.4703882469316688,-0.3759808230485898,-0.2135536176102394,-0.08137739076911597,-0.17190120986640975,0.5856899525624137,0.26788750923799576,-0.5137754068218988,-0.31763570257672313,0.18804055592313593
-0.414559865821793,-0.6085051069931003,-0.3356220729033151,-0.5048704464516588,-0.24515165276753098,-0.1623534883708936,0.022080771326059657,0.39124954840303244,0.4703882469316688,1.0,-0.47450507165593603,-0.34571650833303086,-0.10184394830310978,-0.5377220103999777,0.1731259167302457,0.08266491536279093,-0.43178309792352976,-0.15758698205980348,0.1270939925700061
0.33511558097093347,0.12391526679872336,0.14986358075210673,-0.049446298376899574,0.1167785345805525,-0.3475324264585285,-0.08241149562898321,-0.5346451680858654,-0.3759808230485898,-0.47450507165593603,1.0,-0.11423079950323164,0.2607521705937667,0.36308021522408856,-0.027006687517932518,0.053378653354500566,0.12302358437974267,-0.1166960357017707,-0.26786991886778283
0.23941620519926568,0.45153773420681803,0.14711491750601932,0.3075597163100209,0.16491754650348078,0.2919464345692069,-0.15160903696753222,-0.20648466109924968,-0.2135536176102394,-0.34571650833303086,-0.11423079950323164,1.0,0.13834024601677772,-0.03446368808498848,-0.16205565331023455,-0.03391820795505243,0.2262541441604376,0.045802872677769,-0.20314731630795158
0.10672000950966624,-0.12203947979380526,0.41656825210547205,0.20086537752980946,0.5164618688111626,0.2666915447360962,0.1390492253770648,0.11242636022202679,-0.08137739076911597,-0.10184394830310978,0.2607521705937667,0.13834024601677772,1.0,-0.07078046860672964,0.2149474067882137,0.06541908989546487,-0.16395242996330597,0.34519512408704034,-0.05185700167171927
-0.09799761032265122,0.19838730240936536,0.10013546495065635,0.01738933490286527,0.11473498719985742,-0.23325992439046772,0.39654330505997093,-0.23716201677088228,-0.17190120986640975,-0.5377220103999777,0.36308021522408856,-0.03446368808498848,-0.07078046860672964,1.0,0.014029505380197206,0.477804026192965,0.011153470989786399,-0.2352474570304141,0.3101933785862705
-0.44511676035480313,-0.4649090609336917,-0.2567916094096307,-0.38643483505184434,-0.1197600161157538,-0.20031459643692784,0.4374404406389319,0.089192127656014,0.5856899525624137,0.1731259167302457,-0.027006687517932518,-0.16205565331023455,0.2149474067882137,0.014029505380197206,1.0,0.28478994516399997,-0.5127934302249579,-0.21456437138860096,0.11946388747742871
-0.24533372312637583,-0.15943436488842375,-0.06937964588964013,-0.2643328266755779,0.06448095061155537,-0.19264065680909329,0.542354983833191,0.10011873313657578,0.26788750923799576,0.08266491536279093,0.053378653354500566,-0.03391820795505243,0.06541908989546487,0.477804026192965,0.28478994516399997,1.0,-0.21329251681339878,-0.23628316119488868,0.33273517869498326
0.6949520759337507,0.7037399528467545,0.19078320388159362,0.2974403089103349,0.010964404958621653,-0.008747160366698375,-0.45526596101901085,-0.4443942519805479,-0.5137754068218988,-0.43178309792352976,0.12302358437974267,0.2262541441604376,-0.16395242996330597,0.011153470989786399,-0.5127934302249579,-0.21329251681339878,1.0,0.07101120386324779,-0.4191682365166499
0.24368956792032373,0.09480336453077924,0.697927149890253,0.7316677174276124,0.6704115602891552,0.5561642849046232,-0.035146676928171666,0.22459224562603353,-0.31763570257672313,-0.15758698205980348,-0.1166960357017707,0.045802872677769,0.34519512408704034,-0.2352474570304141,-0.21456437138860096,-0.23628316119488868,0.07101120386324779,1.0,0.08316529301591351
-0.4625751440855352,-0.37325631000133025,0.02259646338132139,-0.05408455319853587,0.14518720849288,0.16171620929911443,0.5422978554721211,0.5745417995397185,0.18804055592313593,0.1270939925700061,-0.26786991886778283,-0.20314731630795158,-0.05185700167171927,0.3101933785862705,0.11946388747742871,0.33273517869498326,-0.4191682365166499,0.08316529301591351,1.0
