0,1,2,3,4,5,6,7,8,9,10,11,12,13,14,15,16,17,18
1.0,0.4427180126482446,0.1622535202199031,0.2613091017307439,0.02453744262187727,0.2015749535211711,-0.47345754864749456,-0.04738604936293599,-0.4207334569026729,-0.09953524012596213,0.10881066086100126,0.4047494077982858,-0.015947626238093666,-0.46843563235570324,-0.384545847309281,-0.20912843915756518,0.607450385118649,0.22797555967007743,-0.4557935966076853
0.4427180126482446,1.0,0.08696196687589032,0.43795558384953764,-0.057578515161530806,-0.12079355828843263,-0.359318955949904,-0.44166016822994913,-0.6795243927070714,-0.5826041947238492,0.18370087418805614,0.5962095475290196,-0.20359135311413634,0.054329136941235014,-0.48540697080380496,-0.30539470828240484,0.7320340780543917,0.09158544909949314,-0.3759237775131601
0.1622535202199031,0.08696196687589032,1.0,0.5555367867438766,0.8667700514113457,0.38737027825352316,0.14387796659416263,0.24242148799026053,-0.0755680692381533,-0.04352112821474766,-0.04815064527214625,-0.016254298281968872,0.423986502380921,-0.08645802942891158,-0.11387293246995735,-0.05828072969768565,0.05643214745620023,0.4922359252401229,0.1638569891299591
0.2613091017307439,0.43795558384953764,0.5555367867438766,1.0,0.43414916578786783,0.5562372092341649,-0.209333385650719,0.10061228989174437,-0.4293057218607239,-0.3291519360501659,-0.16105443240325756,0.30597038784795944,-0.07093709034420788,-0.23586463908107907,-0.48161508163774286,-0.423859147155858,0.34130796326321644,0.698275849438011,-0.130257164134196
0.02453744262187727,-0.057578515161530806,0.8667700514113457,0.43414916578786783,1.0,0.4054886705421798,0.40544762134983825,0.3674235925617644,0.038453526526245334,0.03854783472747178,-0.1016373529947513,-0.03657148037610907,0.5398291055530448,-0.010097782699744623,-0.00036327877793387154,0.12449401722729186,-0.10080603725440515,0.483781706028517,0.3429573880496971
0.2015749535211711,-0.12079355828843263,0.38737027825352316,0.5562372092341649,0.4054886705421798,1.0,-0.04957274751494318,0.6366237297049279,0.02600908487661616,0.11219137266353944,-0.4997087545555137,0.18373556856705833,0.03261754070863598,-0.5390045095726383,-0.19502154348622538,-0.2983620878724263,-0.05179133268329812,0.5796893570851376,-0.020295804488193136
-0.47345754864749456,-0.359318955949904,0.14387796659416263,-0.209333385650719,0.40544762134983825,-0.04957274751494318,1.0,0.35268307596979687,0.46333789994156815,0.12344368836498756,-0.18579763628071957,-0.3596221239476129,0.37013184135103855,0.3680249787274625,0.5253861787406736,0.5290989116138215,-0.4222206088078411,-0.04240181848688058,0.6737810948496957
-0.04738604936293599,-0.44166016822994913,0.24242148799026053,0.10061228989174437,0.3674235925617644,0.6366237297049279,0.35268307596979687,1.0,0.3746836152920429,0.4589663706276968,-0.6430678349120997,-0.21625186786374578,0.08175348644549789,-0.4554907193180181,0.14082597308298564,0.031044850443804898,-0.39783449027809403,0.41765977818376493,0.3936081518342559
-0.4207334569026729,-0.6795243927070714,-0.0755680692381533,-0.4293057218607239,0.038453526526245334,0.02600908487661616,0.46333789994156815,0.3746836152920429,1.0,0.604002100632668,-0.5305790629052668,-0.4298045604298343,0.07594278170937609,-0.17284932168040426,0.6717717776067595,0.30401518754042206,-0.6120149828842618,-0.08192178431608296,0.28991912166095635
-0.09953524012596213,-0.5826041947238492,-0.04352112821474766,-0.3291519360501659,0.03854783472747178,0.11219137266353944,0.12344368836498756,0.4589663706276968,0.604002100632668,1.0,-0.5608694715569138,-0.29737918958865156,0.02028462069071461,-0.5261755899908315,0.23535112863162977,0.19310270447022052,-0.442635604793009,0.01983484987083892,-0.013414465931827522
0.10881066086100126,0.18370087418805614,-0.04815064527214625,-0.16105443240325756,-0.1016373529947513,-0.4997087545555137,-0.18579763628071957,-0.6430678349120997,-0.5305790629052668,-0.5608694715569138,1.0,-0.04304387312846042,0.279195751027766,0.5092548961314912,-0.1792298424947318,0.1237996895648541,0.2173511124137628,-0.37209887330674224,-0.05291055921307314
0.4047494077982858,0.5962095475290196,-0.016254298281968872,0.30597038784795944,-0.03657148037610907,0.18373556856705833,-0.3596221239476129,-0.21625186786374578,-0.4298045604298343,-0.29737918958865156,-0.04304387312846042,1.0,-0.1047986782019657,-0.21876500580018865,-0.3431284467404428,-0.319643777630951,0.44015918426497286,0.12629933312753353,-0.4791302433904242
-0.015947626238093666,-0.20359135311413634,0.423986502380921,-0.07093709034420788,0.5398291055530448,0.03261754070863598,0.37013184135103855,0.08175348644549789,0.07594278170937609,0.02028462069071461,0.279195751027766,-0.1047986782019657,1.0,0.13690525334062825,0.2312390257365862,0.33501915307665864,-0.15596320476803627,0.04522712574373929,0.24909511820463676
-0.46843563235570324,0.054329136941235014,-0.08645802942891158,-0.23586463908107907,-0.010097782699744623,-0.5390045095726383,0.3680249787274625,-0.4554907193180181,-0.17284932168040426,-0.5261755899908315,0.5092548961314912,-0.21876500580018865,0.13690525334062825,1.0,0.12178786505887725,0.4384074477723166,-0.005448683049077692,-0.49363035696821284,0.38463131190929833
-0.384545847309281,-0.48540697080380496,-0.11387293246995735,-0.48161508163774286,-0.00036327877793387154,-0.19502154348622538,0.5253861787406736,0.14082597308298564,0.6717717776067595,0.23535112863162977,-0.1792298424947318,-0.3431284467404428,0.2312390257365862,0.12178786505887725,1.0,0.4195143654042958,-0.5050822796022969,-0.24743196344446655,0.34408745212634706
-0.20912843915756518,-0.30539470828240484,-0.05828072969768565,-0.423859147155858,0.12449401722729186,-0.2983620878724263,0.5290989116138215,0.031044850443804898,0.30401518754042206,0.19310270447022052,0.1237996895648541,-0.319643777630951,0.33501915307665864,0.4384074477723166,0.4195143654042958,1.0,-0.13403021252213027,-0.3845045598126138,0.4131495747462476
0.607450385118649,0.7320340780543917,0.05643214745620023,0.34130796326321644,-0.10080603725440515,-0.05179133268329812,-0.4222206088078411,-0.39783449027809403,-0.6120149828842618,-0.442635604793009,0.2173511124137628,0.44015918426497286,-0.15596320476803627,-0.005448683049077692,-0.5050822796022969,-0.13403021252213027,1.0,0.043291758119123384,-0.3800211739483083
0.22797555967007743,0.09158544909949314,0.4922359252401229,0.698275849438011,0.483781706028517,0.5796893570851376,-0.04240181848688058,0.41765977818376493,-0.08192178431608296,0.01983484987083892,-0.37209887330674224,0.12629933312753353,0.04522712574373929,-0.49363035696821284,-0.24743196344446655,-0.3845045598126138,0.043291758119123384,1.0,0.04932457420422005
-0.4557935966076853,-0.3759237775131601,0.1638569891299591,-0.130257164134196,0.3429573880496971,-0.020295804488193136,0.6737810948496957,0.3936081518342559,0.28991912166095635,-0.013414465931827522,-0.05291055921307314,-0.4791302433904242,0.24909511820463676,0.38463131190929833,0.34408745212634706,0.4131495747462476,-0.3800211739483083,0.04932457420422005,1.0
