0,1,2,3,4,5,6,7,8,9,10,11,12,13,14,15,16,17,18
1.0,0.49961146198510764,0.18057091653028906,0.27588645999256217,0.03369747237963184,0.09204055300544027,-0.3961095081355577,-0.2732561694424083,-0.5005405448140753,-0.26170679537313934,0.3176064821511323,0.29643239045633923,-0.021238721093222265,-0.348441819382177,-0.46491053791496195,-0.2799531394747401,0.5701377855398905,0.16829094708124964,-0.443754340307526
0.49961146198510764,1.0,-0.06574141732691664,0.2501449588030477,-0.1683517613786289,-0.1640560890782407,-0.44220812519729363,-0.5764000666080666,-0.7179190514414544,-0.6517067423688432,0.36643707409592824,0.4425926817035761,-0.24217958514716414,0.07508244777714504,-0.6222316759357474,-0.35214566933758934,0.7308414302892938,-0.08791175643407537,-0.47302716450518095
0.18057091653028906,-0.06574141732691664,1.0,0.6182499024386333,0.9321235524066896,0.46490817908011156,0.4500362504017519,0.2332228661603568,-0.05039262571507773,-0.1261941023487041,0.05076966077824752,-0.009069421327904715,0.5816143597369716,0.1401366337694196,0.10482029647376923,0.22231645930449026,-0.006440288240954883,0.6261864876665498,0.47979249373944405
0.27588645999256217,0.2501449588030477,0.6182499024386333,1.0,0.5506143197839375,0.645007569753682,0.08566856283105913,0.16117907477197438,-0.3076183915601235,-0.3607493810827599,-0.107133632999261,0.1671177016518024,0.1905955574528364,-0.12289548061882068,-0.252944837290419,-0.08432288968627687,0.20970219062137707,0.7474546554208306,0.21698552025165294
0.03369747237963184,-0.1683517613786289,0.9321235524066896,0.5506143197839375,1.0,0.4606463243314408,0.6083561148737309,0.33128395343719974,0.07298954156184752,-0.04629547335002685,-0.036287161854455276,-0.002551749616612517,0.662032068483852,0.19005014756338673,0.20359332313338616,0.33209156978789184,-0.14846089697895754,0.6377301351801512,0.5831120918281889
0.09204055300544027,-0.1640560890782407,0.46490817908011156,0.645007569753682,0.4606463243314408,1.0,0.16943528098847047,0.536657179962112,-0.0037794547283124752,-0.07361970309405463,-0.3521922279644843,0.1644350860059819,0.30018546221538656,-0.2704224879382419,-0.007749254079412308,0.06470219319280114,-0.10332878535316724,0.5813065426437483,0.29085886112002796
-0.3961095081355577,-0.44220812519729363,0.4500362504017519,0.08566856283105913,0.6083561148737309,0.16943528098847047,1.0,0.4299046441110065,0.46996528768480167,0.21895791080750068,-0.27931588053123796,-0.1499549612146034,0.4988739383694139,0.3515379976969052,0.5533015521126518,0.6464143806377686,-0.4669261966863812,0.26437437817048215,0.7215328361612153
-0.2732561694424083,-0.5764000666080666,0.2332228661603568,0.16117907477197438,0.33128395343719974,0.536657179962112,0.4299046441110065,1.0,0.32955524220187077,0.42778154781781086,-0.5489622473310088,-0.24594417421567333,0.19939438875817497,-0.2509083841943494,0.2287479325751204,0.214719647219058,-0.5138563682621301,0.38458645223248755,0.5593034419926627
-0.5005405448140753,-0.7179190514414544,-0.05039262571507773,-0.3076183915601235,0.07298954156184752,-0.0037794547283124752,0.46996528768480167,0.32955524220187077,1.0,0.6196065670985293,-0.614789037008941,-0.23058466926979593,0.1386516338497539,-0.1342933703637822,0.7655402895901732,0.413095625703068,-0.5856235953451566,-0.008705153865649773,0.3101658692564151
-0.26170679537313934,-0.6517067423688432,-0.1261941023487041,-0.3607493810827599,-0.04629547335002685,-0.07361970309405463,0.21895791080750068,0.42778154781781086,0.6196065670985293,1.0,-0.5434296414248443,-0.3549023130207936,0.02426259816960162,-0.4488049829003527,0.37558466667540125,0.2690204006191051,-0.4911375856286731,-0.01472155529952293,0.12549254768305415
0.3176064821511323,0.36643707409592824,0.05076966077824752,-0.107133632999261,-0.036287161854455276,-0.3521922279644843,-0.27931588053123796,-0.5489622473310088,-0.614789037008941,-0.5434296414248443,1.0,0.018853326210453835,0.1635894302687567,0.2983065688174095,-0.3612692699366407,-0.19821710010630025,0.25036665452332957,-0.20951435080064465,-0.31178704238723665
0.29643239045633923,0.4425926817035761,-0.009069421327904715,0.1671177016518024,-0.002551749616612517,0.1644350860059819,-0.1499549612146034,-0.24594417421567333,-0.23058466926979593,-0.3549023130207936,0.018853326210453835,1.0,0.06028575902014994,-0.07608947960724867,-0.22326167371055344,-0.07780010958020339,0.3231304984745424,-0.09614279796140426,-0.31906458257078885
-0.021238721093222265,-0.24217958514716414,0.5816143597369716,0.1905955574528364,0.662032068483852,0.30018546221538656,0.4988739383694139,0.19939438875817497,0.1386516338497539,0.02426259816960162,0.1635894302687567,0.06028575902014994,1.0,0.08643229975914161,0.342575776155799,0.3935803384324729,-0.2338639301331713,0.32290437558142004,0.2950815183521185
-0.348441819382177,0.07508244777714504,0.1401366337694196,-0.12289548061882068,0.19005014756338673,-0.2704224879382419,0.3515379976969052,-0.2509083841943494,-0.1342933703637822,-0.4488049829003527,0.2983065688174095,-0.07608947960724867,0.08643229975914161,1.0,0.0913820870305656,0.36282813789607743,0.02212081764029401,-0.2913675113127251,0.41347010619221936
-0.46491053791496195,-0.6222316759357474,0.10482029647376923,-0.252944837290419,0.20359332313338616,-0.007749254079412308,0.5533015521126518,0.2287479325751204,0.7655402895901732,0.37558466667540125,-0.3612692699366407,-0.22326167371055344,0.342575776155799,0.0913820870305656,1.0,0.5186658827141076,-0.508188313692296,-0.027010537663253238,0.3751213024945857
-0.2799531394747401,-0.35214566933758934,0.22231645930449026,-0.08432288968627687,0.33209156978789184,0.06470219319280114,0.6464143806377686,0.214719647219058,0.413095625703068,0.2690204006191051,-0.19821710010630025,-0.07780010958020339,0.3935803384324729,0.36282813789607743,0.5186658827141076,1.0,-0.2706572009813181,0.006679064375128193,0.47854360177715943
0.5701377855398905,0.7308414302892938,-0.006440288240954883,0.20970219062137707,-0.14846089697895754,-0.10332878535316724,-0.4669261966863812,-0.5138563682621301,-0.5856235953451566,-0.4911375856286731,0.25036665452332957,0.3231304984745424,-0.2338639301331713,0.02212081764029401,-0.508188313692296,-0.2706572009813181,1.0,-0.09809152842393878,-0.4122851525586024
0.16829094708124964,-0.08791175643407537,0.6261864876665498,0.7474546554208306,0.6377301351801512,0.5813065426437483,0.26437437817048215,0.38458645223248755,-0.008705153865649773,-0.01472155529952293,-0.20951435080064465,-0.09614279796140426,0.32290437558142004,-0.2913675113127251,-0.027010537663253238,0.006679064375128193,-0.09809152842393878,1.0,0.3225792138102251
-0.443754340307526,-0.47302716450518095,0.47979249373944405,0.21698552025165294,0.5831120918281889,0.29085886112002796,0.7215328361612153,0.5593034419926627,0.3101658692564151,0.12549254768305415,-0.31178704238723665,-0.31906458257078885,0.2950815183521185,0.41347010619221936,0.3751213024945857,0.47854360177715943,-0.4122851525586024,0.3225792138102251,1.0
