0,1,2,3,4,5,6,7,8,9,10,11,12,13,14,15,16,17,18
1.0,0.7209816249942325,0.6904683968500395,0.31445376654428453,0.17867744729646276,0.4261382696030019,0.08783827244604651,0.19335367555846825,-0.12375553761993631,-0.1396012589060808,0.619822085233684,0.46638102324191444,0.4239873313635431,0.4090645682893241,-2.9957065328778948e-05,0.054140527944827835,0.45955921662063043,0.3897171708806913,0.13681781939748608
0.7209816249942325,1.0,0.4113259737662765,0.3593344361955597,0.08789622002765753,0.36585484821912345,-0.025393517298655795,0.10241900723399572,-0.15147810277717635,-0.018153465628969974,0.30142201361733895,0.526282439386779,0.14071572855871453,0.437445393368266,-0.14073928272980898,-0.08015384898493164,0.28383691486639306,0.26641676429023453,-0.02751520652108091
0.6904683968500395,0.4113259737662765,1.0,0.34625464261192235,0.3966360695784933,0.6113885416996108,0.26476600644171633,0.31726212119686165,-0.0753302014436159,-0.14462862314216174,0.8142770587899314,0.5483757241132791,0.6611718172209239,0.49535051910360695,0.1977480962544511,0.019526957615412795,0.6775908352487829,0.5664034503670327,0.3464055209513366
0.31445376654428453,0.3593344361955597,0.34625464261192235,1.0,0.18070655363823962,0.2878113469728836,-0.02188548289328446,0.06034965837632098,-0.14308597197408482,-0.11437746039989327,0.25860800300838954,0.4560627670545984,0.11384385443821307,0.34365412109460536,-0.11621384593462013,-0.19604508241961627,-0.21016554715748056,0.2122952774364308,0.025108530736874524
0.17867744729646276,0.08789622002765753,0.3966360695784933,0.18070655363823962,1.0,0.3830239342842718,0.448009033053148,0.26368298486087066,0.11307990227459824,0.06081204200807381,0.39360385890842103,0.2633921461914613,0.5023564417010602,0.1826607870857533,0.22964495080612782,-0.09562312254291898,0.35650695012905625,0.19209350063206018,0.42673835285145734
0.4261382696030019,0.36585484821912345,0.6113885416996108,0.2878113469728836,0.3830239342842718,1.0,0.45044747326662243,0.6157742180731758,0.09582926890377247,0.0789016821677361,0.4619123069645978,0.5849691367415178,0.5245473349203162,0.6577526618033064,0.1935392829303339,-0.21999199844006595,0.625942750115877,0.7508484836590645,0.5410694299225244
0.08783827244604651,-0.025393517298655795,0.26476600644171633,-0.02188548289328446,0.448009033053148,0.45044747326662243,1.0,0.731983365723708,0.6770425707636402,0.41554342488389157,0.25857391911231764,0.09920428424692149,0.5389786320553935,0.20453867441570903,0.5601303080414021,0.08907194493896813,0.3092208102268977,0.47797902448537666,0.8669627483632912
0.19335367555846825,0.10241900723399572,0.31726212119686165,0.06034965837632098,0.26368298486087066,0.6157742180731758,0.731983365723708,1.0,0.519530410585317,0.38025953633624165,0.2533738792852383,0.15527358286340331,0.3953585919884524,0.29815650975455094,0.3539805063548772,-0.2394603826062276,0.36410611274336374,0.5575256374647288,0.7964134693597928
-0.12375553761993631,-0.15147810277717635,-0.0753302014436159,-0.14308597197408482,0.11307990227459824,0.09582926890377247,0.6770425707636402,0.519530410585317,1.0,0.6175692611708903,-0.04007404765921459,-0.19264566338330472,0.09721187616533244,-0.08432117210896421,0.4426729260037854,0.058357025656240284,0.046497734936100585,0.1399283438491589,0.571359146676432
-0.1396012589060808,-0.018153465628969974,-0.14462862314216174,-0.11437746039989327,0.06081204200807381,0.0789016821677361,0.41554342488389157,0.38025953633624165,0.6175692611708903,1.0,-0.12725520563156562,-0.20499381168958877,-0.0605972673161127,-0.1643115917605612,0.18387009539857221,-0.08818679573586467,0.0023901295568976113,0.10175342468139581,0.29796310619940464
0.619822085233684,0.30142201361733895,0.8142770587899314,0.25860800300838954,0.39360385890842103,0.4619123069645978,0.25857391911231764,0.2533738792852383,-0.04007404765921459,-0.12725520563156562,1.0,0.3567425642327762,0.6830008313398398,0.3038008689710177,0.21921016360229684,-0.029886915419424207,0.5316036063440797,0.4449944380932449,0.2836620644351094
0.46638102324191444,0.526282439386779,0.5483757241132791,0.4560627670545984,0.2633921461914613,0.5849691367415178,0.09920428424692149,0.15527358286340331,-0.19264566338330472,-0.20499381168958877,0.3567425642327762,1.0,0.3030529508994821,0.827247671570623,-0.06978556286988981,-0.3812656821859469,0.44858058025359293,0.3825950796781748,0.1753643318517328
0.4239873313635431,0.14071572855871453,0.6611718172209239,0.11384385443821307,0.5023564417010602,0.5245473349203162,0.5389786320553935,0.3953585919884524,0.09721187616533244,-0.0605972673161127,0.6830008313398398,0.3030529508994821,1.0,0.3082167673045197,0.4314627964784689,-0.01067054953100231,0.5240910776330768,0.5202612132359057,0.5439325187084534
0.4090645682893241,0.437445393368266,0.49535051910360695,0.34365412109460536,0.1826607870857533,0.6577526618033064,0.20453867441570903,0.29815650975455094,-0.08432117210896421,-0.1643115917605612,0.3038008689710177,0.827247671570623,0.3082167673045197,1.0,0.00637973826874486,-0.4429341962869307,0.44631228080442487,0.4828903652193791,0.3065999331172323
-2.9957065328778948e-05,-0.14073928272980898,0.1977480962544511,-0.11621384593462013,0.22964495080612782,0.1935392829303339,0.5601303080414021,0.3539805063548772,0.4426729260037854,0.18387009539857221,0.21921016360229684,-0.06978556286988981,0.4314627964784689,0.00637973826874486,1.0,-0.012940523380277319,0.20697835615304164,0.23732876629275215,0.4850006604463814
0.054140527944827835,-0.08015384898493164,0.019526957615412795,-0.19604508241961627,-0.09562312254291898,-0.21999199844006595,0.08907194493896813,-0.2394603826062276,0.058357025656240284,-0.08818679573586467,-0.029886915419424207,-0.3812656821859469,-0.01067054953100231,-0.4429341962869307,-0.012940523380277319,1.0,0.06504873655060212,-0.16712170478340102,0.11155192378549582
0.45955921662063043,0.28383691486639306,0.6775908352487829,-0.21016554715748056,0.35650695012905625,0.625942750115877,0.3092208102268977,0.36410611274336374,0.046497734936100585,0.0023901295568976113,0.5316036063440797,0.44858058025359293,0.5240910776330768,0.44631228080442487,0.20697835615304164,0.06504873655060212,1.0,0.545615292597822,0.41271317766189386
0.3897171708806913,0.26641676429023453,0.5664034503670327,0.2122952774364308,0.19209350063206018,0.7508484836590645,0.47797902448537666,0.5575256374647288,0.1399283438491589,0.10175342468139581,0.4449944380932449,0.3825950796781748,0.5202612132359057,0.4828903652193791,0.23732876629275215,-0.16712170478340102,0.545615292597822,1.0,0.5358975701108782
0.13681781939748608,-0.02751520652108091,0.3464055209513366,0.025108530736874524,0.42673835285145734,0.5410694299225244,0.8669627483632912,0.7964134693597928,0.571359146676432,0.29796310619940464,0.2836620644351094,0.1753643318517328,0.5439325187084534,0.3065999331172323,0.4850006604463814,0.11155192378549582,0.41271317766189386,0.5358975701108782,1.0
