0,1,2,3,4,5,6,7,8,9,10,11,12,13,14,15,16,17,18
1.0,0.9413467255078006,0.839658781181894,0.8632088457232756,0.6785600397300924,0.6915840875940846,0.5188299038480563,0.49973160510566206,0.3267606882840185,-0.06636056208825754,0.8298459333538332,0.9167559460601694,0.6705708306007465,0.8563337795171351,0.4873563917390474,0.35565144232966284,0.8026456904676892,0.6157685401102712,0.5806072970282441
0.9413467255078006,1.0,0.7707762389665435,0.836875642986707,0.6277807697150003,0.667788939596144,0.48376739724553597,0.4652123755791427,0.3453619697805117,-0.0070174808454414326,0.727399452788529,0.9111983955072498,0.584353114109506,0.8538850315120273,0.45387173707351386,0.3594959560252182,0.771952086632374,0.5924634586280392,0.5377824805295578
0.839658781181894,0.7707762389665435,1.0,0.8888373911040343,0.9066241416537008,0.8099533190050965,0.7104947867348939,0.6007825600762587,0.4318128759519028,-0.08500218254805086,0.9203155489280765,0.8644278053172773,0.8597897130060187,0.8555089881299728,0.6121658846888883,0.3871245599047862,0.8811583202885346,0.7478243528557783,0.7718773001259868
0.8632088457232756,0.836875642986707,0.8888373911040343,1.0,0.7742449340721437,0.8853196064483181,0.5669939110336837,0.529375872274357,0.31841148469495556,-0.05674050252069412,0.8096172232701401,0.914364104302319,0.7089286265348523,0.894197601404846,0.4328473619099664,0.2666282716658888,0.806029817146082,0.7928748156311024,0.6243420165892738
0.6785600397300924,0.6277807697150003,0.9066241416537008,0.7742449340721437,1.0,0.7966786201132257,0.8457219204707292,0.6488374012504475,0.5241287692027881,-0.059504677347126195,0.809609820158514,0.7457915272144092,0.8844944985833222,0.7724364937042443,0.6764321520478939,0.41327364393808635,0.8014930908043802,0.7614412421400043,0.8862819765743865
0.6915840875940846,0.667788939596144,0.8099533190050965,0.8853196064483181,0.7966786201132257,1.0,0.6231704359622343,0.5810824788062373,0.34788319457423444,0.011559739338291483,0.7330270657513055,0.7717647938597392,0.7038389577253626,0.798288681966765,0.43522329894551315,0.2122611398959149,0.6715236686814627,0.8682778003411253,0.6765997553099565
0.5188299038480563,0.48376739724553597,0.7104947867348939,0.5669939110336837,0.8457219204707292,0.6231704359622343,1.0,0.7486547772856788,0.7597012203362423,0.1806944438344676,0.6042298491109822,0.5866405667643064,0.7820614891366695,0.624216711069196,0.782051488228008,0.411427913170152,0.6662138421064732,0.6020496368664323,0.9323177043193428
0.49973160510566206,0.4652123755791427,0.6007825600762587,0.529375872274357,0.6488374012504475,0.5810824788062373,0.7486547772856788,1.0,0.5281836518410039,0.16744815100080548,0.5227731906436383,0.47300266626684523,0.575708958551267,0.4936372303843954,0.5463815116397329,-0.002022259982251088,0.5875902910630242,0.5533673848838276,0.7329381519600064
0.3267606882840185,0.3453619697805117,0.4318128759519028,0.31841148469495556,0.5241287692027881,0.34788319457423444,0.7597012203362423,0.5281836518410039,1.0,0.430919422707748,0.3339094447007423,0.35655373115759015,0.4644191152566486,0.3844532508423341,0.677808510126,0.3417202743395888,0.4326589183340286,0.310297050280355,0.6858494466318098
-0.06636056208825754,-0.0070174808454414326,-0.08500218254805086,-0.05674050252069412,-0.059504677347126195,0.011559739338291483,0.1806944438344676,0.16744815100080548,0.430919422707748,1.0,-0.1296751670831493,-0.08463718278304364,-0.0773420457382814,-0.10468886189594317,0.12851070274776347,-0.03674178641167618,-0.042976773330711725,0.06861958856691866,0.09081753179326085
0.8298459333538332,0.727399452788529,0.9203155489280765,0.8096172232701401,0.809609820158514,0.7330270657513055,0.6042298491109822,0.5227731906436383,0.3339094447007423,-0.1296751670831493,1.0,0.783533108618049,0.8335277021944753,0.7627034291316503,0.5583817421623694,0.3177556166366722,0.7941217777188174,0.6745354599321296,0.6637948194358979
0.9167559460601694,0.9111983955072498,0.8644278053172773,0.914364104302319,0.7457915272144092,0.7717647938597392,0.5866405667643064,0.47300266626684523,0.35655373115759015,-0.08463718278304364,0.783533108618049,1.0,0.6939458245885834,0.9604300256036388,0.47988244012491527,0.30164978460344355,0.8428505386357875,0.685423999119179,0.6581820665189979
0.6705708306007465,0.584353114109506,0.8597897130060187,0.7089286265348523,0.8844944985833222,0.7038389577253626,0.7820614891366695,0.575708958551267,0.4644191152566486,-0.0773420457382814,0.8335277021944753,0.6939458245885834,1.0,0.7045649358487346,0.7178161672208553,0.3547459906083015,0.7337388022699229,0.6289465207769153,0.8168375268100734
0.8563337795171351,0.8538850315120273,0.8555089881299728,0.894197601404846,0.7724364937042443,0.798288681966765,0.624216711069196,0.4936372303843954,0.3844532508423341,-0.10468886189594317,0.7627034291316503,0.9604300256036388,0.7045649358487346,1.0,0.488843054857839,0.2708611961163547,0.8497365442136499,0.7016331862048284,0.7078126721461911
0.4873563917390474,0.45387173707351386,0.6121658846888883,0.4328473619099664,0.6764321520478939,0.43522329894551315,0.782051488228008,0.5463815116397329,0.677808510126,0.12851070274776347,0.5583817421623694,0.47988244012491527,0.7178161672208553,0.488843054857839,1.0,0.33029273323044944,0.5613981003100792,0.38358063653648455,0.7380743802122322
0.35565144232966284,0.3594959560252182,0.3871245599047862,0.2666282716658888,0.41327364393808635,0.2122611398959149,0.411427913170152,-0.002022259982251088,0.3417202743395888,-0.03674178641167618,0.3177556166366722,0.30164978460344355,0.3547459906083015,0.2708611961163547,0.33029273323044944,1.0,0.4109057029410876,0.1530458459189729,0.4607947614162633
0.8026456904676892,0.771952086632374,0.8811583202885346,0.806029817146082,0.8014930908043802,0.6715236686814627,0.6662138421064732,0.5875902910630242,0.4326589183340286,-0.042976773330711725,0.7941217777188174,0.8428505386357875,0.7337388022699229,0.8497365442136499,0.5613981003100792,0.4109057029410876,1.0,0.6771601401889401,0.7320020505423535
0.6157685401102712,0.5924634586280392,0.7478243528557783,0.7928748156311024,0.7614412421400043,0.8682778003411253,0.6020496368664323,0.5533673848838276,0.310297050280355,0.06861958856691866,0.6745354599321296,0.685423999119179,0.6289465207769153,0.7016331862048284,0.38358063653648455,0.1530458459189729,0.6771601401889401,1.0,0.6252494622393545
0.5806072970282441,0.5377824805295578,0.7718773001259868,0.6243420165892738,0.8862819765743865,0.6765997553099565,0.9323177043193428,0.7329381519600064,0.6858494466318098,0.09081753179326085,0.6637948194358979,0.6581820665189979,0.8168375268100734,0.7078126721461911,0.7380743802122322,0.4607947614162633,0.7320020505423535,0.6252494622393545,1.0
