0,1,2,3,4,5,6,7,8,9,10,11,12,13,14,15,16,17,18
1.0,0.921947090807336,0.5463300828467669,0.6403870478196819,0.41217844658614866,0.533155302919346,0.359180547607152,0.5441089647853379,0.2838610179785353,0.15036394353643082,0.5110671180848416,0.7669928890114573,0.36821111593748646,0.6848443489067152,0.25319437490019253,0.31484934295723943,0.4302002695135521,0.4796315169464943,0.37282565701856984
0.921947090807336,1.0,0.5525448746258659,0.6929159677742563,0.3992765701476192,0.5557400778121427,0.3023363523719178,0.5000973849965535,0.22364031383024874,0.10973321244364316,0.48230321118318903,0.8160433892961094,0.3305326776232488,0.7299580713887572,0.2120114372869367,0.28570604681674683,0.425602930357627,0.4780047789882019,0.319941193064478
0.5463300828467669,0.5525448746258659,1.0,0.827004724336055,0.8685935708997619,0.7321175439691509,0.6192992482899254,0.5654140731336034,0.32869327622570377,-0.048218840251301805,0.8982611992590473,0.7668217997180985,0.8037368222666836,0.7275266213382654,0.44784954765100876,0.24039188299508082,0.8421653184406367,0.705141561973422,0.6644286515617341
0.6403870478196819,0.6929159677742563,0.827004724336055,1.0,0.6909831245281715,0.8583159426583372,0.45131038463987905,0.5966719830538569,0.19091448931189328,-0.0074836020904429775,0.7124225386366095,0.8706699676689248,0.5736665408059106,0.8284613450063738,0.24850074771076547,0.05764845914097797,0.6913749889652198,0.7545217109117403,0.4993830622736513
0.41217844658614866,0.3992765701476192,0.8685935708997619,0.6909831245281715,1.0,0.7220424781863415,0.7844225598589017,0.6036625524847719,0.41550860008220664,-0.037940361021332254,0.8151602050106904,0.6533215998756847,0.8477574584032698,0.6513914512895694,0.5243805552737223,0.2082820929634231,0.7967280062021753,0.7683235019202401,0.8186918770297159
0.533155302919346,0.5557400778121427,0.7321175439691509,0.8583159426583372,0.7220424781863415,1.0,0.566251336250883,0.7275867372764314,0.281498574617408,0.06430427159298935,0.637912223228369,0.7228163810533128,0.5518852258848147,0.7354446061819894,0.29815848647336873,0.016653966550359556,0.5673542684166506,0.8484270862098928,0.6106392277034455
0.359180547607152,0.3023363523719178,0.6192992482899254,0.45131038463987905,0.7844225598589017,0.566251336250883,1.0,0.7158809235744552,0.7313775127573461,0.2688373464976942,0.601328982969878,0.4683873871200368,0.7329130262078422,0.45390119820352004,0.6774818092534306,0.24788704954179333,0.5337349480427442,0.6051974764205204,0.8807330234000067
0.5441089647853379,0.5000973849965535,0.5654140731336034,0.5966719830538569,0.6036625524847719,0.7275867372764314,0.7158809235744552,1.0,0.5004762527352528,0.3006427076494607,0.5001435166815031,0.5277877745632683,0.485973693547916,0.5334501458959988,0.4045853711657804,-0.02312534251933562,0.4620562868300878,0.6786908061642732,0.7430598573362163
0.2838610179785353,0.22364031383024874,0.32869327622570377,0.19091448931189328,0.41550860008220664,0.281498574617408,0.7313775127573461,0.5004762527352528,1.0,0.511800326229496,0.33770565364555866,0.24587291809573772,0.4070662931210047,0.18654720870760477,0.600922392865466,0.21210805760872792,0.26416819119318385,0.24425932849617768,0.59261925601597
0.15036394353643082,0.10973321244364316,-0.048218840251301805,-0.0074836020904429775,-0.037940361021332254,0.06430427159298935,0.2688373464976942,0.3006427076494607,0.511800326229496,1.0,-0.05578423530517842,-0.038899116379520246,-0.03780684550728563,-0.10515718388738647,0.1951565280586773,-0.056928296816344544,-0.11931812228642885,0.08650646184160034,0.14028046842312233
0.5110671180848416,0.48230321118318903,0.8982611992590473,0.7124225386366095,0.8151602050106904,0.637912223228369,0.601328982969878,0.5001435166815031,0.33770565364555866,-0.05578423530517842,1.0,0.6647162955494992,0.8425727164381172,0.6399597796337078,0.4795131952895106,0.18686815628999606,0.7923991847336505,0.6295548114543852,0.6398131854379717
0.7669928890114573,0.8160433892961094,0.7668217997180985,0.8706699676689248,0.6533215998756847,0.7228163810533128,0.4683873871200368,0.5277877745632683,0.24587291809573772,-0.038899116379520246,0.6647162955494992,1.0,0.5378114820292867,0.9163799341348543,0.2641154521755134,0.088763057091206,0.6883500095370889,0.6361504841455918,0.5078641057419649
0.36821111593748646,0.3305326776232488,0.8037368222666836,0.5736665408059106,0.8477574584032698,0.5518852258848147,0.7329130262078422,0.485973693547916,0.4070662931210047,-0.03780684550728563,0.8425727164381172,0.5378114820292867,1.0,0.5359374792939009,0.6267550506665348,0.17626619915167455,0.7264602193853023,0.5915415539145223,0.7252430827878962
0.6848443489067152,0.7299580713887572,0.7275266213382654,0.8284613450063738,0.6513914512895694,0.7354446061819894,0.45390119820352004,0.5334501458959988,0.18654720870760477,-0.10515718388738647,0.6399597796337078,0.9163799341348543,0.5359374792939009,1.0,0.23276037433437358,0.0052132180701269515,0.707631077304781,0.6353154155078551,0.554377430398656
0.25319437490019253,0.2120114372869367,0.44784954765100876,0.24850074771076547,0.5243805552737223,0.29815848647336873,0.6774818092534306,0.4045853711657804,0.600922392865466,0.1951565280586773,0.4795131952895106,0.2641154521755134,0.6267550506665348,0.23276037433437358,1.0,0.16400657990219214,0.3583931585960902,0.2838525313783418,0.6026443066626798
0.31484934295723943,0.28570604681674683,0.24039188299508082,0.05764845914097797,0.2082820929634231,0.016653966550359556,0.24788704954179333,-0.02312534251933562,0.21210805760872792,-0.056928296816344544,0.18686815628999606,0.088763057091206,0.17626619915167455,0.0052132180701269515,0.16400657990219214,1.0,0.21339950857909212,-0.007944792922725439,0.2896764243073558
0.4302002695135521,0.425602930357627,0.8421653184406367,0.6913749889652198,0.7967280062021753,0.5673542684166506,0.5337349480427442,0.4620562868300878,0.26416819119318385,-0.11931812228642885,0.7923991847336505,0.6883500095370889,0.7264602193853023,0.707631077304781,0.3583931585960902,0.21339950857909212,1.0,0.6116494288681417,0.6369964648693013
0.4796315169464943,0.4780047789882019,0.705141561973422,0.7545217109117403,0.7683235019202401,0.8484270862098928,0.6051974764205204,0.6786908061642732,0.24425932849617768,0.08650646184160034,0.6295548114543852,0.6361504841455918,0.5915415539145223,0.6353154155078551,0.2838525313783418,-0.007944792922725439,0.6116494288681417,1.0,0.622199033322479
0.37282565701856984,0.319941193064478,0.6644286515617341,0.4993830622736513,0.8186918770297159,0.6106392277034455,0.8807330234000067,0.7430598573362163,0.59261925601597,0.14028046842312233,0.6398131854379717,0.5078641057419649,0.7252430827878962,0.554377430398656,0.6026443066626798,0.2896764243073558,0.6369964648693013,0.622199033322479,1.0
