0,1,2,3,4,5,6,7,8,9,10,11,12,13,14,15,16,17,18
1.0,0.890350173785853,0.7221549792306277,0.7760538875913046,0.25896355418341543,0.5824868011420303,0.13579193523761307,0.3215188423126835,-0.04074736690475781,-0.16585180915140574,0.7181599331969952,0.8060478386573308,0.5217281452354995,0.7164637663281737,0.08065432458527005,0.09931752874879012,0.7148718052724395,0.33919408277940305,0.24137859515222893
0.890350173785853,1.0,0.5395603181646454,0.6733654073963662,0.1687329317395221,0.49535894046613455,0.0440419877599102,0.25220333756327606,-0.047854516238121966,-0.10452214906541851,0.5222891060685779,0.7836693741442945,0.36507480094193084,0.6766003307416424,0.052833248621846574,0.0902707307353123,0.5783567675478899,0.2704517851398869,0.16123944537146148
0.7221549792306277,0.5395603181646454,1.0,0.7986310474563709,0.45196606677461676,0.7186993493423638,0.35004963987443677,0.416654497899556,0.006860359220681807,-0.20289953404801622,0.8716427325456031,0.7040757373929522,0.7248191422468299,0.652768288719856,0.12532477027955988,0.11690357966910053,0.8852784253035018,0.48266912078660595,0.4150523907341477
0.7760538875913046,0.6733654073963662,0.7986310474563709,1.0,0.35180569201644923,0.7750493625121508,0.24213650904601045,0.4030756111216414,-0.018835479910644364,-0.12598658831559167,0.7154788490261378,0.8449940859797418,0.5528817119507946,0.7617833643863874,0.03380451341238432,-0.03954049479636035,0.848082188154239,0.47718582692989714,0.3195011487019065
0.25896355418341543,0.1687329317395221,0.45196606677461676,0.35180569201644923,1.0,0.29851759989005106,0.325647134996027,0.2439239548807192,0.10383901687287928,-0.10142196874928898,0.4026659043251339,0.288739243779227,0.4793941343022653,0.12092983853113243,0.2314027495497837,-0.04426353669737347,0.4351019711830513,-0.1463060430746012,0.3128112648731483
0.5824868011420303,0.49535894046613455,0.7186993493423638,0.7750493625121508,0.29851759989005106,1.0,0.4856794824911158,0.6631135846867222,0.11819374236796919,-0.01884813496375699,0.6045587232710594,0.6909284074078317,0.5820815133363334,0.7252250646823806,0.1407445685133556,-0.09728193999948898,0.7702059193302925,0.746942889247099,0.579053755014332
0.13579193523761307,0.0440419877599102,0.35004963987443677,0.24213650904601045,0.325647134996027,0.4856794824911158,1.0,0.7764741149122464,0.7039350509145228,0.3397036976494798,0.27728094729369496,0.17375813795558645,0.5333701597829841,0.2526766017923388,0.5143383651254215,0.12440271473661496,0.3689486555827979,0.46654723271075343,0.8718594505165688
0.3215188423126835,0.25220333756327606,0.416654497899556,0.4030756111216414,0.2439239548807192,0.6631135846867222,0.7764741149122464,1.0,0.5269955707230489,0.3365041303931179,0.33804056270407584,0.3026779211411836,0.4740637037626646,0.3625121067519755,0.35484491110097,-0.14436926397429625,0.4380054715486613,0.5507772253254282,0.8222064521641708
-0.04074736690475781,-0.047854516238121966,0.006860359220681807,-0.018835479910644364,0.10383901687287928,0.11819374236796919,0.7039350509145228,0.5269955707230489,1.0,0.6260998509287812,-0.04271978521019372,-0.059747774505958105,0.13370324064330366,-0.020138522884181616,0.4345439321415047,0.058194295175026486,0.032472202130724326,0.13459441870025843,0.5797892115143641
-0.16585180915140574,-0.10452214906541851,-0.20289953404801622,-0.12598658831559167,-0.10142196874928898,-0.01884813496375699,0.3397036976494798,0.3365041303931179,0.6260998509287812,1.0,-0.23827234350611012,-0.2054987423083293,-0.11258576591751557,-0.18266808563116088,0.18915861708924667,-0.20156790754333645,-0.2170149894762433,0.07695886711485664,0.22353153518907035
0.7181599331969952,0.5222891060685779,0.8716427325456031,0.7154788490261378,0.4026659043251339,0.6045587232710594,0.27728094729369496,0.33804056270407584,-0.04271978521019372,-0.23827234350611012,1.0,0.5896703224372678,0.7707727275223919,0.537880575933876,0.1580695839711275,0.06533652503312885,0.7462024905174822,0.38587684282152396,0.32331048743356144
0.8060478386573308,0.7836693741442945,0.7040757373929522,0.8449940859797418,0.288739243779227,0.6909284074078317,0.17375813795558645,0.3026779211411836,-0.059747774505958105,-0.2054987423083293,0.5896703224372678,1.0,0.44675762522392626,0.8692841468810485,1.740789736628493e-06,-0.08854201614481423,0.803756789931953,0.3863465185920385,0.293983407101992
0.5217281452354995,0.36507480094193084,0.7248191422468299,0.5528817119507946,0.4793941343022653,0.5820815133363334,0.5333701597829841,0.4740637037626646,0.13370324064330366,-0.11258576591751557,0.7707727275223919,0.44675762522392626,1.0,0.4162423608019126,0.4069995330300926,0.021060496860543516,0.6392042465830264,0.4099271885898116,0.5251324805587017
0.7164637663281737,0.6766003307416424,0.652768288719856,0.7617833643863874,0.12092983853113243,0.7252250646823806,0.2526766017923388,0.3625121067519755,-0.020138522884181616,-0.18266808563116088,0.537880575933876,0.8692841468810485,0.4162423608019126,1.0,-0.02399701242740227,-0.1275114686825624,0.74390361222161,0.5079893268905372,0.3808822173924064
0.08065432458527005,0.052833248621846574,0.12532477027955988,0.03380451341238432,0.2314027495497837,0.1407445685133556,0.5143383651254215,0.35484491110097,0.4345439321415047,0.18915861708924667,0.1580695839711275,1.740789736628493e-06,0.4069995330300926,-0.02399701242740227,1.0,-0.06186554401985903,0.1195443776145725,0.09153625113385636,0.40038046638803404
0.09931752874879012,0.0902707307353123,0.11690357966910053,-0.03954049479636035,-0.04426353669737347,-0.09728193999948898,0.12440271473661496,-0.14436926397429625,0.058194295175026486,-0.20156790754333645,0.06533652503312885,-0.08854201614481423,0.021060496860543516,-0.1275114686825624,-0.06186554401985903,1.0,0.15658994283685845,-0.02905299361443104,0.2095858283379129
0.7148718052724395,0.5783567675478899,0.8852784253035018,0.848082188154239,0.4351019711830513,0.7702059193302925,0.3689486555827979,0.4380054715486613,0.032472202130724326,-0.2170149894762433,0.7462024905174822,0.803756789931953,0.6392042465830264,0.74390361222161,0.1195443776145725,0.15658994283685845,1.0,0.5063861633935288,0.5071922449213472
0.33919408277940305,0.2704517851398869,0.48266912078660595,0.47718582692989714,-0.1463060430746012,0.746942889247099,0.46654723271075343,0.5507772253254282,0.13459441870025843,0.07695886711485664,0.38587684282152396,0.3863465185920385,0.4099271885898116,0.5079893268905372,0.09153625113385636,-0.02905299361443104,0.5063861633935288,1.0,0.5033272470965017
0.24137859515222893,0.16123944537146148,0.4150523907341477,0.3195011487019065,0.3128112648731483,0.579053755014332,0.8718594505165688,0.8222064521641708,0.5797892115143641,0.22353153518907035,0.32331048743356144,0.293983407101992,0.5251324805587017,0.3808822173924064,0.40038046638803404,0.2095858283379129,0.5071922449213472,0.5033272470965017,1.0
