0,1,2,3,4,5,6,7,8,9,10,11,12,13,14,15,16,17,18
1.0,0.9510262156754319,0.7347632181168287,0.8273338190754879,0.4582176632906795,0.6582158724332076,0.17452467880910372,0.40113065144069127,0.010135212655125311,-0.04710127845891577,0.7514186404643682,0.8589470279845496,0.47144362670729906,0.7729441525800016,0.11444744208297165,0.11603026055031594,0.7259537517300612,0.5148145291066253,0.22587935687949995
0.9510262156754319,1.0,0.6349233226224803,0.8029664411333324,0.3618649169141387,0.6208585410310117,0.10338391001678517,0.3626324805224364,-0.020653748440581102,-0.019558970161643013,0.6403501922923032,0.8482727207370783,0.376125426884238,0.7564982059422083,0.049581407224336974,0.0765790352652292,0.6496987197599734,0.4836535496717551,0.14354483585087044
0.7347632181168287,0.6349233226224803,1.0,0.8307442218896663,0.7674843524479875,0.74206443968156,0.33128283601560043,0.4522191709642615,0.007587433818175121,-0.10920173528590148,0.9044970674226837,0.7461623985833825,0.700565254390055,0.7336497323997949,0.2165935676656654,0.1262074612995607,0.9238421579667824,0.6573655733621715,0.43545531198267184
0.8273338190754879,0.8029664411333324,0.8307442218896663,1.0,0.591600097728136,0.8586585675907084,0.23009938870864677,0.4848985807476738,-0.044527523398235874,-0.029928429165294878,0.7608806904832918,0.9104197460061194,0.5238229596678744,0.8491045218406742,0.07745322032109271,-0.06296491834636829,0.8731502828540657,0.7317439112926808,0.3011147350382311
0.4582176632906795,0.3618649169141387,0.7674843524479875,0.591600097728136,1.0,0.7181426037899837,0.6777234257167677,0.5895960406772148,0.2333451089359174,0.016816144989663055,0.702913069556891,0.49986639957559836,0.7996076936965758,0.5256360353058842,0.4144008167141508,0.15629255102346176,0.7741573263489502,0.7373228134962023,0.737421326481797
0.6582158724332076,0.6208585410310117,0.74206443968156,0.8586585675907084,0.7181426037899837,1.0,0.42986806619503354,0.6659675460608268,0.0646945855027179,0.05177343254148762,0.6959733296623698,0.771352517069395,0.6059408176888316,0.7770877010655064,0.17492250412231225,-0.14524277044465872,0.7810860061420299,0.859008593024949,0.5211087790996503
0.17452467880910372,0.10338391001678517,0.33128283601560043,0.23009938870864677,0.6777234257167677,0.42986806619503354,1.0,0.73144725422432,0.7091680630262316,0.411017085643052,0.29737645512312916,0.19022338571017977,0.5527528685788655,0.20537270541784072,0.5828678629773313,0.18843911726992035,0.3583367834849461,0.5192867166500595,0.8776400256703507
0.40113065144069127,0.3626324805224364,0.4522191709642615,0.4848985807476738,0.5895960406772148,0.6659675460608268,0.73144725422432,1.0,0.4757453482125707,0.40102664230490764,0.38545915837413036,0.39445364107789294,0.4289753196832988,0.3882232227887788,0.3784773208790672,-0.1336682404271938,0.4665386228144273,0.6451927501422627,0.7640901459326879
0.010135212655125311,-0.020653748440581102,0.007587433818175121,-0.044527523398235874,0.2333451089359174,0.0646945855027179,0.7091680630262316,0.4757453482125707,1.0,0.5976999638349658,0.004417616079859894,-0.05253596839702424,0.1816817333339574,-0.06094728140259667,0.4998072182255082,0.11577941865114648,0.02002128458876799,0.1082984180616025,0.5572561079056242
-0.04710127845891577,-0.019558970161643013,-0.10920173528590148,-0.029928429165294878,0.016816144989663055,0.05177343254148762,0.411017085643052,0.40102664230490764,0.5976999638349658,1.0,-0.13568175611941133,-0.08710195490895174,-0.0852278209549006,-0.13433332182475088,0.19366170971447635,-0.1382407289866769,-0.1129291754447431,0.15993842200023828,0.2780348704495316
0.7514186404643682,0.6403501922923032,0.9044970674226837,0.7608806904832918,0.702913069556891,0.6959733296623698,0.29737645512312916,0.38545915837413036,0.004417616079859894,-0.13568175611941133,1.0,0.6953608693241804,0.7562781064943634,0.6838488048755005,0.2566257638355683,0.06606000201425338,0.8273443875258891,0.5961379876628701,0.3647850955988956
0.8589470279845496,0.8482727207370783,0.7461623985833825,0.9104197460061194,0.49986639957559836,0.771352517069395,0.19022338571017977,0.39445364107789294,-0.05253596839702424,-0.08710195490895174,0.6953608693241804,1.0,0.4490634582223986,0.9289583203137641,0.023424425112652195,-0.12540295748161343,0.795516633601905,0.6098326556289285,0.2617499657347529
0.47144362670729906,0.376125426884238,0.700565254390055,0.5238229596678744,0.7996076936965758,0.6059408176888316,0.5527528685788655,0.4289753196832988,0.1816817333339574,-0.0852278209549006,0.7562781064943634,0.4490634582223986,1.0,0.48076903748131833,0.47489528551096805,0.09921454223759332,0.6619260472433428,0.5796520188636639,0.5761889551410186
0.7729441525800016,0.7564982059422083,0.7336497323997949,0.8491045218406742,0.5256360353058842,0.7770877010655064,0.20537270541784072,0.3882232227887788,-0.06094728140259667,-0.13433332182475088,0.6838488048755005,0.9289583203137641,0.48076903748131833,1.0,0.035162597676110144,-0.21295509363686344,0.7841652653638925,0.6114240642159714,0.30865609255028736
0.11444744208297165,0.049581407224336974,0.2165935676656654,0.07745322032109271,0.4144008167141508,0.17492250412231225,0.5828678629773313,0.3784773208790672,0.4998072182255082,0.19366170971447635,0.2566257638355683,0.023424425112652195,0.47489528551096805,0.035162597676110144,1.0,0.029119184914382295,0.19679628362332374,0.21978706863869854,0.49958371258371015
0.11603026055031594,0.0765790352652292,0.1262074612995607,-0.06296491834636829,0.15629255102346176,-0.14524277044465872,0.18843911726992035,-0.1336682404271938,0.11577941865114648,-0.1382407289866769,0.06606000201425338,-0.12540295748161343,0.09921454223759332,-0.21295509363686344,0.029119184914382295,1.0,0.14769232735857393,-0.11788975710477127,0.2433254568696795
0.7259537517300612,0.6496987197599734,0.9238421579667824,0.8731502828540657,0.7741573263489502,0.7810860061420299,0.3583367834849461,0.4665386228144273,0.02002128458876799,-0.1129291754447431,0.8273443875258891,0.795516633601905,0.6619260472433428,0.7841652653638925,0.19679628362332374,0.14769232735857393,1.0,0.7052150215787718,0.49277574626799064
0.5148145291066253,0.4836535496717551,0.6573655733621715,0.7317439112926808,0.7373228134962023,0.859008593024949,0.5192867166500595,0.6451927501422627,0.1082984180616025,0.15993842200023828,0.5961379876628701,0.6098326556289285,0.5796520188636639,0.6114240642159714,0.21978706863869854,-0.11788975710477127,0.7052150215787718,1.0,0.575839908652682
0.22587935687949995,0.14354483585087044,0.43545531198267184,0.3011147350382311,0.737421326481797,0.5211087790996503,0.8776400256703507,0.7640901459326879,0.5572561079056242,0.2780348704495316,0.3647850955988956,0.2617499657347529,0.5761889551410186,0.30865609255028736,0.49958371258371015,0.2433254568696795,0.49277574626799064,0.575839908652682,1.0
