0,1,2,3,4,5,6,7,8,9,10,11,12,13,14,15,16,17,18
1.0,0.9157378776585279,0.7331968850735489,0.6723355680958233,0.6349538872947507,0.4796757372097903,0.32282728508358,0.30984002714219144,0.15598571666545347,-0.06143980348417165,0.7426722571833475,0.7556870719475225,0.49472936267200873,0.6583393502624155,0.26938880853583524,0.14594003321643048,0.7452618181794268,0.5136961639148119,0.4140376848104874
0.9157378776585279,1.0,0.5661626650238037,0.613152137327111,0.5070018671021518,0.4042528124053503,0.2583892088689785,0.2608739509123798,0.18260103875157954,-0.013572921840153863,0.570870604771272,0.7477405791642093,0.3131721649040774,0.649050535028907,0.21891760083030748,0.11774511263127087,0.6323798490810988,0.4411831828025871,0.3444298855067849
0.7331968850735489,0.5661626650238037,1.0,0.7894315031046538,0.8269265204909636,0.6582689824772784,0.4693279331934272,0.4040930824310465,0.1598097667572496,-0.1534330682738281,0.9176386463557733,0.7217761336421333,0.7563039748617343,0.6509294515900557,0.3274424145118531,0.0979891077477304,0.8944698986811355,0.6812378683418168,0.5392144299258206
0.6723355680958233,0.613152137327111,0.7894315031046538,1.0,0.6783252299472182,0.7819153385200375,0.38787919387046244,0.4541284695507463,0.0953983397531455,-0.0176343908914724,0.7060040360971697,0.8324490512121314,0.5349409510723071,0.7536049435861926,0.19337435390005417,-0.1212356561677647,0.833934905286885,0.7554185479482126,0.45715251718637934
0.6349538872947507,0.5070018671021518,0.8269265204909636,0.6783252299472182,1.0,0.6785555742005679,0.7198758896241616,0.5488044070190659,0.3766087451597235,0.0073299242614761175,0.7753105850839328,0.6385054059272595,0.7261330163887368,0.6156675007857855,0.4871943303199637,0.09969676593702156,0.8329368734656172,0.7611158092104356,0.7465425639883112
0.4796757372097903,0.4042528124053503,0.6582689824772784,0.7819153385200375,0.6785555742005679,1.0,0.4890159723057663,0.5692580483300662,0.15489001456875004,0.04857396971661011,0.5949843010278495,0.6319019804715166,0.5416943890108641,0.6832394637047002,0.24209397879320627,-0.13873856470708618,0.6751377262761037,0.823643879172397,0.5417575263493172
0.32282728508358,0.2583892088689785,0.4693279331934272,0.38787919387046244,0.7198758896241616,0.4890159723057663,1.0,0.7250769774588015,0.75433031823397,0.3266448504918188,0.4159424489890775,0.38902128082278237,0.5304110693278694,0.38309350643752677,0.6247009500281054,0.14380490738520996,0.48957298934667226,0.5760726177102755,0.881111498450063
0.30984002714219144,0.2608739509123798,0.4040930824310465,0.4541284695507463,0.5488044070190659,0.5692580483300662,0.7250769774588015,1.0,0.4974929157262482,0.34710455265872636,0.3571184325416157,0.3237234015308275,0.3707053291535241,0.34673684409732275,0.35469560472940714,-0.20687294716954135,0.45573017505090535,0.5732239708888658,0.7703311277653412
0.15598571666545347,0.18260103875157954,0.1598097667572496,0.0953983397531455,0.3766087451597235,0.15489001456875004,0.75433031823397,0.4974929157262482,1.0,0.47336049777822226,0.14464497908760593,0.17412050477936872,0.17274409493027146,0.14927679301120683,0.5251040960946067,0.11658577118461151,0.18947288011978206,0.233781535627276,0.6240960121036151
-0.06143980348417165,-0.013572921840153863,-0.1534330682738281,-0.0176343908914724,0.0073299242614761175,0.04857396971661011,0.3266448504918188,0.34710455265872636,0.47336049777822226,1.0,-0.17604776119690466,-0.12126678306526088,-0.1444527228515891,-0.12983598336592378,0.15970117071436202,-0.1607586142998882,-0.14303520143496698,0.11322484578080767,0.19929587077079924
0.7426722571833475,0.570870604771272,0.9176386463557733,0.7060040360971697,0.7753105850839328,0.5949843010278495,0.4159424489890775,0.3571184325416157,0.14464497908760593,-0.17604776119690466,1.0,0.6613117121738601,0.7650279478653218,0.600763888009183,0.34074583929796265,0.05209413939063466,0.8254341811617508,0.6055209800629511,0.49282157649140196
0.7556870719475225,0.7477405791642093,0.7217761336421333,0.8324490512121314,0.6385054059272595,0.6319019804715166,0.38902128082278237,0.3237234015308275,0.17412050477936872,-0.12126678306526088,0.6613117121738601,1.0,0.4926690830174518,0.9018446139339831,0.17415715523693184,-0.1599953581127862,0.7936962729011718,0.6286218435451247,0.4613117682122129
0.49472936267200873,0.3131721649040774,0.7563039748617343,0.5349409510723071,0.7261330163887368,0.5416943890108641,0.5304110693278694,0.3707053291535241,0.17274409493027146,-0.1444527228515891,0.7650279478653218,0.4926690830174518,1.0,0.4499246568151549,0.4780888487652801,0.024934625441195013,0.6549223620409627,0.586798102546668,0.5770724378327402
0.6583393502624155,0.649050535028907,0.6509294515900557,0.7536049435861926,0.6156675007857855,0.6832394637047002,0.38309350643752677,0.34673684409732275,0.14927679301120683,-0.12983598336592378,0.600763888009183,0.9018446139339831,0.4499246568151549,1.0,0.16070824348114743,-0.2741148856087546,0.7291233501724286,0.6266089860759809,0.46954148067036167
0.26938880853583524,0.21891760083030748,0.3274424145118531,0.19337435390005417,0.4871943303199637,0.24209397879320627,0.6247009500281054,0.35469560472940714,0.5251040960946067,0.15970117071436202,0.34074583929796265,0.17415715523693184,0.4780888487652801,0.16070824348114743,1.0,0.10283692919826914,0.309236168878695,0.29528833047076597,0.5370087344909193
0.14594003321643048,0.11774511263127087,0.0979891077477304,-0.1212356561677647,0.09969676593702156,-0.13873856470708618,0.14380490738520996,-0.20687294716954135,0.11658577118461151,-0.1607586142998882,0.05209413939063466,-0.1599953581127862,0.024934625441195013,-0.2741148856087546,0.10283692919826914,1.0,0.1034302878249919,-0.14402907547665136,0.18741204171074854
0.7452618181794268,0.6323798490810988,0.8944698986811355,0.833934905286885,0.8329368734656172,0.6751377262761037,0.48957298934667226,0.45573017505090535,0.18947288011978206,-0.14303520143496698,0.8254341811617508,0.7936962729011718,0.6549223620409627,0.7291233501724286,0.309236168878695,0.1034302878249919,1.0,0.7126282249316133,0.6099229762844911
0.5136961639148119,0.4411831828025871,0.6812378683418168,0.7554185479482126,0.7611158092104356,0.823643879172397,0.5760726177102755,0.5732239708888658,0.233781535627276,0.11322484578080767,0.6055209800629511,0.6286218435451247,0.586798102546668,0.6266089860759809,0.29528833047076597,-0.14402907547665136,0.7126282249316133,1.0,0.6209452917045514
0.4140376848104874,0.3444298855067849,0.5392144299258206,0.45715251718637934,0.7465425639883112,0.5417575263493172,0.881111498450063,0.7703311277653412,0.6240960121036151,0.19929587077079924,0.49282157649140196,0.4613117682122129,0.5770724378327402,0.46954148067036167,0.5370087344909193,0.18741204171074854,0.6099229762844911,0.6209452917045514,1.0
