0,1,2,3,4,5,6,7,8,9,10,11,12,13,14,15,16,17,18
1.0,0.9096362682567201,0.8050360939523175,-0.14370404170305898,0.7897022146602014,0.7149673106607792,0.472310234526869,0.4902521988075998,-0.07818327024414028,0.14591294215182182,0.8030975053663123,0.7784411950194904,0.45641498201298136,0.653495152831671,0.23984804280521624,0.2624360635231746,0.6216464662762016,0.3425938701692065,0.5309109754616267
0.9096362682567201,1.0,0.6439138823603557,-0.11271485439038574,0.7118429026109216,0.6966865482191648,0.40620561834799396,0.5259166760169769,-0.11033630902684856,0.22032794373155798,0.6163919529077895,0.7333967919350066,0.26053069231824444,0.5902593412575375,0.13977880422742697,0.21288750839290116,0.5451835718423076,0.29050078520105077,0.41146668198122727
0.8050360939523175,0.6439138823603557,1.0,-0.014293353165257977,0.7211678624549068,0.6158653015055949,0.5178089945562484,0.41495909897280736,0.02410115620318776,0.05981644157098195,0.8981401483684234,0.6688458831677877,0.7001042049325018,0.545766080149848,0.36068839706964617,0.24438751330490716,0.5349877746942665,0.4997764609307086,0.572897110399971
-0.14370404170305898,-0.11271485439038574,-0.014293353165257977,1.0,-0.14054353456429425,-0.23188309966220647,-0.16382754924984275,-0.12777976750661263,-0.029953225074297728,-0.051266365744458586,-0.08052900416025305,-0.1885904391322689,-0.1059080067608668,-0.23000674602744436,-0.1839199241558231,-0.13943679303284215,-0.8009040812917531,-0.018962802395774688,-0.14765388816714667
0.7897022146602014,0.7118429026109216,0.7211678624549068,-0.14054353456429425,1.0,0.7700325839829031,0.6747387324418687,0.5871669129064842,-0.28885695389309135,0.3058475875385753,0.7304728377078462,0.6873787933896832,0.5705106634187337,0.6305209699436466,0.29129948343153733,0.3216565708688007,0.5670641416856699,0.4306285091274916,0.6816032672923874
0.7149673106607792,0.6966865482191648,0.6158653015055949,-0.23188309966220647,0.7700325839829031,1.0,0.5894484103511324,0.7350031651405516,-0.2581973159169499,0.3362831712561046,0.6394515192332001,0.708682742042516,0.441389468778365,0.591815032150915,0.21951162615270073,0.2290005755970415,0.649757444036213,0.5673787481956487,0.5946611465419865
0.472310234526869,0.40620561834799396,0.5178089945562484,-0.16382754924984275,0.6747387324418687,0.5894484103511324,1.0,0.7112323017918818,-0.32198655286616107,0.5441060364377204,0.550447149581768,0.5072236309378918,0.5588038295726916,0.5024861320009121,0.5360481122797226,0.4033245409586825,0.4461960578084748,0.5464785528075814,0.8756105073000673
0.4902521988075998,0.5259166760169769,0.41495909897280736,-0.12777976750661263,0.5871669129064842,0.7350031651405516,0.7112323017918818,1.0,-0.41673257747679127,0.5941784316196768,0.4113413242439304,0.4756466449073251,0.33904938647365446,0.3350438160577072,0.2685186742545953,0.2102390769400786,0.42661282422259567,0.5092205195039858,0.6742202446837514
-0.07818327024414028,-0.11033630902684856,0.02410115620318776,-0.029953225074297728,-0.28885695389309135,-0.2581973159169499,-0.32198655286616107,-0.41673257747679127,1.0,-0.5904640823555558,-0.025780182940610467,-0.2920147249621178,-0.0168346393397137,-0.27463974696875126,0.10148439231049687,-0.3406276195454787,-0.026016510967965742,-0.14839595034834602,-0.28499265484257913
0.14591294215182182,0.22032794373155798,0.05981644157098195,-0.051266365744458586,0.3058475875385753,0.3362831712561046,0.5441060364377204,0.5941784316196768,-0.5904640823555558,1.0,0.10491426083034042,0.19714850291814118,0.05245621921455344,0.11086423172286894,0.12814922829367337,0.29482355861998766,0.1473388431082021,0.3417813625100112,0.4142752986740611
0.8030975053663123,0.6163919529077895,0.8981401483684234,-0.08052900416025305,0.7304728377078462,0.6394515192332001,0.550447149581768,0.4113413242439304,-0.025780182940610467,0.10491426083034042,1.0,0.6417725091814839,0.7152037746803838,0.5573226103336312,0.3787874986530816,0.2593113952506467,0.5631892815839372,0.47321548143235226,0.6011838407630455
0.7784411950194904,0.7333967919350066,0.6688458831677877,-0.1885904391322689,0.6873787933896832,0.708682742042516,0.5072236309378918,0.4756466449073251,-0.2920147249621178,0.19714850291814118,0.6417725091814839,1.0,0.3676958118501794,0.8195642758031908,0.18519882294838,0.07106511687925614,0.6235376328912925,0.3475787811424901,0.561838449590242
0.45641498201298136,0.26053069231824444,0.7001042049325018,-0.1059080067608668,0.5705106634187337,0.441389468778365,0.5588038295726916,0.33904938647365446,-0.0168346393397137,0.05245621921455344,0.7152037746803838,0.3676958118501794,1.0,0.33441359728750963,0.4735193162867035,0.18661816486712293,0.40286552646973195,0.4711188549761402,0.5697879254093556
0.653495152831671,0.5902593412575375,0.545766080149848,-0.23000674602744436,0.6305209699436466,0.591815032150915,0.5024861320009121,0.3350438160577072,-0.27463974696875126,0.11086423172286894,0.5573226103336312,0.8195642758031908,0.33441359728750963,1.0,0.18784750249716647,-0.05763034627834128,0.5503493522770284,0.23687032455754847,0.5757169806996967
0.23984804280521624,0.13977880422742697,0.36068839706964617,-0.1839199241558231,0.29129948343153733,0.21951162615270073,0.5360481122797226,0.2685186742545953,0.10148439231049687,0.12814922829367337,0.3787874986530816,0.18519882294838,0.4735193162867035,0.18784750249716647,1.0,0.12147436933292115,0.3103860575046446,0.2476212590698746,0.4989634915199991
0.2624360635231746,0.21288750839290116,0.24438751330490716,-0.13943679303284215,0.3216565708688007,0.2290005755970415,0.4033245409586825,0.2102390769400786,-0.3406276195454787,0.29482355861998766,0.2593113952506467,0.07106511687925614,0.18661816486712293,-0.05763034627834128,0.12147436933292115,1.0,0.2594983293356431,0.1613359554868747,0.41231974419878803
0.6216464662762016,0.5451835718423076,0.5349877746942665,-0.8009040812917531,0.5670641416856699,0.649757444036213,0.4461960578084748,0.42661282422259567,-0.026016510967965742,0.1473388431082021,0.5631892815839372,0.6235376328912925,0.40286552646973195,0.5503493522770284,0.3103860575046446,0.2594983293356431,1.0,0.33426480464310454,0.46705088977414855
0.3425938701692065,0.29050078520105077,0.4997764609307086,-0.018962802395774688,0.4306285091274916,0.5673787481956487,0.5464785528075814,0.5092205195039858,-0.14839595034834602,0.3417813625100112,0.47321548143235226,0.3475787811424901,0.4711188549761402,0.23687032455754847,0.2476212590698746,0.1613359554868747,0.33426480464310454,1.0,0.5201173328372379
0.5309109754616267,0.41146668198122727,0.572897110399971,-0.14765388816714667,0.6816032672923874,0.5946611465419865,0.8756105073000673,0.6742202446837514,-0.28499265484257913,0.4142752986740611,0.6011838407630455,0.561838449590242,0.5697879254093556,0.5757169806996967,0.4989634915199991,0.41231974419878803,0.46705088977414855,0.5201173328372379,1.0
