0,1,2,3,4,5,6,7,8,9,10,11,12,13,14,15,16,17,18
1.0,0.9506747343477189,0.29308040195323665,0.3791752008436988,-0.03795645908455146,0.25000998216033754,-0.05168802327420162,0.1572549474914928,-0.267303179889556,0.11880481844530864,0.404703590513514,0.278997729772909,-0.1300537631069586,0.315232761880266,-0.19709210256261153,0.16122892296650254,0.2523652277674773,0.06931057930755725,-0.08329234843238961
0.9506747343477189,1.0,0.3888109432667286,0.5105989324229324,0.11375561990983589,0.35642864160437565,0.09925141237734027,0.24918709597974895,-0.13974920879539307,0.24490642224257925,0.4237848200792748,0.3779304960022599,0.014482134193229594,0.4139270720056851,-0.08781851448293834,0.2790768853259697,0.3375860066533527,0.240585813621767,0.022043555774884253
0.29308040195323665,0.3888109432667286,1.0,0.6484930021117731,0.691754659422432,0.6035203056642792,0.4311564963028373,0.34406245651421324,-0.03336954035086804,0.2697679315905131,0.43381637068896867,0.2374289110969275,0.3358630286224095,0.4342885616574781,0.014394073136932696,0.33732646695327145,0.7474496497892457,0.42153428631125234,0.31072264020334567
0.3791752008436988,0.5105989324229324,0.6484930021117731,1.0,0.45886476524372816,0.7978534551090173,0.3350292849562053,0.5451481411192043,-0.012950821332913268,0.5112439007071204,0.4553787988581788,0.283699765366869,0.22432237746694925,0.6157123503884945,0.18710560699382783,0.5903530623337518,0.7618743769352769,0.5860517670345662,0.2560808830017654
-0.03795645908455146,0.11375561990983589,0.691754659422432,0.45886476524372816,1.0,0.5521223902047155,0.6460462729688251,0.36357237921886865,0.1940138963705843,0.29780009311792666,0.01399242927651751,0.2796101869004086,0.5709528080473963,0.33660719554350077,0.13909818235178947,0.3269155775859065,0.4886954998281472,0.6030494967691763,0.42653839293440876
0.25000998216033754,0.35642864160437565,0.6035203056642792,0.7978534551090173,0.5521223902047155,1.0,0.5760115810520688,0.7651252006612108,0.08759479864311358,0.5734527240383235,0.3370964730402931,0.21483770917002004,0.30625949432656113,0.6598993411726375,0.22673562452126894,0.7050922696517135,0.6905622362855789,0.7120438531602952,0.5242315405328214
-0.05168802327420162,0.09925141237734027,0.4311564963028373,0.3350292849562053,0.6460462729688251,0.5760115810520688,1.0,0.48896007420538845,0.5618604741497687,0.42218226987072943,-0.3307467911621894,0.14067786639070715,0.3802678187136762,0.2966643688642431,0.3557182915474463,0.38222564442371054,0.44665307856722225,0.7407430300845075,0.7565202751071747
0.1572549474914928,0.24918709597974895,0.34406245651421324,0.5451481411192043,0.36357237921886865,0.7651252006612108,0.48896007420538845,1.0,0.11905450796010789,0.7198702489869466,0.14628091989529146,0.10230043259926375,0.20479045018353295,0.536139732761888,0.21493484078792702,0.73005220741766,0.38426225289036636,0.6355029185416132,0.6023844257203329
-0.267303179889556,-0.13974920879539307,-0.03336954035086804,-0.012950821332913268,0.1940138963705843,0.08759479864311358,0.5618604741497687,0.11905450796010789,1.0,0.34059485050354527,-0.7138323699350839,0.05385187813636007,0.14430419589759425,0.012726669577928501,0.585561322703256,0.23111552739601393,0.05046200603783258,0.31276730664892,0.5174932236762342
0.11880481844530864,0.24490642224257925,0.2697679315905131,0.5112439007071204,0.29780009311792666,0.5734527240383235,0.42218226987072943,0.7198702489869466,0.34059485050354527,1.0,-0.013664091195432819,0.12769487729446563,0.19179529399230585,0.4657396109671308,0.3379345625818833,0.7182032188396853,0.296316291228335,0.6016582121800821,0.5652491090948081
0.404703590513514,0.4237848200792748,0.43381637068896867,0.4553787988581788,0.01399242927651751,0.3370964730402931,-0.3307467911621894,0.14628091989529146,-0.7138323699350839,-0.013664091195432819,1.0,0.1757690003686994,-0.10776429388331162,0.3379250291708254,-0.4413045347355428,0.12518951292482738,0.3382329855900287,-0.009111441946071795,-0.3355952991372959
0.278997729772909,0.3779304960022599,0.2374289110969275,0.283699765366869,0.2796101869004086,0.21483770917002004,0.14067786639070715,0.10230043259926375,0.05385187813636007,0.12769487729446563,0.1757690003686994,1.0,0.14875894012782165,0.4181045402779699,0.11975785465459879,0.25957860604556643,0.2671202617366965,0.11419353518377061,0.0603180618875944
-0.1300537631069586,0.014482134193229594,0.3358630286224095,0.22432237746694925,0.5709528080473963,0.30625949432656113,0.3802678187136762,0.20479045018353295,0.14430419589759425,0.19179529399230585,-0.10776429388331162,0.14875894012782165,1.0,0.18972365939162547,0.19423051006568665,0.1992179072677548,0.15495049295627114,0.4113032438344418,0.15483531220898855
0.315232761880266,0.4139270720056851,0.4342885616574781,0.6157123503884945,0.33660719554350077,0.6598993411726375,0.2966643688642431,0.536139732761888,0.012726669577928501,0.4657396109671308,0.3379250291708254,0.4181045402779699,0.18972365939162547,1.0,0.1678899391990428,0.7280598784403903,0.5284893384922335,0.3812686621032489,0.2999172338541264
-0.19709210256261153,-0.08781851448293834,0.014394073136932696,0.18710560699382783,0.13909818235178947,0.22673562452126894,0.3557182915474463,0.21493484078792702,0.585561322703256,0.3379345625818833,-0.4413045347355428,0.11975785465459879,0.19423051006568665,0.1678899391990428,1.0,0.38191298980607086,0.0790345157326522,0.30746640217035737,0.3177964915675909
0.16122892296650254,0.2790768853259697,0.33732646695327145,0.5903530623337518,0.3269155775859065,0.7050922696517135,0.38222564442371054,0.73005220741766,0.23111552739601393,0.7182032188396853,0.12518951292482738,0.25957860604556643,0.1992179072677548,0.7280598784403903,0.38191298980607086,1.0,0.4130459232220047,0.5286220297653842,0.4636500753544961
0.2523652277674773,0.3375860066533527,0.7474496497892457,0.7618743769352769,0.4886954998281472,0.6905622362855789,0.44665307856722225,0.38426225289036636,0.05046200603783258,0.296316291228335,0.3382329855900287,0.2671202617366965,0.15495049295627114,0.5284893384922335,0.0790345157326522,0.4130459232220047,1.0,0.37252640823837774,0.3824531751468053
0.06931057930755725,0.240585813621767,0.42153428631125234,0.5860517670345662,0.6030494967691763,0.7120438531602952,0.7407430300845075,0.6355029185416132,0.31276730664892,0.6016582121800821,-0.009111441946071795,0.11419353518377061,0.4113032438344418,0.3812686621032489,0.30746640217035737,0.5286220297653842,0.37252640823837774,1.0,0.5351160149239647
-0.08329234843238961,0.022043555774884253,0.31072264020334567,0.2560808830017654,0.42653839293440876,0.5242315405328214,0.7565202751071747,0.6023844257203329,0.5174932236762342,0.5652491090948081,-0.3355952991372959,0.0603180618875944,0.15483531220898855,0.2999172338541264,0.3177964915675909,0.4636500753544961,0.3824531751468053,0.5351160149239647,1.0
