0,1,2,3,4,5,6,7,8,9,10,11,12,13,14,15,16,17,18
1.0,0.8367678429634907,0.6422449067979945,0.6760713574570019,0.27005079707656365,0.5026030179401701,-0.08771388535359037,0.39737285646086695,-0.17801977044908102,0.22134545889699594,0.8497474546984405,-0.38485830975508717,0.34315115378230077,0.23822005812565547,0.11844794015808113,0.2648845255276761,0.5062490631696686,0.614356599366247,-0.19922855492994992
0.8367678429634907,1.0,0.8423750176287823,0.8786060176459959,0.4828721994729717,0.670588740082038,0.03977477119134863,0.5160246351871315,-0.14469292823213245,0.22211408462295068,0.8567226263516686,-0.4436061571400675,0.535624303594521,0.45547121822501235,0.32136604320325957,0.3203534509872728,0.6297361219458856,0.7375049224142218,-0.11361944556041707
0.6422449067979945,0.8423750176287823,1.0,0.8096874748333853,0.6500610676620484,0.6067186180140618,0.19861055529369628,0.4337355284688538,0.008299326458711655,0.14941237865607565,0.6128849889383264,-0.03181482509221287,0.5962316453281638,0.5635120024700443,0.3468724166789801,0.2688663598847522,0.8064245492403006,0.641635921517762,0.13375397363531344
0.6760713574570019,0.8786060176459959,0.8096874748333853,1.0,0.5077197922712146,0.6937779534873718,0.07670107813684063,0.516285294683222,-0.03739635522614314,0.20032853938561093,0.6370415091793121,-0.13886775574101018,0.4686083766895417,0.6131657001384542,0.27105740869812256,0.27173711543649015,0.7174945947372484,0.671741943182679,0.04537953521617398
0.27005079707656365,0.4828721994729717,0.6500610676620484,0.5077197922712146,1.0,0.5323475773613919,0.7263795983184365,0.35469377116365686,0.33519294280759376,0.0314595992792424,0.24418308340619566,0.2776455715104208,0.871974609431511,0.552629255751726,0.5631474930024395,0.1519517260903711,0.6297369880359647,0.6186144044106952,0.45453579278183365
0.5026030179401701,0.670588740082038,0.6067186180140618,0.6937779534873718,0.5323475773613919,1.0,0.2480249979879071,0.7484582515579098,0.061473452018587525,0.19351036756750328,0.4764143184166673,-0.0751240572926539,0.4633085697987536,0.7344026674671701,0.22739969463193496,0.31340942732012667,0.6162515365663422,0.7785285234881946,0.35394545985971687
-0.08771388535359037,0.03977477119134863,0.19861055529369628,0.07670107813684063,0.7263795983184365,0.2480249979879071,1.0,0.277545166550704,0.6075613475450166,0.05550196626761422,-0.09341323763585874,0.3263189539726558,0.6974020144551766,0.2917677348769882,0.5836327496562613,0.09931939423332925,0.24236480961423412,0.3029144950803012,0.6045073516948702
0.39737285646086695,0.5160246351871315,0.4337355284688538,0.516285294683222,0.35469377116365686,0.7484582515579098,0.277545166550704,1.0,0.16758929844580653,0.54202829315577,0.4210703585410288,-0.2144880496937753,0.3202869579573274,0.5758026441020095,0.22066802119945786,0.5318251552808286,0.3776573886539085,0.581799588875297,0.47650775665390355
-0.17801977044908102,-0.14469292823213245,0.008299326458711655,-0.03739635522614314,0.33519294280759376,0.061473452018587525,0.6075613475450166,0.16758929844580653,1.0,0.12967632298050277,-0.15488403649397844,0.3468383176264981,0.2731674077024007,0.1750444036372724,0.45506080569408525,0.10875608832128655,0.101136890570916,0.007893029235518496,0.43890152100838575
0.22134545889699594,0.22211408462295068,0.14941237865607565,0.20032853938561093,0.0314595992792424,0.19351036756750328,0.05550196626761422,0.54202829315577,0.12967632298050277,1.0,0.2331576582556069,-0.2893289051553317,-0.0018623489555369263,0.05814139362313858,0.070415784867338,0.58972044083269,0.11253154773274951,0.21006421548567572,0.17522668749567802
0.8497474546984405,0.8567226263516686,0.6128849889383264,0.6370415091793121,0.24418308340619566,0.4764143184166673,-0.09341323763585874,0.4210703585410288,-0.15488403649397844,0.2331576582556069,1.0,-0.5410495739351785,0.3742736113056816,0.19076081134007974,0.2032347217385504,0.26589361858154986,0.3678765053296675,0.6079336754966331,-0.2632503138953737
-0.38485830975508717,-0.4436061571400675,-0.03181482509221287,-0.13886775574101018,0.2776455715104208,-0.0751240572926539,0.3263189539726558,-0.2144880496937753,0.3468383176264981,-0.2893289051553317,-0.5410495739351785,1.0,0.10599860588716312,0.3172338699068756,0.04131659669103743,-0.20420473820627907,0.2830402810776378,-0.2291063373087311,0.4442968545240759
0.34315115378230077,0.535624303594521,0.5962316453281638,0.4686083766895417,0.871974609431511,0.4633085697987536,0.6974020144551766,0.3202869579573274,0.2731674077024007,-0.0018623489555369263,0.3742736113056816,0.10599860588716312,1.0,0.4404520093669425,0.6231534072951674,0.1536258212099226,0.5050085933848475,0.5958483205225156,0.24691544739464652
0.23822005812565547,0.45547121822501235,0.5635120024700443,0.6131657001384542,0.552629255751726,0.7344026674671701,0.2917677348769882,0.5758026441020095,0.1750444036372724,0.05814139362313858,0.19076081134007974,0.3172338699068756,0.4404520093669425,1.0,0.3059730973481498,0.2660827830247348,0.60233764697938,0.45875043870972554,0.4666967191449348
0.11844794015808113,0.32136604320325957,0.3468724166789801,0.27105740869812256,0.5631474930024395,0.22739969463193496,0.5836327496562613,0.22066802119945786,0.45506080569408525,0.070415784867338,0.2032347217385504,0.04131659669103743,0.6231534072951674,0.3059730973481498,1.0,0.1763464756768811,0.19758252936467569,0.304136858092484,0.20666864210282324
0.2648845255276761,0.3203534509872728,0.2688663598847522,0.27173711543649015,0.1519517260903711,0.31340942732012667,0.09931939423332925,0.5318251552808286,0.10875608832128655,0.58972044083269,0.26589361858154986,-0.20420473820627907,0.1536258212099226,0.2660827830247348,0.1763464756768811,1.0,0.200052393204335,0.2610471584154173,0.19322976961580982
0.5062490631696686,0.6297361219458856,0.8064245492403006,0.7174945947372484,0.6297369880359647,0.6162515365663422,0.24236480961423412,0.3776573886539085,0.101136890570916,0.11253154773274951,0.3678765053296675,0.2830402810776378,0.5050085933848475,0.60233764697938,0.19758252936467569,0.200052393204335,1.0,0.6072276939446688,0.29772961322569125
0.614356599366247,0.7375049224142218,0.641635921517762,0.671741943182679,0.6186144044106952,0.7785285234881946,0.3029144950803012,0.581799588875297,0.007893029235518496,0.21006421548567572,0.6079336754966331,-0.2291063373087311,0.5958483205225156,0.45875043870972554,0.304136858092484,0.2610471584154173,0.6072276939446688,1.0,0.2007750409309727
-0.19922855492994992,-0.11361944556041707,0.13375397363531344,0.04537953521617398,0.45453579278183365,0.35394545985971687,0.6045073516948702,0.47650775665390355,0.43890152100838575,0.17522668749567802,-0.2632503138953737,0.4442968545240759,0.24691544739464652,0.4666967191449348,0.20666864210282324,0.19322976961580982,0.29772961322569125,0.2007750409309727,1.0
