0,1,2,3,4,5,6,7,8,9,10,11,12,13,14,15,16,17,18
1.0,0.846683268963051,0.760490602039504,0.723611123896653,0.32806076367619286,0.515578598598264,0.070751522571144,0.3858357708836745,-0.009719904704050812,0.15688933080157993,0.8267440879242882,0.14823994538556062,0.40570776163728106,0.41127584827460056,0.22168332926493156,0.198938736033294,0.6732496141138328,0.5230842187826686,0.059756078324399046
0.846683268963051,1.0,0.869665445118297,0.889613603040549,0.5574217362223787,0.7104869703213501,0.21746167594012025,0.4810775926027049,0.035497644165934136,0.13326892819212344,0.8077276957550886,0.056940321608429614,0.6349577850695409,0.5930518162514872,0.3609621187209896,0.24579898121626245,0.7957278232332545,0.7273374038064035,0.14138548298749865
0.760490602039504,0.869665445118297,1.0,0.7999598491372714,0.5863307999591656,0.6019579422017779,0.17635805627808854,0.39817127352608467,-0.011836776282068666,0.11679254571974698,0.6609723154898314,0.3501606244821082,0.5573736291353415,0.5604666785198315,0.1891161518935463,0.19705336746321367,0.8453278756514152,0.6195308097759517,0.21550568257940744
0.723611123896653,0.889613603040549,0.7999598491372714,1.0,0.49648012896938154,0.6803261193652577,0.17763835547617265,0.4130392109570322,0.006688979116712659,0.09131503841250439,0.6217577385564681,0.29485514068956686,0.5147944390995514,0.6240452072966106,0.24101196867351993,0.1649416582355037,0.8025330403725337,0.6646853717821011,0.1655951868076753
0.32806076367619286,0.5574217362223787,0.5863307999591656,0.49648012896938154,1.0,0.6290749940285177,0.6967110189709872,0.46695470742285095,0.27677388076651593,0.14363931247179665,0.26499631836526977,0.3079160508590353,0.8428104355492505,0.5766408613767461,0.46796188226899776,0.19906181814495927,0.5151123353453263,0.6011685726618736,0.5068244347875002
0.515578598598264,0.7104869703213501,0.6019579422017779,0.6803261193652577,0.6290749940285177,1.0,0.4215969123619567,0.7569351696153674,0.11190240218103642,0.1961229583128711,0.4468505507936383,0.10855253931861593,0.5962117634565647,0.7557557898826287,0.3341694460458032,0.29725670310072966,0.5682141461617308,0.7429174123173863,0.519127642342432
0.070751522571144,0.21746167594012025,0.17635805627808854,0.17763835547617265,0.6967110189709872,0.4215969123619567,1.0,0.5185441133557865,0.5381876852451734,0.29857282944722296,0.03232013236881213,0.0923361574244746,0.7011400430707715,0.390232045819527,0.6231132699596926,0.24589489550649046,0.12014998106378603,0.3394222135791861,0.6014698918904092
0.3858357708836745,0.4810775926027049,0.39817127352608467,0.4130392109570322,0.46695470742285095,0.7569351696153674,0.5185441133557865,1.0,0.2381961708413429,0.5327589274597768,0.33873606900273223,-0.05529568565179317,0.4886310412621894,0.6114282446016154,0.38253067040714944,0.48773627366663724,0.31740209033553657,0.5297834949854172,0.6905240138494881
-0.009719904704050812,0.035497644165934136,-0.011836776282068666,0.006688979116712659,0.27677388076651593,0.11190240218103642,0.5381876852451734,0.2381961708413429,1.0,0.2824891417103865,0.0656870262045614,-0.04836554935007115,0.2970685969387402,0.1302734159823644,0.4667290494252981,0.22795829582001056,-0.03361903341066987,0.07141579392398542,0.3062018403447432
0.15688933080157993,0.13326892819212344,0.11679254571974698,0.09131503841250439,0.14363931247179665,0.1961229583128711,0.29857282944722296,0.5327589274597768,0.2824891417103865,1.0,0.08379772498937844,-0.19437210738322014,0.16318808286961756,0.1334852876050528,0.22770883013572285,0.48965122480394535,0.06484824183201161,0.19838867275128425,0.3829896672504444
0.8267440879242882,0.8077276957550886,0.6609723154898314,0.6217577385564681,0.26499631836526977,0.4468505507936383,0.03232013236881213,0.33873606900273223,0.0656870262045614,0.08379772498937844,1.0,-0.04203850452293916,0.4238092364260092,0.2988669263265738,0.27669506853687004,0.19190210212102166,0.4926053953539016,0.4503572657521345,-0.062295993134502216
0.14823994538556062,0.056940321608429614,0.3501606244821082,0.29485514068956686,0.3079160508590353,0.10855253931861593,0.0923361574244746,-0.05529568565179317,-0.04836554935007115,-0.19437210738322014,-0.04203850452293916,1.0,0.1395786752150981,0.39621509034508284,-0.07008645344120745,-0.07329871519833196,0.4124528967335859,-0.058349911370170496,0.1307554292411436
0.40570776163728106,0.6349577850695409,0.5573736291353415,0.5147944390995514,0.8428104355492505,0.5962117634565647,0.7011400430707715,0.4886310412621894,0.2970685969387402,0.16318808286961756,0.4238092364260092,0.1395786752150981,1.0,0.5202358724497387,0.589619792610929,0.21377298849275955,0.4592890296324814,0.5993034053310663,0.3318633614255216
0.41127584827460056,0.5930518162514872,0.5604666785198315,0.6240452072966106,0.5766408613767461,0.7557557898826287,0.390232045819527,0.6114282446016154,0.1302734159823644,0.1334852876050528,0.2988669263265738,0.39621509034508284,0.5202358724497387,1.0,0.30902324662772923,0.3190345783665468,0.5768218627024639,0.5279491072900934,0.4685116438715805
0.22168332926493156,0.3609621187209896,0.1891161518935463,0.24101196867351993,0.46796188226899776,0.3341694460458032,0.6231132699596926,0.38253067040714944,0.4667290494252981,0.22770883013572285,0.27669506853687004,-0.07008645344120745,0.589619792610929,0.30902324662772923,1.0,0.2497781329070673,0.0720335769981011,0.2701488667700458,0.20863216382737637
0.198938736033294,0.24579898121626245,0.19705336746321367,0.1649416582355037,0.19906181814495927,0.29725670310072966,0.24589489550649046,0.48773627366663724,0.22795829582001056,0.48965122480394535,0.19190210212102166,-0.07329871519833196,0.21377298849275955,0.3190345783665468,0.2497781329070673,1.0,0.19142919266784283,0.25755519136058025,0.33447030685873635
0.6732496141138328,0.7957278232332545,0.8453278756514152,0.8025330403725337,0.5151123353453263,0.5682141461617308,0.12014998106378603,0.31740209033553657,-0.03361903341066987,0.06484824183201161,0.4926053953539016,0.4124528967335859,0.4592890296324814,0.5768218627024639,0.0720335769981011,0.19142919266784283,1.0,0.6499052728520627,0.23748058929334406
0.5230842187826686,0.7273374038064035,0.6195308097759517,0.6646853717821011,0.6011685726618736,0.7429174123173863,0.3394222135791861,0.5297834949854172,0.07141579392398542,0.19838867275128425,0.4503572657521345,-0.058349911370170496,0.5993034053310663,0.5279491072900934,0.2701488667700458,0.25755519136058025,0.6499052728520627,1.0,0.38333253738385226
0.059756078324399046,0.14138548298749865,0.21550568257940744,0.1655951868076753,0.5068244347875002,0.519127642342432,0.6014698918904092,0.6905240138494881,0.3062018403447432,0.3829896672504444,-0.062295993134502216,0.1307554292411436,0.3318633614255216,0.4685116438715805,0.20863216382737637,0.33447030685873635,0.23748058929334406,0.38333253738385226,1.0
