0,1,2,3,4,5,6,7,8,9,10,11,12,13,14,15,16,17,18
1.0,0.8672415461207241,0.676839140627492,0.6067804434029946,0.31074019148391996,0.6194633753677318,0.01186820503727233,0.5048357059517589,-0.14549313962987467,0.2572021827314639,0.827863066113821,-0.1707471183218688,0.4140621014615098,0.3223614513119727,0.15177535522601204,0.1462292653916246,0.5474471876692951,0.6990780944535468,-0.03334104713351089
0.8672415461207241,1.0,0.7910171623124932,0.8116786539242352,0.48027019821293543,0.695810459504372,0.027729642285636798,0.5659060499973612,-0.13623294901397692,0.18655737267098813,0.7600224611611639,-0.2165272450346092,0.5131023195366514,0.4928856747729021,0.32110809014124586,0.14596180945791626,0.5445070063265102,0.8186878504115179,0.036648089180253404
0.676839140627492,0.7910171623124932,1.0,0.7778497872726746,0.7359572343025468,0.5902620522754365,0.2708862202873072,0.44459555858192507,0.057708998884299305,0.06921593070333114,0.44793635430292655,0.3240098992045592,0.5920533232944011,0.695024922165436,0.364467799690704,0.1644747656977814,0.725823046283788,0.638742882357144,0.4305232360907051
0.6067804434029946,0.8116786539242352,0.7778497872726746,1.0,0.4924196644988653,0.5032614476306055,-0.05909121808720258,0.4419634399741084,-0.09372031044516779,0.04446610898535707,0.37544759096018193,0.08471162934174208,0.3272288620524324,0.6520556188614018,0.2926028522794096,0.08086712395867472,0.39559977670694546,0.623085419743823,0.20389857537000952
0.31074019148391996,0.48027019821293543,0.7359572343025468,0.4924196644988653,1.0,0.4624745753379832,0.7085449216787876,0.36011348869002335,0.40404737862829665,-0.01161926585449538,0.14627132246073798,0.48097792263661476,0.8233210707911258,0.6483038204353466,0.5865516444807337,0.14012651086447991,0.6194418705246958,0.49071711116341865,0.6733981048469693
0.6194633753677318,0.695810459504372,0.5902620522754365,0.5032614476306055,0.4624745753379832,1.0,0.2653094650803757,0.7521154991792728,0.08700730952383676,0.24759477468148863,0.6055083180683746,0.011439024097677782,0.5237917741331835,0.5397870554787092,0.2692474046842894,0.28962627593128243,0.5901240585288766,0.7483995942236579,0.26981091970566606
0.01186820503727233,0.027729642285636798,0.2708862202873072,-0.05909121808720258,0.7085449216787876,0.2653094650803757,1.0,0.2562518754894352,0.7054288146571193,0.10562897285494185,-0.017371699986802644,0.5032185218300804,0.7517409021527663,0.33810415950343425,0.5658223437938916,0.24414127318228274,0.5046209670665973,0.1579602009779023,0.6587037312504395
0.5048357059517589,0.5659060499973612,0.44459555858192507,0.4419634399741084,0.36011348869002335,0.7521154991792728,0.2562518754894352,1.0,0.16627095489514723,0.5251752591728345,0.5076087617200306,-0.1162533213700182,0.40720626059641213,0.4300956223202815,0.31211286833505986,0.4698803766644134,0.31583691964298455,0.6158673001040124,0.35479336822578844
-0.14549313962987467,-0.13623294901397692,0.057708998884299305,-0.09372031044516779,0.40404737862829665,0.08700730952383676,0.7054288146571193,0.16627095489514723,1.0,0.12213826806063051,-0.11747453370710836,0.41512184457059514,0.41015640095260814,0.24071157058754522,0.4990038629231775,0.20592809002276863,0.2527662645780293,-0.046497890204896336,0.5085976924296489
0.2572021827314639,0.18655737267098813,0.06921593070333114,0.04446610898535707,-0.01161926585449538,0.24759477468148863,0.10562897285494185,0.5251752591728345,0.12213826806063051,1.0,0.3347772176744166,-0.23437121723771082,0.11564384842349229,-0.043987716462105475,0.14643887657176305,0.45122581194794664,0.028793906343557905,0.2460941905211662,0.052478868139179395
0.827863066113821,0.7600224611611639,0.44793635430292655,0.37544759096018193,0.14627132246073798,0.6055083180683746,-0.017371699986802644,0.5076087617200306,-0.11747453370710836,0.3347772176744166,1.0,-0.3522040022311849,0.39647284565490526,0.09912074666452708,0.15814438390220134,0.18204977518879956,0.4162801158423406,0.6844418422596698,-0.23742719035225174
-0.1707471183218688,-0.2165272450346092,0.3240098992045592,0.08471162934174208,0.48097792263661476,0.011439024097677782,0.5032185218300804,-0.1162533213700182,0.41512184457059514,-0.23437121723771082,-0.3522040022311849,1.0,0.31068474107909094,0.5276756582487413,0.20255849027539966,0.07834360708848569,0.4941136955096991,-0.18926679671690258,0.5903403083742216
0.4140621014615098,0.5131023195366514,0.5920533232944011,0.3272288620524324,0.8233210707911258,0.5237917741331835,0.7517409021527663,0.40720626059641213,0.41015640095260814,0.11564384842349229,0.39647284565490526,0.31068474107909094,1.0,0.4626957618642151,0.6064614064671233,0.2241653089062284,0.6769062440851084,0.560783386018796,0.41432218717199826
0.3223614513119727,0.4928856747729021,0.695024922165436,0.6520556188614018,0.6483038204353466,0.5397870554787092,0.33810415950343425,0.4300956223202815,0.24071157058754522,-0.043987716462105475,0.09912074666452708,0.5276756582487413,0.4626957618642151,1.0,0.408996364634811,0.1968381441524235,0.5650593416088359,0.3590215540603518,0.5784295607767346
0.15177535522601204,0.32110809014124586,0.364467799690704,0.2926028522794096,0.5865516444807337,0.2692474046842894,0.5658223437938916,0.31211286833505986,0.4990038629231775,0.14643887657176305,0.15814438390220134,0.20255849027539966,0.6064614064671233,0.408996364634811,1.0,0.19567370356897457,0.2596580768379075,0.32442818816989055,0.3550633440313369
0.1462292653916246,0.14596180945791626,0.1644747656977814,0.08086712395867472,0.14012651086447991,0.28962627593128243,0.24414127318228274,0.4698803766644134,0.20592809002276863,0.45122581194794664,0.18204977518879956,0.07834360708848569,0.2241653089062284,0.1968381441524235,0.19567370356897457,1.0,0.22927491152243612,0.19045700887016673,0.2358784516243753
0.5474471876692951,0.5445070063265102,0.725823046283788,0.39559977670694546,0.6194418705246958,0.5901240585288766,0.5046209670665973,0.31583691964298455,0.2527662645780293,0.028793906343557905,0.4162801158423406,0.4941136955096991,0.6769062440851084,0.5650593416088359,0.2596580768379075,0.22927491152243612,1.0,0.5054023816702221,0.3779616573823301
0.6990780944535468,0.8186878504115179,0.638742882357144,0.623085419743823,0.49071711116341865,0.7483995942236579,0.1579602009779023,0.6158673001040124,-0.046497890204896336,0.2460941905211662,0.6844418422596698,-0.18926679671690258,0.560783386018796,0.3590215540603518,0.32442818816989055,0.19045700887016673,0.5054023816702221,1.0,0.08382404229475114
-0.03334104713351089,0.036648089180253404,0.4305232360907051,0.20389857537000952,0.6733981048469693,0.26981091970566606,0.6587037312504395,0.35479336822578844,0.5085976924296489,0.052478868139179395,-0.23742719035225174,0.5903403083742216,0.41432218717199826,0.5784295607767346,0.3550633440313369,0.2358784516243753,0.3779616573823301,0.08382404229475114,1.0
