0,1,2,3,4,5,6,7,8,9,10,11,12,13,14,15,16,17,18
1.0,0.47520378377157485,0.7735680351588875,0.6380668720684972,0.2663197359200181,0.3270966493500879,-0.11768596368166784,-0.17149176433781724,-0.3025098400441357,-0.18330744921991432,0.788252028264381,0.6353970585285039,0.21174906069831542,0.3983111227079103,-0.34598990502064075,-0.15384284781833152,0.7079246264474329,0.26014598555233837,-0.07002324801699396
0.47520378377157485,1.0,0.5683600271831647,0.6999134082556998,0.14561133055309639,0.35351766497216525,-0.24018338371798867,-0.14394636329543212,-0.3080638385267013,-0.14374787755496377,0.5670612459829735,0.6361266908324762,0.22378946839556332,0.38843890537423875,-0.3598036991334853,-0.08541460048822727,0.5681543602412844,0.28721967206461163,-0.3065993442633535
0.7735680351588875,0.5683600271831647,1.0,0.7197792468635679,0.5361025216133378,0.4703298334072629,0.23761763793695745,0.09628293445371972,0.10695732043072301,-0.00782477045168525,0.8564364676979427,0.6465909992800031,0.3839053669758852,0.4781422655023329,0.07267350799354559,0.053050535675647284,0.8958458753928503,0.4679081667105678,0.2760100670700216
0.6380668720684972,0.6999134082556998,0.7197792468635679,1.0,0.42754140848891975,0.7495807779366843,0.1156918458828659,0.1677138043358972,0.0005553355072204193,0.022388570261122738,0.6286602325381566,0.8952932076593335,0.2725363189625069,0.7469059153022726,-0.025694509820507826,0.20873523628478505,0.8200318413188409,0.5393198561852395,0.1205594249566552
0.2663197359200181,0.14561133055309639,0.5361025216133378,0.42754140848891975,1.0,0.6157460071669228,0.6819407006619921,0.3136062082190252,0.264394336274202,0.09036108477331146,0.4868957831792142,0.43692674578178947,0.5019165555202473,0.5176576584851154,0.3288349736089157,0.2269390844040005,0.5070271889823181,0.7472163642208122,0.5362364362427067
0.3270966493500879,0.35351766497216525,0.4703298334072629,0.7495807779366843,0.6157460071669228,1.0,0.3616792715093793,0.442505904414864,0.12480985270271455,0.16868081108032137,0.418199939874013,0.6691108918027303,0.29697769549315733,0.823389488977223,0.11116740064858434,0.43642954235633064,0.5646801041043196,0.783304833045125,0.3846710984719301
-0.11768596368166784,-0.24018338371798867,0.23761763793695745,0.1156918458828659,0.6819407006619921,0.3616792715093793,1.0,0.5857115139328649,0.5726666433635124,0.3768118310663526,0.21130763527668117,0.12469031938003859,0.4313964623190872,0.2935255151849942,0.6135701950722768,0.44244056070655685,0.2115670466184738,0.5130918139955779,0.7741132606023773
-0.17149176433781724,-0.14394636329543212,0.09628293445371972,0.1677138043358972,0.3136062082190252,0.442505904414864,0.5857115139328649,1.0,0.4935697887035739,0.7508716608258441,0.07905099482416612,0.061050531415132656,0.2160742681918646,0.30214920569833315,0.41313398613037694,0.707718564730433,0.07953238925591344,0.5188437839529852,0.7605351502959357
-0.3025098400441357,-0.3080638385267013,0.10695732043072301,0.0005553355072204193,0.264394336274202,0.12480985270271455,0.5726666433635124,0.4935697887035739,1.0,0.4926332689681465,0.04647852292728338,-0.04591932637506711,0.2582990425330035,0.1035308134369029,0.681513228492761,0.39107453448752916,0.10078370133835028,0.19293315137383343,0.6062637496356783
-0.18330744921991432,-0.14374787755496377,-0.00782477045168525,0.022388570261122738,0.09036108477331146,0.16868081108032137,0.3768118310663526,0.7508716608258441,0.4926332689681465,1.0,0.011551316142958212,-0.11091242110900218,0.10243144485812708,0.0933907815685903,0.32085275005758024,0.6584732653825045,-0.05242456495667726,0.26530887794078367,0.5258546085133033
0.788252028264381,0.5670612459829735,0.8564364676979427,0.6286602325381566,0.4868957831792142,0.418199939874013,0.21130763527668117,0.07905099482416612,0.04647852292728338,0.011551316142958212,1.0,0.6040167047666665,0.47139802671949327,0.4473920043273214,-0.02290225266869454,0.0701713733554603,0.7110073932286477,0.44667673964286,0.1692116165784399
0.6353970585285039,0.6361266908324762,0.6465909992800031,0.8952932076593335,0.43692674578178947,0.6691108918027303,0.12469031938003859,0.061050531415132656,-0.04591932637506711,-0.11091242110900218,0.6040167047666665,1.0,0.2838796308809185,0.7572526331583661,-0.04619807844563819,0.11426017451575587,0.7432063152703583,0.4624346586672592,0.06850261966015692
0.21174906069831542,0.22378946839556332,0.3839053669758852,0.2725363189625069,0.5019165555202473,0.29697769549315733,0.4313964623190872,0.2160742681918646,0.2582990425330035,0.10243144485812708,0.47139802671949327,0.2838796308809185,1.0,0.3322969877335568,0.3355873969021198,0.12739000578758128,0.2673635939326922,0.41115157223183657,0.25599046703237965
0.3983111227079103,0.38843890537423875,0.4781422655023329,0.7469059153022726,0.5176576584851154,0.823389488977223,0.2935255151849942,0.30214920569833315,0.1035308134369029,0.0933907815685903,0.4473920043273214,0.7572526331583661,0.3322969877335568,1.0,0.12438448164414552,0.3709821616055995,0.5915921340146522,0.5723944233863718,0.3012936266312686
-0.34598990502064075,-0.3598036991334853,0.07267350799354559,-0.025694509820507826,0.3288349736089157,0.11116740064858434,0.6135701950722768,0.41313398613037694,0.681513228492761,0.32085275005758024,-0.02290225266869454,-0.04619807844563819,0.3355873969021198,0.12438448164414552,1.0,0.34403485008686235,0.06573032702898217,0.1892142648705531,0.5473487188035395
-0.15384284781833152,-0.08541460048822727,0.053050535675647284,0.20873523628478505,0.2269390844040005,0.43642954235633064,0.44244056070655685,0.707718564730433,0.39107453448752916,0.6584732653825045,0.0701713733554603,0.11426017451575587,0.12739000578758128,0.3709821616055995,0.34403485008686235,1.0,0.07771892792467022,0.39495842979567725,0.4629750105891154
0.7079246264474329,0.5681543602412844,0.8958458753928503,0.8200318413188409,0.5070271889823181,0.5646801041043196,0.2115670466184738,0.07953238925591344,0.10078370133835028,-0.05242456495667726,0.7110073932286477,0.7432063152703583,0.2673635939326922,0.5915921340146522,0.06573032702898217,0.07771892792467022,1.0,0.4547154063015593,0.28650448978465537
0.26014598555233837,0.28721967206461163,0.4679081667105678,0.5393198561852395,0.7472163642208122,0.783304833045125,0.5130918139955779,0.5188437839529852,0.19293315137383343,0.26530887794078367,0.44667673964286,0.4624346586672592,0.41115157223183657,0.5723944233863718,0.1892142648705531,0.39495842979567725,0.4547154063015593,1.0,0.49250666193811604
-0.07002324801699396,-0.3065993442633535,0.2760100670700216,0.1205594249566552,0.5362364362427067,0.3846710984719301,0.7741132606023773,0.7605351502959357,0.6062637496356783,0.5258546085133033,0.1692116165784399,0.06850261966015692,0.25599046703237965,0.3012936266312686,0.5473487188035395,0.4629750105891154,0.28650448978465537,0.49250666193811604,1.0
