0,1,2,3,4,5,6,7,8,9,10,11,12,13,14,15,16,17,18
1.0,0.35673006203069796,0.7555623865161063,0.6087850641246471,0.14993615778061603,0.25986172296002036,-0.26686277329521074,-0.21791865750178432,-0.37766488271054616,-0.24436516713644776,0.7146237803023171,0.5079273410423082,0.1729095271056646,0.31583487999076043,-0.2940092259634499,-0.2503255078103222,0.6711393574292199,0.20322252364833412,-0.22466883615095276
0.35673006203069796,1.0,0.49187407613675216,0.5768237533249091,0.0567719024137685,0.19557494435111875,-0.254283821387966,-0.2299268520102661,-0.4938039808453496,-0.19545640126879618,0.4965468379618137,0.5814856514040986,0.10500944678122154,0.24834535369941924,-0.4870793927177487,-0.13247897097294462,0.4467450428933762,0.18920050038327535,-0.39706058956856594
0.7555623865161063,0.49187407613675216,1.0,0.6696625705935292,0.4447016786879625,0.39081103101843984,0.10310851344438726,-0.022674713717870627,-0.08441253373833803,-0.14659894375020058,0.8249385805788524,0.48568879445157587,0.23675443517992442,0.36346233074313866,0.03609188929927837,-0.04026345044273728,0.8559656230776924,0.4153612489960164,0.09902049583117499
0.6087850641246471,0.5768237533249091,0.6696625705935292,1.0,0.3735351159346915,0.6931387432834122,0.06938581778656278,0.12163517495897606,-0.11733519560098692,-0.03854092726758554,0.5352219329521548,0.7397961117675703,0.16932324340925736,0.6907794910522964,-0.11355573024647012,0.1846128073656286,0.7472165519871634,0.4998764855034575,0.056991342318349354
0.14993615778061603,0.0567719024137685,0.4447016786879625,0.3735351159346915,1.0,0.6292354876404775,0.6258193407088651,0.4389523145164123,0.2081542328675437,0.1847327574076706,0.39788836321243093,0.2563189643765012,0.38616512941441,0.42550882466792656,0.32718341924830063,0.32177444980612685,0.4080390880246104,0.7884370947183438,0.5626985842095688
0.25986172296002036,0.19557494435111875,0.39081103101843984,0.6931387432834122,0.6292354876404775,1.0,0.3805306098059858,0.5242694612439439,0.08946060614084544,0.21113399597853058,0.3300618542580541,0.5223099669408132,0.2731168525198102,0.8010745964817331,0.07283696332338535,0.5059554563337156,0.45681736836588716,0.8047433255485958,0.45695123559862394
-0.26686277329521074,-0.254283821387966,0.10310851344438726,0.06938581778656278,0.6258193407088651,0.3805306098059858,1.0,0.5395347651705279,0.5356689401443753,0.3926645233727807,0.05338845803109241,-0.019767014950280933,0.26336977263215144,0.21928059296083993,0.5405633444905164,0.4377393848463593,0.12468666632594777,0.5040409752253777,0.7070614751861813
-0.21791865750178432,-0.2299268520102661,-0.022674713717870627,0.12163517495897606,0.4389523145164123,0.5242694612439439,0.5395347651705279,1.0,0.45220763309184847,0.7041580905591508,0.011925025091605458,-0.0008771420473177221,0.1588513250374418,0.3135471316600394,0.31707398491507033,0.728230968497813,-0.00478544454060691,0.5581568889180659,0.7871734636462164
-0.37766488271054616,-0.4938039808453496,-0.08441253373833803,-0.11733519560098692,0.2081542328675437,0.08946060614084544,0.5356689401443753,0.45220763309184847,1.0,0.45123376914339,-0.11299448619955987,-0.20192411340466307,0.10202284013939873,0.04933242670945645,0.664477147119543,0.36544271776029486,0.01249711191815583,0.0913056912452239,0.608362207532545
-0.24436516713644776,-0.19545640126879618,-0.14659894375020058,-0.03854092726758554,0.1847327574076706,0.21113399597853058,0.3926645233727807,0.7041580905591508,0.45123376914339,1.0,-0.12564769022108116,-0.10239073675551769,0.06083420723456327,0.14741741286027066,0.2563288968938141,0.652211684513912,-0.08081165181428686,0.26470839459588347,0.5437077294517567
0.7146237803023171,0.4965468379618137,0.8249385805788524,0.5352219329521548,0.39788836321243093,0.3300618542580541,0.05338845803109241,0.011925025091605458,-0.11299448619955987,-0.12564769022108116,1.0,0.4273490735667833,0.30731433702227745,0.27782543488019296,-0.008394094076773237,-0.05470435507178221,0.6607545664181953,0.38856789409129616,0.04425142702231544
0.5079273410423082,0.5814856514040986,0.48568879445157587,0.7397961117675703,0.2563189643765012,0.5223099669408132,-0.019767014950280933,-0.0008771420473177221,-0.20192411340466307,-0.10239073675551769,0.4273490735667833,1.0,0.13727404168759322,0.6391847592684058,-0.17229858663321942,0.06885503409140943,0.5690078971245089,0.3403791868468248,-0.05386816485478332
0.1729095271056646,0.10500944678122154,0.23675443517992442,0.16932324340925736,0.38616512941441,0.2731168525198102,0.26336977263215144,0.1588513250374418,0.10202284013939873,0.06083420723456327,0.30731433702227745,0.13727404168759322,1.0,0.20828562801678502,0.2824216853338879,0.07221662751349202,0.18038907197679035,0.31852279778297166,0.1738498698158361
0.31583487999076043,0.24834535369941924,0.36346233074313866,0.6907794910522964,0.42550882466792656,0.8010745964817331,0.21928059296083993,0.3135471316600394,0.04933242670945645,0.14741741286027066,0.27782543488019296,0.6391847592684058,0.20828562801678502,1.0,0.05797471799895036,0.3949598622710544,0.49141525809900044,0.5117235770719739,0.29662599885642427
-0.2940092259634499,-0.4870793927177487,0.03609188929927837,-0.11355573024647012,0.32718341924830063,0.07283696332338535,0.5405633444905164,0.31707398491507033,0.664477147119543,0.2563288968938141,-0.008394094076773237,-0.17229858663321942,0.2824216853338879,0.05797471799895036,1.0,0.25369536116049746,0.09307789399835907,0.11779795240230675,0.5701599492029336
-0.2503255078103222,-0.13247897097294462,-0.04026345044273728,0.1846128073656286,0.32177444980612685,0.5059554563337156,0.4377393848463593,0.728230968497813,0.36544271776029486,0.652211684513912,-0.05470435507178221,0.06885503409140943,0.07221662751349202,0.3949598622710544,0.25369536116049746,1.0,0.03978839869650555,0.4635188106160108,0.5814710954120649
0.6711393574292199,0.4467450428933762,0.8559656230776924,0.7472165519871634,0.4080390880246104,0.45681736836588716,0.12468666632594777,-0.00478544454060691,0.01249711191815583,-0.08081165181428686,0.6607545664181953,0.5690078971245089,0.18038907197679035,0.49141525809900044,0.09307789399835907,0.03978839869650555,1.0,0.39607267567824445,0.16886754627194506
0.20322252364833412,0.18920050038327535,0.4153612489960164,0.4998764855034575,0.7884370947183438,0.8047433255485958,0.5040409752253777,0.5581568889180659,0.0913056912452239,0.26470839459588347,0.38856789409129616,0.3403791868468248,0.31852279778297166,0.5117235770719739,0.11779795240230675,0.4635188106160108,0.39607267567824445,1.0,0.5456063425685134
-0.22466883615095276,-0.39706058956856594,0.09902049583117499,0.056991342318349354,0.5626985842095688,0.45695123559862394,0.7070614751861813,0.7871734636462164,0.608362207532545,0.5437077294517567,0.04425142702231544,-0.05386816485478332,0.1738498698158361,0.29662599885642427,0.5701599492029336,0.5814710954120649,0.16886754627194506,0.5456063425685134,1.0
