0,1,2,3,4,5,6,7,8,9,10,11,12,13,14,15,16,17,18
1.0,-0.08083088067915181,0.7791846273877946,0.46018999959719104,0.20716927229418147,0.07266646581981427,0.06293463082243009,-0.27239355331153287,-0.17570520185048316,-0.28062037538480294,0.6833175366679856,0.523509680537755,0.1525670996543612,0.27036347274267253,-0.24024887936803996,-0.08449467569121237,0.6731911022397581,0.01573830254998183,0.005709762432137079
-0.08083088067915181,1.0,0.01945502152290442,0.473119632649678,-0.20979456074474695,0.13694754991330038,-0.4464750930611569,0.09313513448295994,-0.53149187703331,0.08599878445650115,0.22892394166492044,0.11128384364828392,-0.07206352032913425,0.09896081609064646,-0.514274419171264,0.027418429014270305,-0.08839604556598754,0.1734633946047752,-0.47424647006650417
0.7791846273877946,0.01945502152290442,1.0,0.47242414303956703,0.41534752655070706,0.089159984259459,0.3524671986740547,-0.21419094248971554,0.1460682338731133,-0.2802059821269504,0.6804754625220084,0.5666427784074786,0.26309493689129715,0.25642024279236836,0.11119632325773232,-0.1962812232557263,0.8886378261693548,0.03844974618021707,0.2798343987379285
0.46018999959719104,0.473119632649678,0.47242414303956703,1.0,0.25337651997081334,0.642986858020115,0.05863081352764317,0.32020871798215095,-0.11826846811672458,0.2033776204198227,0.5287660402386603,0.5588473478810352,0.20373232315144324,0.5872553865673172,-0.16680467881732852,0.3196750068603914,0.4155752755906573,0.5034965593946867,0.0642046550173698
0.20716927229418147,-0.20979456074474695,0.41534752655070706,0.25337651997081334,1.0,0.33546816368165583,0.7007471974071015,0.12014071636949325,0.38037115558219353,-0.0012014822163811537,0.18729079909013313,0.392394977295509,0.36279586542727316,0.3393321615451802,0.27575558759445046,-0.04805370560983767,0.4873966259151749,0.43359280512142884,0.5717114362314711
0.07266646581981427,0.13694754991330038,0.089159984259459,0.642986858020115,0.33546816368165583,1.0,0.22780011015445542,0.6244350973591359,0.08886095285059992,0.4465414045290392,0.2901919064604452,0.18859503874175446,0.23742912676207056,0.691580920554423,0.022855659466640827,0.4885767817478544,0.028653738684168695,0.797480691994149,0.30573430757115294
0.06293463082243009,-0.4464750930611569,0.3524671986740547,0.05863081352764317,0.7007471974071015,0.22780011015445542,1.0,0.29647866836357184,0.7077322117700325,0.17723655799088858,0.16625686123150277,0.22848637308634917,0.4278156709763244,0.2565840812913856,0.5397100702327122,0.027155753181123093,0.41678109790754997,0.2985157286345976,0.8262606560990585
-0.27239355331153287,0.09313513448295994,-0.21419094248971554,0.32020871798215095,0.12014071636949325,0.6244350973591359,0.29647866836357184,1.0,0.27110267247574854,0.8649873957696135,0.13662015155458454,-0.18688367812942963,0.21731201250102206,0.35759268698251484,0.13536776828376065,0.6220411128819769,-0.3146396903839571,0.6818060165381048,0.4448948963974551
-0.17570520185048316,-0.53149187703331,0.1460682338731133,-0.11826846811672458,0.38037115558219353,0.08886095285059992,0.7077322117700325,0.27110267247574854,1.0,0.25542790491371636,-0.05231667891208787,0.02284622639571433,0.27976984188714704,0.0803858824833998,0.6687713335200889,0.04455404905132293,0.24312444334860966,0.08752727617308406,0.6931971952696416
-0.28062037538480294,0.08599878445650115,-0.2802059821269504,0.2033776204198227,-0.0012014822163811537,0.4465414045290392,0.17723655799088858,0.8649873957696135,0.25542790491371636,1.0,0.07425713260472762,-0.2581504553007189,0.14962554866019157,0.22183848911887052,0.1020260140776499,0.6514099837477804,-0.37937761735853187,0.5247704810557875,0.3043642006610341
0.6833175366679856,0.22892394166492044,0.6804754625220084,0.5287660402386603,0.18729079909013313,0.2901919064604452,0.16625686123150277,0.13662015155458454,-0.05231667891208787,0.07425713260472762,1.0,0.2516654831569803,0.33224458316277156,0.3034001829464704,-0.07281133392892454,0.1709963758335223,0.41842743136784966,0.3157205300942587,0.08620838585610889
0.523509680537755,0.11128384364828392,0.5666427784074786,0.5588473478810352,0.392394977295509,0.18859503874175446,0.22848637308634917,-0.18688367812942963,0.02284622639571433,-0.2581504553007189,0.2516654831569803,1.0,-0.010821229360217741,0.4454755778046553,-0.0348104540241928,-0.14682047510766197,0.6878800561665419,-0.014446058908282823,0.18199309289603635
0.1525670996543612,-0.07206352032913425,0.26309493689129715,0.20373232315144324,0.36279586542727316,0.23742912676207056,0.4278156709763244,0.21731201250102206,0.27976984188714704,0.14962554866019157,0.33224458316277156,-0.010821229360217741,1.0,0.2805253709290903,0.36539828279051767,0.16313324211781563,0.23416716704846013,0.31931021784288943,0.32073790209109504
0.27036347274267253,0.09896081609064646,0.25642024279236836,0.5872553865673172,0.3393321615451802,0.691580920554423,0.2565840812913856,0.35759268698251484,0.0803858824833998,0.22183848911887052,0.3034001829464704,0.4454755778046553,0.2805253709290903,1.0,0.0038364676985988403,0.3629110104519425,0.26450336990565876,0.4786777269473656,0.31071050276673995
-0.24024887936803996,-0.514274419171264,0.11119632325773232,-0.16680467881732852,0.27575558759445046,0.022855659466640827,0.5397100702327122,0.13536776828376065,0.6687713335200889,0.1020260140776499,-0.07281133392892454,-0.0348104540241928,0.36539828279051767,0.0038364676985988403,1.0,-0.02749351549425956,0.18289969491933564,-0.010711287526589229,0.5030794574493327
-0.08449467569121237,0.027418429014270305,-0.1962812232557263,0.3196750068603914,-0.04805370560983767,0.4885767817478544,0.027155753181123093,0.6220411128819769,0.04455404905132293,0.6514099837477804,0.1709963758335223,-0.14682047510766197,0.16313324211781563,0.3629110104519425,-0.02749351549425956,1.0,-0.30044892380880406,0.4971954333667265,0.10213575089494135
0.6731911022397581,-0.08839604556598754,0.8886378261693548,0.4155752755906573,0.4873966259151749,0.028653738684168695,0.41678109790754997,-0.3146396903839571,0.24312444334860966,-0.37937761735853187,0.41842743136784966,0.6878800561665419,0.23416716704846013,0.26450336990565876,0.18289969491933564,-0.30044892380880406,1.0,-0.08310258367900035,0.36340474512529647
0.01573830254998183,0.1734633946047752,0.03844974618021707,0.5034965593946867,0.43359280512142884,0.797480691994149,0.2985157286345976,0.6818060165381048,0.08752727617308406,0.5247704810557875,0.3157205300942587,-0.014446058908282823,0.31931021784288943,0.4786777269473656,-0.010711287526589229,0.4971954333667265,-0.08310258367900035,1.0,0.33183473111587963
0.005709762432137079,-0.47424647006650417,0.2798343987379285,0.0642046550173698,0.5717114362314711,0.30573430757115294,0.8262606560990585,0.4448948963974551,0.6931971952696416,0.3043642006610341,0.08620838585610889,0.18199309289603635,0.32073790209109504,0.31071050276673995,0.5030794574493327,0.10213575089494135,0.36340474512529647,0.33183473111587963,1.0
