0,1,2,3,4,5,6,7,8,9,10,11,12,13,14,15,16,17,18
1.0,0.3153736526358257,0.7465728614877686,0.5655369514042523,0.23323591294125573,0.18888380102362468,-0.08045832165470916,-0.23943177638857913,-0.26431089070657476,-0.24711799573753782,0.7718053035267814,0.531562456759836,0.25025138133448116,0.3434265665451335,-0.21708027197541657,-0.11217528205126201,0.6106022330919354,0.11315722506974413,-0.13096009747616447
0.3153736526358257,1.0,0.3224409819703032,0.6420904269430359,-0.06469450575524352,0.2567030429127905,-0.33855014678907397,0.0009760758239768588,-0.5229954699147911,0.0628026611904246,0.41757844297081953,0.40233337108663075,0.06635630215557094,0.28832104471914893,-0.3793491130509278,0.07586902313762676,0.23285980520441787,0.22919065452712603,-0.39533970579851696
0.7465728614877686,0.3224409819703032,1.0,0.6032148432288255,0.5309182770585713,0.2999188289494035,0.28810659499532304,-0.09024265434448198,0.10616377850858125,-0.163408684366884,0.7770936673396415,0.6555221285222086,0.2767504721093184,0.37694232148057777,0.17644611633336696,-0.006801245100773211,0.8575184508412206,0.22096922961369697,0.25117763039626173
0.5655369514042523,0.6420904269430359,0.6032148432288255,1.0,0.26514165881056023,0.6671128491603744,0.062097595315809676,0.1744082600780388,-0.14650049775122478,0.12035934064899054,0.5611669080786048,0.7383158806093134,0.20328526521203147,0.5709763748322876,-0.03673288601904008,0.308501075485557,0.5918745127758509,0.43989591724230354,0.012399472506113908
0.23323591294125573,-0.06469450575524352,0.5309182770585713,0.26514165881056023,1.0,0.4787129405708116,0.7363075871214471,0.1634860094860915,0.2612966471797681,-0.010788413847916387,0.39853335658368294,0.36832413185724616,0.39988483543440767,0.3095505874324189,0.3017881405067571,0.11696479002786574,0.44209732469119534,0.5525118088488118,0.5313920022700863
0.18888380102362468,0.2567030429127905,0.2999188289494035,0.6671128491603744,0.4787129405708116,1.0,0.3597308225532516,0.5403193416237897,0.017647968986602664,0.35094775048581694,0.31378422698008185,0.40552245743820264,0.18441752595306643,0.5700164609218966,-0.010510525586724034,0.5720990678889386,0.24771048117865418,0.761608916131894,0.3264429364854881
-0.08045832165470916,-0.33855014678907397,0.28810659499532304,0.062097595315809676,0.7363075871214471,0.3597308225532516,1.0,0.41554075099044946,0.5814345320388806,0.21784858755667125,0.14650622849132827,0.195848214746725,0.3019078363809825,0.21405486598169624,0.3981989839234756,0.2583814719479773,0.2672028913739942,0.42770297203201846,0.7674345691488463
-0.23943177638857913,0.0009760758239768588,-0.09024265434448198,0.1744082600780388,0.1634860094860915,0.5403193416237897,0.41554075099044946,1.0,0.23212465384413053,0.8275294600898144,-0.03528822252175048,-0.037254213017782936,-0.025362733340097775,0.2195997035041174,-0.031299204334743556,0.7014282982968765,-0.15834108499669922,0.5920899423710264,0.5776898928543985
-0.26431089070657476,-0.5229954699147911,0.10616377850858125,-0.14650049775122478,0.2612966471797681,0.017647968986602664,0.5814345320388806,0.23212465384413053,1.0,0.1747304903890202,-0.05193648647945608,0.03096180072986313,0.06822627057981405,0.0018094488046684987,0.43380282503822015,0.12880530324736483,0.18674506944669503,0.04303601955811768,0.6334786303630946
-0.24711799573753782,0.0628026611904246,-0.163408684366884,0.12035934064899054,-0.010788413847916387,0.35094775048581694,0.21784858755667125,0.8275294600898144,0.1747304903890202,1.0,-0.07166511327588206,-0.09375592292569083,-0.10571587781615352,0.1088926126148765,-0.019232708817190438,0.713915990245311,-0.2034267378491374,0.40554212299124764,0.37325997197820676
0.7718053035267814,0.41757844297081953,0.7770936673396415,0.5611669080786048,0.39853335658368294,0.31378422698008185,0.14650622849132827,-0.03528822252175048,-0.05193648647945608,-0.07166511327588206,1.0,0.46300705833948036,0.3071315578193618,0.3279352865923418,0.03942428406536577,0.05946254939593385,0.5514585609654081,0.31908620501174667,0.0284843937738966
0.531562456759836,0.40233337108663075,0.6555221285222086,0.7383158806093134,0.36832413185724616,0.40552245743820264,0.195848214746725,-0.037254213017782936,0.03096180072986313,-0.09375592292569083,0.46300705833948036,1.0,0.17942235221394204,0.5949171140061782,0.14863818561334768,0.06672932915205167,0.735141965405442,0.14331277353551794,0.18286938308063058
0.25025138133448116,0.06635630215557094,0.2767504721093184,0.20328526521203147,0.39988483543440767,0.18441752595306643,0.3019078363809825,-0.025362733340097775,0.06822627057981405,-0.10571587781615352,0.3071315578193618,0.17942235221394204,1.0,0.054555495726902964,0.2099956829009646,0.042132122325394046,0.2148851394077882,0.16010459545368105,0.10522489051456585
0.3434265665451335,0.28832104471914893,0.37694232148057777,0.5709763748322876,0.3095505874324189,0.5700164609218966,0.21405486598169624,0.2195997035041174,0.0018094488046684987,0.1088926126148765,0.3279352865923418,0.5949171140061782,0.054555495726902964,1.0,-0.006492735394958989,0.24107415986285638,0.35775668224002743,0.3001868699044387,0.211913226523091
-0.21708027197541657,-0.3793491130509278,0.17644611633336696,-0.03673288601904008,0.3017881405067571,-0.010510525586724034,0.3981989839234756,-0.031299204334743556,0.43380282503822015,-0.019232708817190438,0.03942428406536577,0.14863818561334768,0.2099956829009646,-0.006492735394958989,1.0,0.004844672427246537,0.2567500071108711,-0.06469614562995755,0.34833490356685914
-0.11217528205126201,0.07586902313762676,-0.006801245100773211,0.308501075485557,0.11696479002786574,0.5720990678889386,0.2583814719479773,0.7014282982968765,0.12880530324736483,0.713915990245311,0.05946254939593385,0.06672932915205167,0.042132122325394046,0.24107415986285638,0.004844672427246537,1.0,-0.04440319848897537,0.4893350505441199,0.27253290142663344
0.6106022330919354,0.23285980520441787,0.8575184508412206,0.5918745127758509,0.44209732469119534,0.24771048117865418,0.2672028913739942,-0.15834108499669922,0.18674506944669503,-0.2034267378491374,0.5514585609654081,0.735141965405442,0.2148851394077882,0.35775668224002743,0.2567500071108711,-0.04440319848897537,1.0,0.08123175126941538,0.31963585658428717
0.11315722506974413,0.22919065452712603,0.22096922961369697,0.43989591724230354,0.5525118088488118,0.761608916131894,0.42770297203201846,0.5920899423710264,0.04303601955811768,0.40554212299124764,0.31908620501174667,0.14331277353551794,0.16010459545368105,0.3001868699044387,-0.06469614562995755,0.4893350505441199,0.08123175126941538,1.0,0.3555275799354617
-0.13096009747616447,-0.39533970579851696,0.25117763039626173,0.012399472506113908,0.5313920022700863,0.3264429364854881,0.7674345691488463,0.5776898928543985,0.6334786303630946,0.37325997197820676,0.0284843937738966,0.18286938308063058,0.10522489051456585,0.211913226523091,0.34833490356685914,0.27253290142663344,0.31963585658428717,0.3555275799354617,1.0
