0,1,2,3,4,5,6,7,8,9,10,11,12,13,14,15,16,17,18
1.0,0.4808446729222388,0.8261770025124392,0.6488641245427549,0.10456346522475414,0.2922974927903023,-0.23702339229242947,-0.23499639631405367,-0.34614307824911905,-0.25676594623242666,0.8038173068813399,0.606845391283872,0.1002339951317532,0.3823479233536667,-0.41915406580162745,-0.1130897653424925,0.720718306849809,0.104281489869842,-0.2602820782645756
0.4808446729222388,1.0,0.599882915334734,0.6645393604908361,0.028283991436501368,0.2685285265468047,-0.2515288255706024,-0.16119923411106932,-0.3908003351887905,-0.15441821011922344,0.5641926684845022,0.6481090831487577,0.09286597880878089,0.39121523134967257,-0.39849334260710517,-0.0760165899672845,0.6498492026264432,0.09996045813961107,-0.3685345698260887
0.8261770025124392,0.599882915334734,1.0,0.6699654177498097,0.27850779343129367,0.38753159667731235,-0.03785323928751992,-0.10935852751491225,-0.15860820504761994,-0.17550400718991885,0.7778134024844428,0.6028989848368792,0.134164237189494,0.4085053788233428,-0.2076119651194408,-0.035726145689011474,0.7842982373942424,0.25152240218582156,-0.055930405599495754
0.6488641245427549,0.6645393604908361,0.6699654177498097,1.0,0.2590320213177608,0.7085830666794671,0.05233453318169463,0.11301568579711951,-0.12450100825581364,0.022918042982988267,0.5890927193316328,0.8730262719459969,0.12329648600046489,0.7722788965628821,-0.15023190698500333,0.247216785405145,0.7970789981269797,0.3189139001716365,-0.009102466992634131
0.10456346522475414,0.028283991436501368,0.27850779343129367,0.2590320213177608,1.0,0.5578515797345677,0.701395566878571,0.3100894190170165,0.1777112279820319,0.14434224734374726,0.3146592331001537,0.22423528346533184,0.4997808133184281,0.2962473575031066,0.31068743891566164,0.15645888194363844,0.22214315811790314,0.7992145897459056,0.3719508742644255
0.2922974927903023,0.2685285265468047,0.38753159667731235,0.7085830666794671,0.5578515797345677,1.0,0.407963179447366,0.4208682307274318,0.07237077151627146,0.19084028114285126,0.35693258759317636,0.6022419312659921,0.21398917572124668,0.8390881701624725,0.0841849048577527,0.45361991732384205,0.4992537872853137,0.6795538074443875,0.2819056591984424
-0.23702339229242947,-0.2515288255706024,-0.03785323928751992,0.05233453318169463,0.701395566878571,0.407963179447366,1.0,0.5839229984951578,0.5527318308002803,0.45228418739340964,0.02602825673602752,0.01045564338153085,0.3782090169218003,0.18652968554629004,0.5134274873365424,0.3941289250140256,-0.020391127625627902,0.6583001866162663,0.5278242483490398
-0.23499639631405367,-0.16119923411106932,-0.10935852751491225,0.11301568579711951,0.3100894190170165,0.4208682307274318,0.5839229984951578,1.0,0.5241529243140409,0.8067121739603418,-0.04048396070972273,0.05533971656727092,0.16736675386624855,0.24142901483543375,0.25149103841731396,0.6436520736713817,-0.08173854044910518,0.4882074712062659,0.5988190515374824
-0.34614307824911905,-0.3908003351887905,-0.15860820504761994,-0.12450100825581364,0.1777112279820319,0.07237077151627146,0.5527318308002803,0.5241529243140409,1.0,0.5622198905772746,-0.1554208974282936,-0.13126266029757122,0.07366378286812669,-0.009187691456228466,0.44576046723780555,0.3658241360256159,-0.13895447104515402,0.15085971210871943,0.4587286102389539
-0.25676594623242666,-0.15441821011922344,-0.17550400718991885,0.022918042982988267,0.14434224734374726,0.19084028114285126,0.45228418739340964,0.8067121739603418,0.5622198905772746,1.0,-0.12692755373356515,-0.010481787944182653,0.06350902996314144,0.13584952766106678,0.23914870530834414,0.644569554743397,-0.14037663792961236,0.2651706732335426,0.44505634483598394
0.8038173068813399,0.5641926684845022,0.7778134024844428,0.5890927193316328,0.3146592331001537,0.35693258759317636,0.02602825673602752,-0.04048396070972273,-0.1554208974282936,-0.12692755373356515,1.0,0.5723932822869496,0.23167732100485927,0.34951702913622523,-0.17875739912110875,-0.01778254305550708,0.6691676437649059,0.2888636196296125,-0.08618540398142294
0.606845391283872,0.6481090831487577,0.6028989848368792,0.8730262719459969,0.22423528346533184,0.6022419312659921,0.01045564338153085,0.05533971656727092,-0.13126266029757122,-0.010481787944182653,0.5723932822869496,1.0,0.13173323046244198,0.7498160073714718,-0.19343692027718654,0.20250030479368028,0.7181210090173268,0.21419075535416796,0.005758956028575574
0.1002339951317532,0.09286597880878089,0.134164237189494,0.12329648600046489,0.4997808133184281,0.21398917572124668,0.3782090169218003,0.16736675386624855,0.07366378286812669,0.06350902996314144,0.23167732100485927,0.13173323046244198,1.0,0.082188665150435,0.22884934087631845,0.04328122569033081,0.037485235003906194,0.3962809048914407,0.1101098254426621
0.3823479233536667,0.39121523134967257,0.4085053788233428,0.7722788965628821,0.2962473575031066,0.8390881701624725,0.18652968554629004,0.24142901483543375,-0.009187691456228466,0.13584952766106678,0.34951702913622523,0.7498160073714718,0.082188665150435,1.0,-0.01564411068215969,0.46485059613474017,0.5794050330570972,0.3696446857215895,0.1075769197777896
-0.41915406580162745,-0.39849334260710517,-0.2076119651194408,-0.15023190698500333,0.31068743891566164,0.0841849048577527,0.5134274873365424,0.25149103841731396,0.44576046723780555,0.23914870530834414,-0.17875739912110875,-0.19343692027718654,0.22884934087631845,-0.01564411068215969,1.0,0.24681024105635033,-0.1885260947254562,0.22620809100141767,0.30059946994309406
-0.1130897653424925,-0.0760165899672845,-0.035726145689011474,0.247216785405145,0.15645888194363844,0.45361991732384205,0.3941289250140256,0.6436520736713817,0.3658241360256159,0.644569554743397,-0.01778254305550708,0.20250030479368028,0.04328122569033081,0.46485059613474017,0.24681024105635033,1.0,0.02625613099578644,0.2979474812005164,0.241461459690707
0.720718306849809,0.6498492026264432,0.7842982373942424,0.7970789981269797,0.22214315811790314,0.4992537872853137,-0.020391127625627902,-0.08173854044910518,-0.13895447104515402,-0.14037663792961236,0.6691676437649059,0.7181210090173268,0.037485235003906194,0.5794050330570972,-0.1885260947254562,0.02625613099578644,1.0,0.24306576188645068,-0.008976022187530831
0.104281489869842,0.09996045813961107,0.25152240218582156,0.3189139001716365,0.7992145897459056,0.6795538074443875,0.6583001866162663,0.4882074712062659,0.15085971210871943,0.2651706732335426,0.2888636196296125,0.21419075535416796,0.3962809048914407,0.3696446857215895,0.22620809100141767,0.2979474812005164,0.24306576188645068,1.0,0.3817189932687484
-0.2602820782645756,-0.3685345698260887,-0.055930405599495754,-0.009102466992634131,0.3719508742644255,0.2819056591984424,0.5278242483490398,0.5988190515374824,0.4587286102389539,0.44505634483598394,-0.08618540398142294,0.005758956028575574,0.1101098254426621,0.1075769197777896,0.30059946994309406,0.241461459690707,-0.008976022187530831,0.3817189932687484,1.0
