0,1,2,3,4,5,6,7,8,9,10,11,12,13,14,15,16,17,18
1.0,0.33649677369257625,0.8124361260275955,0.5739052802686164,0.12590172329958815,0.17536066528661476,-0.14526800488106198,-0.24726516249682248,-0.2846448874625187,-0.2511793522304946,0.731093943439374,0.49700132130891506,0.18669789173128426,0.1725818770639497,-0.22014070841959213,-0.22507380132598065,0.6950692766998816,0.06822567689466046,-0.2100165473034802
0.33649677369257625,1.0,0.4387742460001668,0.5950142450851053,0.03606607101184093,0.2068020993493778,-0.21521561302848063,-0.22243077704815303,-0.40328548141986176,-0.18643665095536913,0.38132548594971877,0.6337875359546075,0.11313505345590497,0.2706251242615098,-0.3615468486971731,-0.1899792020072113,0.49386363830806285,0.1560391171300435,-0.33921692881642923
0.8124361260275955,0.4387742460001668,1.0,0.6403148794206165,0.34931570919131955,0.34146835340749937,0.17132447387385902,-0.013577422396777674,-0.005797188629891787,-0.043145071833374404,0.7822600618682598,0.48687446997844575,0.26836088937381475,0.22153428329150904,0.06518531114168956,0.004575069552524547,0.8185342310322062,0.3005345826616326,0.10154148866365084
0.5739052802686164,0.5950142450851053,0.6403148794206165,1.0,0.36202881663706926,0.6832357562937273,0.14170200926036203,0.07435979386804065,-0.008965614922629558,0.03710119704481857,0.46908782707100993,0.8223043161031475,0.23079909798347997,0.5109316541911927,0.030633658571386276,0.13862293979850945,0.7890642241192215,0.4405287367468114,0.11789257543102115
0.12590172329958815,0.03606607101184093,0.34931570919131955,0.36202881663706926,1.0,0.5554191538187456,0.6012780930621361,0.27753033119425413,0.2310323377625244,0.18901952055670548,0.3183317870963311,0.2474598853315631,0.397078691281289,0.3390961410983909,0.33363547704861735,0.2529613112287008,0.2805091433925853,0.7172000961119321,0.46954572116235277
0.17536066528661476,0.2068020993493778,0.34146835340749937,0.6832357562937273,0.5554191538187456,1.0,0.3620482894647102,0.42692805365320907,0.1883925118121388,0.27611565060376775,0.25748430119798116,0.5180064846580398,0.27672772264400286,0.6309821757802306,0.19277403130251877,0.4392496773705677,0.4343672903059584,0.7527116823244124,0.4972597907471627
-0.14526800488106198,-0.21521561302848063,0.17132447387385902,0.14170200926036203,0.6012780930621361,0.3620482894647102,1.0,0.4592873277042986,0.52881362522106,0.4262194789983927,0.1782047163162783,0.014657911576327096,0.3453262714844289,0.2043659114207219,0.5419951359817392,0.4283541645508863,0.1391989199405491,0.5232345330817403,0.6856767994883661
-0.24726516249682248,-0.22243077704815303,-0.013577422396777674,0.07435979386804065,0.27753033119425413,0.42692805365320907,0.4592873277042986,1.0,0.4897803323366167,0.6999118839028908,-0.028405352329402757,-0.058860044872494466,0.11005831133992064,0.1938921598672541,0.3580730820704725,0.6125200435210701,0.012711741464946118,0.4677124976975052,0.7554788944902148
-0.2846448874625187,-0.40328548141986176,-0.005797188629891787,-0.008965614922629558,0.2310323377625244,0.1883925118121388,0.52881362522106,0.4897803323366167,1.0,0.5653124301001813,0.002068242534109249,-0.09329507450074692,0.10878536502684527,0.11828976491874753,0.5965030522158963,0.4585690545024685,0.04737990533193279,0.21784068272132537,0.6261610441115275
-0.2511793522304946,-0.18643665095536913,-0.043145071833374404,0.03710119704481857,0.18901952055670548,0.27611565060376775,0.4262194789983927,0.6999118839028908,0.5653124301001813,1.0,-0.04646133083287674,-0.058622296855655266,0.05874167998503559,0.17238244380542517,0.3707446629032985,0.6694951082987125,-0.032069471202084296,0.3554220806449298,0.6624692515033811
0.731093943439374,0.38132548594971877,0.7822600618682598,0.46908782707100993,0.3183317870963311,0.25748430119798116,0.1782047163162783,-0.028405352329402757,0.002068242534109249,-0.04646133083287674,1.0,0.3944428245657609,0.2652249916498801,0.1750570249243708,0.09931655405947941,0.014363473672827183,0.5698370922785286,0.2475883150472206,0.04206383565383423
0.49700132130891506,0.6337875359546075,0.48687446997844575,0.8223043161031475,0.2474598853315631,0.5180064846580398,0.014657911576327096,-0.058860044872494466,-0.09329507450074692,-0.058622296855655266,0.3944428245657609,1.0,0.15332523112199617,0.48448072298774275,-0.062136950835159944,0.020848218810135145,0.6628086970002107,0.27048803765792157,-0.024389560335904958
0.18669789173128426,0.11313505345590497,0.26836088937381475,0.23079909798347997,0.397078691281289,0.27672772264400286,0.3453262714844289,0.11005831133992064,0.10878536502684527,0.05874167998503559,0.2652249916498801,0.15332523112199617,1.0,0.17406608202492582,0.2570589517823727,0.142677692210702,0.1650270795306187,0.3310978859407626,0.1578169874470405
0.1725818770639497,0.2706251242615098,0.22153428329150904,0.5109316541911927,0.3390961410983909,0.6309821757802306,0.2043659114207219,0.1938921598672541,0.11828976491874753,0.17238244380542517,0.1750570249243708,0.48448072298774275,0.17406608202492582,1.0,0.13561731654073006,0.3194471253332029,0.3311266687146894,0.42276740652492967,0.26577447532443155
-0.22014070841959213,-0.3615468486971731,0.06518531114168956,0.030633658571386276,0.33363547704861735,0.19277403130251877,0.5419951359817392,0.3580730820704725,0.5965030522158963,0.3707446629032985,0.09931655405947941,-0.062136950835159944,0.2570589517823727,0.13561731654073006,1.0,0.39581173654793395,0.03655564377664728,0.24002008263952743,0.4864328793460225
-0.22507380132598065,-0.1899792020072113,0.004575069552524547,0.13862293979850945,0.2529613112287008,0.4392496773705677,0.4283541645508863,0.6125200435210701,0.4585690545024685,0.6694951082987125,0.014363473672827183,0.020848218810135145,0.142677692210702,0.3194471253332029,0.39581173654793395,1.0,0.03514025251120034,0.3907639136163653,0.5608330097456805
0.6950692766998816,0.49386363830806285,0.8185342310322062,0.7890642241192215,0.2805091433925853,0.4343672903059584,0.1391989199405491,0.012711741464946118,0.04737990533193279,-0.032069471202084296,0.5698370922785286,0.6628086970002107,0.1650270795306187,0.3311266687146894,0.03655564377664728,0.03514025251120034,1.0,0.27595728031737765,0.1484019246228674
0.06822567689466046,0.1560391171300435,0.3005345826616326,0.4405287367468114,0.7172000961119321,0.7527116823244124,0.5232345330817403,0.4677124976975052,0.21784068272132537,0.3554220806449298,0.2475883150472206,0.27048803765792157,0.3310978859407626,0.42276740652492967,0.24002008263952743,0.3907639136163653,0.27595728031737765,1.0,0.5715932063437146
-0.2100165473034802,-0.33921692881642923,0.10154148866365084,0.11789257543102115,0.46954572116235277,0.4972597907471627,0.6856767994883661,0.7554788944902148,0.6261610441115275,0.6624692515033811,0.04206383565383423,-0.024389560335904958,0.1578169874470405,0.26577447532443155,0.4864328793460225,0.5608330097456805,0.1484019246228674,0.5715932063437146,1.0
