0,1,2,3,4,5,6,7,8,9,10,11,12,13,14,15,16,17,18
1.0,0.8174207729268345,0.8442722325061621,0.7910939640197531,0.06862606248900047,0.1764723331517215,-0.43982050963824715,-0.5037372928163146,-0.6371691640971262,-0.5278786645423311,0.8547254002343038,0.7519505147439405,0.28511094441319323,0.46400927479144755,-0.5771225512696533,-0.2864943549533579,0.8224581403986044,0.002086829573620678,-0.569110046591948
0.8174207729268345,1.0,0.7362508736052622,0.780442805559921,0.00143751315917604,0.058743842834480635,-0.4119262440665167,-0.5570212406536477,-0.6143958406477238,-0.5669002215198982,0.7835597056335957,0.717786804696638,0.33272219732574876,0.33026055805939764,-0.5335411419752716,-0.4209411749883296,0.7073435081548053,-0.013815477329397967,-0.6693017602625652
0.8442722325061621,0.7362508736052622,1.0,0.8287868548603511,0.40509315309319194,0.36217579052010396,-0.0341891596910026,-0.31722049826384374,-0.2970108565706143,-0.3216223338953577,0.8878896134271925,0.731224708020445,0.31327008436937814,0.5376374052066859,-0.24359655026119856,-0.08955979060154896,0.9009366515377641,0.2675573096370533,-0.2661394657880422
0.7910939640197531,0.780442805559921,0.8287868548603511,1.0,0.22218197903040265,0.5024804223542868,-0.1469102285725611,-0.3341253608388312,-0.3439916545084591,-0.3339051093501805,0.729752425142575,0.8028858818861303,0.23676582375675012,0.6911120284618476,-0.2920760636374275,-0.0531359334855555,0.8858519020538587,0.2437502499018659,-0.3365440602502806
0.06862606248900047,0.00143751315917604,0.40509315309319194,0.22218197903040265,1.0,0.4280715385517854,0.6779848142609907,0.19002754466125252,0.2744124874250203,0.17342752155382588,0.32002169035774664,0.1900280256855626,0.3219675825988494,0.31785026723934834,0.291826158763704,0.2006127523455853,0.2899934702391589,0.7573429584786295,0.43292144338622074
0.1764723331517215,0.058743842834480635,0.36217579052010396,0.5024804223542868,0.4280715385517854,1.0,0.21520362210370866,0.4770383253744637,0.10379264430955161,0.3586123909531365,0.2388624272677787,0.3635930867590744,0.04244219239750354,0.7235697813848305,0.05991706833958892,0.5461992363745387,0.4596682295271698,0.7069321775078209,0.4447056385593075
-0.43982050963824715,-0.4119262440665167,-0.0341891596910026,-0.1469102285725611,0.6779848142609907,0.21520362210370866,1.0,0.37918899656085386,0.7246758690011481,0.44274692556974093,-0.10446295341615194,-0.11357983173980933,0.21851219651612913,0.08757842467227188,0.6951106649321429,0.3350502669228714,-0.1458276525794458,0.5086700098660816,0.6638011328753135
-0.5037372928163146,-0.5570212406536477,-0.31722049826384374,-0.3341253608388312,0.19002754466125252,0.4770383253744637,0.37918899656085386,1.0,0.4957852768414153,0.885901758657688,-0.3410427993374746,-0.3061429049135891,-0.1284201218308741,0.05385497043198951,0.363159877176984,0.665227197273006,-0.31810779126152927,0.45988054973090003,0.8172348413627593
-0.6371691640971262,-0.6143958406477238,-0.2970108565706143,-0.3439916545084591,0.2744124874250203,0.10379264430955161,0.7246758690011481,0.4957852768414153,1.0,0.6391414554045878,-0.36987267277009483,-0.28017292370084557,-0.04141328015317534,-0.03609344784245575,0.776376081430393,0.4509166618561702,-0.3298921984521651,0.22417735516990575,0.6518086745880995
-0.5278786645423311,-0.5669002215198982,-0.3216223338953577,-0.3339051093501805,0.17342752155382588,0.3586123909531365,0.44274692556974093,0.885901758657688,0.6391414554045878,1.0,-0.3618835759655544,-0.30758625803538286,-0.08880724985115124,0.0593540714284293,0.4789859028654915,0.7591222134272931,-0.345353744278078,0.3415841267570617,0.7498245999382936
0.8547254002343038,0.7835597056335957,0.8878896134271925,0.729752425142575,0.32002169035774664,0.2388624272677787,-0.10446295341615194,-0.3410427993374746,-0.36987267277009483,-0.3618835759655544,1.0,0.7338339863903753,0.4020891801421682,0.4396245395757129,-0.30095640304605664,-0.17731245681732055,0.7712135224436102,0.2168672972122992,-0.35242699728046145
0.7519505147439405,0.717786804696638,0.731224708020445,0.8028858818861303,0.1900280256855626,0.3635930867590744,-0.11357983173980933,-0.3061429049135891,-0.28017292370084557,-0.30758625803538286,0.7338339863903753,1.0,0.27516529629536635,0.6319386307060406,-0.2549594119838922,-0.07285010494408457,0.7633403716562442,0.17381628802664298,-0.2857720705782418
0.28511094441319323,0.33272219732574876,0.31327008436937814,0.23676582375675012,0.3219675825988494,0.04244219239750354,0.21851219651612913,-0.1284201218308741,-0.04141328015317534,-0.08880724985115124,0.4020891801421682,0.27516529629536635,1.0,0.22215336921631598,0.07744426113317963,-0.0527543328765353,0.20210765995164104,0.19523763472657413,-0.11843375941652196
0.46400927479144755,0.33026055805939764,0.5376374052066859,0.6911120284618476,0.31785026723934834,0.7235697813848305,0.08757842467227188,0.05385497043198951,-0.03609344784245575,0.0593540714284293,0.4396245395757129,0.6319386307060406,0.22215336921631598,1.0,-0.07752731966262388,0.3950122182199463,0.6649607621104922,0.3791688327808715,0.11090303254775276
-0.5771225512696533,-0.5335411419752716,-0.24359655026119856,-0.2920760636374275,0.291826158763704,0.05991706833958892,0.6951106649321429,0.363159877176984,0.776376081430393,0.4789859028654915,-0.30095640304605664,-0.2549594119838922,0.07744426113317963,-0.07752731966262388,1.0,0.35062341949190085,-0.3150138523837596,0.2186731164366917,0.48442831619921317
-0.2864943549533579,-0.4209411749883296,-0.08955979060154896,-0.0531359334855555,0.2006127523455853,0.5461992363745387,0.3350502669228714,0.665227197273006,0.4509166618561702,0.7591222134272931,-0.17731245681732055,-0.07285010494408457,-0.0527543328765353,0.3950122182199463,0.35062341949190085,1.0,-0.04278007335179146,0.2973921315442045,0.5877126461258149
0.8224581403986044,0.7073435081548053,0.9009366515377641,0.8858519020538587,0.2899934702391589,0.4596682295271698,-0.1458276525794458,-0.31810779126152927,-0.3298921984521651,-0.345353744278078,0.7712135224436102,0.7633403716562442,0.20210765995164104,0.6649607621104922,-0.3150138523837596,-0.04278007335179146,1.0,0.23038381183981022,-0.23713931271838226
0.002086829573620678,-0.013815477329397967,0.2675573096370533,0.2437502499018659,0.7573429584786295,0.7069321775078209,0.5086700098660816,0.45988054973090003,0.22417735516990575,0.3415841267570617,0.2168672972122992,0.17381628802664298,0.19523763472657413,0.3791688327808715,0.2186731164366917,0.2973921315442045,0.23038381183981022,1.0,0.550967298895349
-0.569110046591948,-0.6693017602625652,-0.2661394657880422,-0.3365440602502806,0.43292144338622074,0.4447056385593075,0.6638011328753135,0.8172348413627593,0.6518086745880995,0.7498245999382936,-0.35242699728046145,-0.2857720705782418,-0.11843375941652196,0.11090303254775276,0.48442831619921317,0.5877126461258149,-0.23713931271838226,0.550967298895349,1.0
