0,1,2,3,4,5,6,7,8,9,10,11,12,13,14,15,16,17,18
1.0,0.2528479394480231,0.7322763156730303,0.5363064924393935,0.026049189312456273,0.15481913341128806,-0.23794501357790157,-0.23086797723363592,-0.30400974591898794,-0.27750473916320423,0.7178685017930773,0.48551279858144697,0.06782098382253886,0.26700673719734136,-0.37535457570943087,-0.14273332970728192,0.6925358196009452,0.013888611559021796,-0.21162040764393505
0.2528479394480231,1.0,0.5521092356173168,0.6182945289110798,0.06388384161464793,0.1916176694964668,-0.1615599712247293,-0.19806812083086375,-0.40749577790332436,-0.18298117965333438,0.47364049384017665,0.6073765635710264,0.19346761234976248,0.24524027145883018,-0.3558612325511905,-0.18992901325633682,0.5436112268311949,0.11281560265954507,-0.2118369832407132
0.7322763156730303,0.5521092356173168,1.0,0.6110157576439892,0.2662151154035808,0.28994170347974624,0.03741705548808107,-0.018649541591767283,-0.0706858343407047,-0.08452742698753955,0.8143332108729125,0.5140775697849874,0.151120474112449,0.26099314786680733,-0.10647938153204825,0.013476766314412308,0.822472369535439,0.2440070735901568,0.08112894338466944
0.5363064924393935,0.6182945289110798,0.6110157576439892,1.0,0.28650296843981227,0.6475724280286079,0.06739217980856611,0.042561070454987596,-0.11180926314018012,-0.042072111865662835,0.507688189146262,0.8692011727824889,0.16147431055149558,0.716706548794043,-0.12081413276436477,0.14414612859142,0.8028887814743559,0.29993547762776657,0.07826950819501037
0.026049189312456273,0.06388384161464793,0.2662151154035808,0.28650296843981227,1.0,0.571746182327703,0.558785971693038,0.3972836560481475,0.20994831442804163,0.22393342546238348,0.33555791536691143,0.2242304668826563,0.4878954994101474,0.32649465321449717,0.30207488241716235,0.2116093557465609,0.1859961776455758,0.7627563805570463,0.535619408389046
0.15481913341128806,0.1916176694964668,0.28994170347974624,0.6475724280286079,0.571746182327703,1.0,0.3189431361273955,0.4756038636703986,0.13705211325152866,0.24305074766286197,0.27837865012850016,0.5371207390713154,0.19216258169670924,0.7891733802121663,0.11280374734898055,0.3740491448353677,0.4178662503395366,0.7099694913808353,0.4772094814682732
-0.23794501357790157,-0.1615599712247293,0.03741705548808107,0.06739217980856611,0.558785971693038,0.3189431361273955,1.0,0.4236127225813777,0.3475837185250352,0.30595312739586916,0.032989126430740735,0.03572648610056997,0.1542445287601816,0.16960562736396848,0.4031756458165125,0.27753589300461273,0.031213142946453387,0.4461237044719406,0.5311449768031073
-0.23086797723363592,-0.19806812083086375,-0.018649541591767283,0.042561070454987596,0.3972836560481475,0.4756038636703986,0.4236127225813777,1.0,0.481737665260752,0.7732515971834314,0.029132418869243695,-0.01873554177870754,0.07181929172207731,0.23356463121198678,0.34412954062407103,0.5358405820238129,-0.03249815734300945,0.5581306585413901,0.8083847077675038
-0.30400974591898794,-0.40749577790332436,-0.0706858343407047,-0.11180926314018012,0.20994831442804163,0.13705211325152866,0.3475837185250352,0.481737665260752,1.0,0.5396423867391935,-0.06809133683137941,-0.15183304062183473,0.008723805255601057,0.024674666160840016,0.5867338934390239,0.37214842892673206,-0.0754376894090746,0.18913360287442244,0.5303838314868611
-0.27750473916320423,-0.18298117965333438,-0.08452742698753955,-0.042072111865662835,0.22393342546238348,0.24305074766286197,0.30595312739586916,0.7732515971834314,0.5396423867391935,1.0,-0.06205899963420347,-0.09157231281152124,0.0025910463651974756,0.11942868534956057,0.37391263817102716,0.5609719660022047,-0.12638519280037167,0.32634089819082995,0.6086787406726646
0.7178685017930773,0.47364049384017665,0.8143332108729125,0.507688189146262,0.33555791536691143,0.27837865012850016,0.032989126430740735,0.029132418869243695,-0.06809133683137941,-0.06205899963420347,1.0,0.4688265600277834,0.3023941126173582,0.2092588192741456,-0.04430339230129364,-0.028069820879148055,0.6496130125826399,0.30386184312386266,0.09224660336065892
0.48551279858144697,0.6073765635710264,0.5140775697849874,0.8692011727824889,0.2242304668826563,0.5371207390713154,0.03572648610056997,-0.01873554177870754,-0.15183304062183473,-0.09157231281152124,0.4688265600277834,1.0,0.14538047095626125,0.710599342412662,-0.15198546651371242,0.09734704543549079,0.6789685204190258,0.17983273887658177,0.011724542686189488
0.06782098382253886,0.19346761234976248,0.151120474112449,0.16147431055149558,0.4878954994101474,0.19216258169670924,0.1542445287601816,0.07181929172207731,0.008723805255601057,0.0025910463651974756,0.3023941126173582,0.14538047095626125,1.0,0.09823246560745333,0.2186862890326527,0.01519731156308432,0.06101220058615639,0.30584666744019234,0.11360639017256828
0.26700673719734136,0.24524027145883018,0.26099314786680733,0.716706548794043,0.32649465321449717,0.7891733802121663,0.16960562736396848,0.23356463121198678,0.024674666160840016,0.11942868534956057,0.2092588192741456,0.710599342412662,0.09823246560745333,1.0,-0.034784700134392624,0.43142283260108766,0.48463693845941597,0.34523965013960023,0.2365276343437148
-0.37535457570943087,-0.3558612325511905,-0.10647938153204825,-0.12081413276436477,0.30207488241716235,0.11280374734898055,0.4031756458165125,0.34412954062407103,0.5867338934390239,0.37391263817102716,-0.04430339230129364,-0.15198546651371242,0.2186862890326527,-0.034784700134392624,1.0,0.3188366285979162,-0.12860870554699322,0.21279563549151082,0.40934028428914027
-0.14273332970728192,-0.18992901325633682,0.013476766314412308,0.14414612859142,0.2116093557465609,0.3740491448353677,0.27753589300461273,0.5358405820238129,0.37214842892673206,0.5609719660022047,-0.028069820879148055,0.09734704543549079,0.01519731156308432,0.43142283260108766,0.3188366285979162,1.0,0.05479901694304721,0.24007948418207536,0.4115237426774897
0.6925358196009452,0.5436112268311949,0.822472369535439,0.8028887814743559,0.1859961776455758,0.4178662503395366,0.031213142946453387,-0.03249815734300945,-0.0754376894090746,-0.12638519280037167,0.6496130125826399,0.6789685204190258,0.06101220058615639,0.48463693845941597,-0.12860870554699322,0.05479901694304721,1.0,0.19014857340701039,0.11179043685038628
0.013888611559021796,0.11281560265954507,0.2440070735901568,0.29993547762776657,0.7627563805570463,0.7099694913808353,0.4461237044719406,0.5581306585413901,0.18913360287442244,0.32634089819082995,0.30386184312386266,0.17983273887658177,0.30584666744019234,0.34523965013960023,0.21279563549151082,0.24007948418207536,0.19014857340701039,1.0,0.6041834843416427
-0.21162040764393505,-0.2118369832407132,0.08112894338466944,0.07826950819501037,0.535619408389046,0.4772094814682732,0.5311449768031073,0.8083847077675038,0.5303838314868611,0.6086787406726646,0.09224660336065892,0.011724542686189488,0.11360639017256828,0.2365276343437148,0.40934028428914027,0.4115237426774897,0.11179043685038628,0.6041834843416427,1.0
