0,1,2,3,4,5,6,7,8,9,10,11,12,13,14,15,16,17,18
1.0,0.3631326695176813,0.8190791710899267,0.5495292672383038,0.3830529036927647,0.19057521078862508,0.10570334330478874,-0.1791597435486761,-0.11304365297378036,-0.3050818852545525,0.8649973463875611,0.6714751147118124,0.6431492783475432,0.6138067636992561,0.05852607150119925,-0.0966468428120356,0.7806904915892536,0.07067259177805268,0.034197461459722765
0.3631326695176813,1.0,0.5539024771801567,0.6626871935265839,0.18752792463403184,0.2477621984998343,-0.06069071444045013,-0.08518609074328308,-0.23953593395778042,-0.12204369539704059,0.4710114733760712,0.6448880489040005,0.2951977601932435,0.3048845833441924,-0.15699211145217837,-0.06594030358385311,0.5877874800293511,0.21130255578578136,-0.18986548521551666
0.8190791710899267,0.5539024771801567,1.0,0.7173237861136701,0.5380221517696353,0.42883986167282606,0.3378765085476179,0.13422672164906,0.12376744659989983,-0.02796820006266243,0.8583788046229759,0.679125485496386,0.5640633952500361,0.5265837035879481,0.2120131240892542,0.14021593829572648,0.8971447867186244,0.31884691128396925,0.29047230056781215
0.5495292672383038,0.6626871935265839,0.7173237861136701,1.0,0.4197781507182599,0.7001890308521381,0.2285602930966824,0.2546925167177438,0.05355767858099864,0.13598506077508923,0.5262929236348639,0.7778064711891339,0.30396796266745635,0.4021544693926892,0.07327090490991335,0.2854116266574053,0.8189359993158417,0.45474266813689745,0.19086646626849488
0.3830529036927647,0.18752792463403184,0.5380221517696353,0.4197781507182599,1.0,0.5834087294071731,0.765923177128481,0.40786200011924395,0.3133787402852797,0.21207701730804873,0.5666540601271073,0.4406607038508612,0.5571437635370389,0.43748693494524954,0.3932022655159033,0.29584671476771707,0.4733844751303239,0.7122156759995811,0.5036015077859518
0.19057521078862508,0.2477621984998343,0.42883986167282606,0.7001890308521381,0.5834087294071731,1.0,0.4729028066452074,0.6260329003016709,0.2444235655289856,0.4277173582553587,0.2689642518814328,0.4497183279406067,0.12889797977286835,0.2630203627372657,0.18660907555785475,0.5229044025097536,0.4809310065157142,0.7615716625916722,0.4214904701630217
0.10570334330478874,-0.06069071444045013,0.3378765085476179,0.2285602930966824,0.765923177128481,0.4729028066452074,1.0,0.5923819922849308,0.6010702466044714,0.4374311227341988,0.3548698141861908,0.22667353960520342,0.3936503227892875,0.3244864727854352,0.5649397782875792,0.4201623930029706,0.2549149322470408,0.5596974264998775,0.6212661289908564
-0.1791597435486761,-0.08518609074328308,0.13422672164906,0.2546925167177438,0.40786200011924395,0.6260329003016709,0.5923819922849308,1.0,0.533774911842948,0.8535640920782277,0.01858906160207117,0.03858879408084596,-0.04521072606917827,-0.04051848489302082,0.2978023589776381,0.673325679222824,0.0898532601790963,0.6470495745383922,0.6583066495452898
-0.11304365297378036,-0.23953593395778042,0.12376744659989983,0.05355767858099864,0.3133787402852797,0.2444235655289856,0.6010702466044714,0.533774911842948,1.0,0.5648102136189238,0.11644055135535161,0.0053562030263128325,0.13482656366195675,0.12134451808189654,0.5637833033450629,0.4391033110931369,0.08473416140534194,0.24117656082549238,0.49360086681498894
-0.3050818852545525,-0.12204369539704059,-0.02796820006266243,0.13598506077508923,0.21207701730804873,0.4277173582553587,0.4374311227341988,0.8535640920782277,0.5648102136189238,1.0,-0.13751394923951754,-0.10078689044764638,-0.15869898765064813,-0.18554468030128515,0.25373536194722823,0.6642479196858815,-0.06713571262827032,0.4718643727993166,0.487245089120659
0.8649973463875611,0.4710114733760712,0.8583788046229759,0.5262929236348639,0.5666540601271073,0.2689642518814328,0.3548698141861908,0.01858906160207117,0.11644055135535161,-0.13751394923951754,1.0,0.6469255950341096,0.8048330070252598,0.5933904475164791,0.2860267422238456,0.0658914185907098,0.765169869596906,0.21944957977694596,0.24691176429062062
0.6714751147118124,0.6448880489040005,0.679125485496386,0.7778064711891339,0.4406607038508612,0.4497183279406067,0.22667353960520342,0.03858879408084596,0.0053562030263128325,-0.10078689044764638,0.6469255950341096,1.0,0.4293089140688984,0.705385623338254,0.1459846737822628,0.092718241228537,0.7658133683672831,0.25883208285836745,0.08493818330205936
0.6431492783475432,0.2951977601932435,0.5640633952500361,0.30396796266745635,0.5571437635370389,0.12889797977286835,0.3936503227892875,-0.04521072606917827,0.13482656366195675,-0.15869898765064813,0.8048330070252598,0.4293089140688984,1.0,0.495122106826954,0.38374971595372653,0.02723958002333962,0.49146144669323977,0.15978582200955233,0.22487560365278345
0.6138067636992561,0.3048845833441924,0.5265837035879481,0.4021544693926892,0.43748693494524954,0.2630203627372657,0.3244864727854352,-0.04051848489302082,0.12134451808189654,-0.18554468030128515,0.5933904475164791,0.705385623338254,0.495122106826954,1.0,0.2623605834089885,0.06266364716950729,0.5655419033483746,0.07598738470184949,0.14268347574726262
0.05852607150119925,-0.15699211145217837,0.2120131240892542,0.07327090490991335,0.3932022655159033,0.18660907555785475,0.5649397782875792,0.2978023589776381,0.5637833033450629,0.25373536194722823,0.2860267422238456,0.1459846737822628,0.38374971595372653,0.2623605834089885,1.0,0.32889364518795494,0.15477833399706745,0.1931070565414384,0.3033850802315031
-0.0966468428120356,-0.06594030358385311,0.14021593829572648,0.2854116266574053,0.29584671476771707,0.5229044025097536,0.4201623930029706,0.673325679222824,0.4391033110931369,0.6642479196858815,0.0658914185907098,0.092718241228537,0.02723958002333962,0.06266364716950729,0.32889364518795494,1.0,0.14891902944879112,0.40224088541880654,0.40120182017357364
0.7806904915892536,0.5877874800293511,0.8971447867186244,0.8189359993158417,0.4733844751303239,0.4809310065157142,0.2549149322470408,0.0898532601790963,0.08473416140534194,-0.06713571262827032,0.765169869596906,0.7658133683672831,0.49146144669323977,0.5655419033483746,0.15477833399706745,0.14891902944879112,1.0,0.2965369029645016,0.2600050707057398
0.07067259177805268,0.21130255578578136,0.31884691128396925,0.45474266813689745,0.7122156759995811,0.7615716625916722,0.5596974264998775,0.6470495745383922,0.24117656082549238,0.4718643727993166,0.21944957977694596,0.25883208285836745,0.15978582200955233,0.07598738470184949,0.1931070565414384,0.40224088541880654,0.2965369029645016,1.0,0.4575453861961103
0.034197461459722765,-0.18986548521551666,0.29047230056781215,0.19086646626849488,0.5036015077859518,0.4214904701630217,0.6212661289908564,0.6583066495452898,0.49360086681498894,0.487245089120659,0.24691176429062062,0.08493818330205936,0.22487560365278345,0.14268347574726262,0.3033850802315031,0.40120182017357364,0.2600050707057398,0.4575453861961103,1.0
