0,1,2,3,4,5,6,7,8,9,10,11,12,13,14,15,16,17,18
1.0,0.3154822063898847,0.8494530014251956,0.5242126489035683,0.33843599175807,0.2448650166846031,0.031192791987556683,-0.21745585550168592,-0.034521312777803716,-0.29627946274447886,0.8568222076821254,0.5704099376952636,0.48931867509968974,0.5239388939045986,-0.06895235993779487,-0.13960269753409463,0.7740991291232252,0.12726411760258155,0.057478829015207046
0.3154822063898847,1.0,0.46557075151158167,0.6401365485583803,0.10533182657464381,0.28820855565142733,-0.18040614288028622,-0.19618912365854693,-0.40374277022918104,-0.22747627035758322,0.34661693470434046,0.6420947916635231,0.0748154996741531,0.15727607987032297,-0.3517281619314442,-0.1113282049700545,0.5000268459525781,0.17504330109886043,-0.2683448165586783
0.8494530014251956,0.46557075151158167,1.0,0.6030898316617807,0.5589999480014725,0.396425171346952,0.29376491967123974,-0.023730727953179737,0.1638191239380851,-0.1446306306972328,0.8790393654485473,0.6078661395284183,0.5214938875867524,0.5584278053489378,0.1343872121786041,0.02188003476009996,0.8774797131013662,0.33981921632036477,0.27811192210867947
0.5242126489035683,0.6401365485583803,0.6030898316617807,1.0,0.3938606645243534,0.7391327279606875,0.1652527486598518,0.1632637779760281,-0.008153723702279956,0.02130953599276278,0.453837669817679,0.8370265339873117,0.21973159838597378,0.48667821007858353,-0.05043965693929487,0.2365231947134545,0.7277050386839528,0.45560273636848586,0.1831922381602241
0.33843599175807,0.10533182657464381,0.5589999480014725,0.3938606645243534,1.0,0.5681591282677164,0.7614137270251384,0.3192501507473472,0.3902299047963301,0.1455109414422631,0.5442765596343939,0.34671843840854666,0.590750259418311,0.5074971795858647,0.43426917355716294,0.22868990851529045,0.4985104887645309,0.7521946553931569,0.5671642238535818
0.2448650166846031,0.28820855565142733,0.396425171346952,0.7391327279606875,0.5681591282677164,1.0,0.3833099284403851,0.4892325200150002,0.12602597794685402,0.2519489751039579,0.2774043072898609,0.561975581490352,0.20491707333296755,0.5081198122378606,0.08382355993570227,0.4353857470289432,0.4765021306513075,0.7546213534155283,0.4433281459934686
0.031192791987556683,-0.18040614288028622,0.29376491967123974,0.1652527486598518,0.7614137270251384,0.3833099284403851,1.0,0.5401977394603861,0.6700963422248218,0.4206824669874226,0.3291266383387539,0.12998488449575402,0.5036850016743254,0.4306393078515091,0.6485351498364998,0.4052808879854803,0.24556306582352602,0.5750369886509826,0.7236446165265601
-0.21745585550168592,-0.19618912365854693,-0.023730727953179737,0.1632637779760281,0.3192501507473472,0.4892325200150002,0.5401977394603861,1.0,0.4935988343652686,0.8383242856257603,-0.03059627492971564,0.03408041818312564,0.05597155645282243,0.21309664685200286,0.3188258063076807,0.6511808975448679,-0.02915411429435052,0.5408830958456418,0.7647145047084631
-0.034521312777803716,-0.40374277022918104,0.1638191239380851,-0.008153723702279956,0.3902299047963301,0.12602597794685402,0.6700963422248218,0.4935988343652686,1.0,0.5145501850948112,0.20537725563861103,-0.033248160682302255,0.3502268762710673,0.36259457320029387,0.7089674441467362,0.38314715989411635,0.16575392048442736,0.22630085032095323,0.660049258874357
-0.29627946274447886,-0.22747627035758322,-0.1446306306972328,0.02130953599276278,0.1455109414422631,0.2519489751039579,0.4206824669874226,0.8383242856257603,0.5145501850948112,1.0,-0.12880896584528856,-0.09894554111812043,-0.01689564931225808,0.050001217272958594,0.3108065699795998,0.6505284536229786,-0.15401836604661534,0.3239389373857141,0.5823786698998322
0.8568222076821254,0.34661693470434046,0.8790393654485473,0.453837669817679,0.5442765596343939,0.2774043072898609,0.3291266383387539,-0.03059627492971564,0.20537725563861103,-0.12880896584528856,1.0,0.49754844787500024,0.599666479203198,0.5671999605803497,0.2036334554702882,0.006677530111480223,0.7384152876662918,0.2842226869586119,0.2573794147529976
0.5704099376952636,0.6420947916635231,0.6078661395284183,0.8370265339873117,0.34671843840854666,0.561975581490352,0.12998488449575402,0.03408041818312564,-0.033248160682302255,-0.09894554111812043,0.49754844787500024,1.0,0.2624825349534935,0.5447561749109288,-0.03462349444081947,0.13292640565152486,0.715264712676316,0.2908065574007398,0.11147275495937962
0.48931867509968974,0.0748154996741531,0.5214938875867524,0.21973159838597378,0.590750259418311,0.20491707333296755,0.5036850016743254,0.05597155645282243,0.3502268762710673,-0.01689564931225808,0.599666479203198,0.2624825349534935,1.0,0.543158713238321,0.45621481331713365,0.041510877199135036,0.40683942538464446,0.30443916626080075,0.2838151731305625
0.5239388939045986,0.15727607987032297,0.5584278053489378,0.48667821007858353,0.5074971795858647,0.5081198122378606,0.4306393078515091,0.21309664685200286,0.36259457320029387,0.050001217272958594,0.5671999605803497,0.5447561749109288,0.543158713238321,1.0,0.3553938782284474,0.289367280353287,0.6249650584002662,0.33348951336474286,0.4415833114760951
-0.06895235993779487,-0.3517281619314442,0.1343872121786041,-0.05043965693929487,0.43426917355716294,0.08382355993570227,0.6485351498364998,0.3188258063076807,0.7089674441467362,0.3108065699795998,0.2036334554702882,-0.03462349444081947,0.45621481331713365,0.3553938782284474,1.0,0.2735811040560158,0.10230472336053013,0.22132938865586105,0.4651314772640636
-0.13960269753409463,-0.1113282049700545,0.02188003476009996,0.2365231947134545,0.22868990851529045,0.4353857470289432,0.4052808879854803,0.6511808975448679,0.38314715989411635,0.6505284536229786,0.006677530111480223,0.13292640565152486,0.041510877199135036,0.289367280353287,0.2735811040560158,1.0,0.03950604674496497,0.3534306029505169,0.44484111236143686
0.7740991291232252,0.5000268459525781,0.8774797131013662,0.7277050386839528,0.4985104887645309,0.4765021306513075,0.24556306582352602,-0.02915411429435052,0.16575392048442736,-0.15401836604661534,0.7384152876662918,0.715264712676316,0.40683942538464446,0.6249650584002662,0.10230472336053013,0.03950604674496497,1.0,0.31985644433156685,0.29550906392996135
0.12726411760258155,0.17504330109886043,0.33981921632036477,0.45560273636848586,0.7521946553931569,0.7546213534155283,0.5750369886509826,0.5408830958456418,0.22630085032095323,0.3239389373857141,0.2842226869586119,0.2908065574007398,0.30443916626080075,0.33348951336474286,0.22132938865586105,0.3534306029505169,0.31985644433156685,1.0,0.5596222313167584
0.057478829015207046,-0.2683448165586783,0.27811192210867947,0.1831922381602241,0.5671642238535818,0.4433281459934686,0.7236446165265601,0.7647145047084631,0.660049258874357,0.5823786698998322,0.2573794147529976,0.11147275495937962,0.2838151731305625,0.4415833114760951,0.4651314772640636,0.44484111236143686,0.29550906392996135,0.5596222313167584,1.0
