0,1,2,3,4,5,6,7,8,9,10,11,12,13,14,15,16,17,18
1.0,0.6271008047163363,0.6631087752228393,0.5871739295619778,0.5217691785241855,0.5542039374959259,0.3801053607881917,0.43467558123370686,0.09770277073229246,0.3462629257938351,0.639548436827427,0.5610138925755871,0.4647189275330596,0.16697794267332694,0.3351155523145598,0.2850392802908318,0.4764234706844664,0.41657577923138667,0.31567435325027776
0.6271008047163363,1.0,0.6423796266546167,0.9621178868209479,0.5278151284293099,0.7193466053844779,0.42658175529242626,0.5049518332051447,0.1129336331411172,0.38182707044970265,0.45876352912030055,0.9160528931761359,0.28483155891884165,0.1847440348058364,0.38102548484162,0.3659118467933663,0.6146456070825531,0.5825527279023955,0.36898851638554864
0.6631087752228393,0.6423796266546167,1.0,0.6715097764350054,0.7791259311153786,0.5464827965798517,0.5897518680231747,0.4806057811562497,0.22463061385060756,0.39207625286863573,0.372237402933565,0.5666570808590768,0.28116962830141545,0.11819694464277128,0.4921323238706096,0.30373522158823274,0.665158244511644,0.5810942730180522,0.49457447412314015
0.5871739295619778,0.9621178868209479,0.6715097764350054,1.0,0.5653409497808136,0.7442822107990823,0.4759513985924645,0.5702596398981451,0.1418688273676522,0.44567551015767126,0.4302008420289113,0.8962810747082424,0.22651043147682592,0.18135638634936713,0.41992095653887807,0.40694392793221046,0.6165453167651141,0.6457840869410728,0.41806945425973246
0.5217691785241855,0.5278151284293099,0.7791259311153786,0.5653409497808136,1.0,0.542813600942616,0.80923621175063,0.5130678341761183,0.4639847812445381,0.4385669840475283,0.27225907448870335,0.47749895562669614,0.43043741302197724,0.12181614607085182,0.6784479212761723,0.2992787742535837,0.47440122330822804,0.6547435832110425,0.6695867874453746
0.5542039374959259,0.7193466053844779,0.5464827965798517,0.7442822107990823,0.542813600942616,1.0,0.4794672557063548,0.7008677308299349,0.18849996333557786,0.6140716722813875,0.43498279605787615,0.6326030133984816,0.3373197585868251,0.22763476096914884,0.43085659933138837,0.3383025477679705,0.3758960740606744,0.6883702814819831,0.48399942164658466
0.3801053607881917,0.42658175529242626,0.5897518680231747,0.4759513985924645,0.80923621175063,0.4794672557063548,1.0,0.5524558161479775,0.6571160030141812,0.5251594902758353,0.15110949182311736,0.37927570373728214,0.22304211389482237,-0.030267203894696542,0.9011320776047189,0.19742846993839525,0.4037452989992775,0.606085436063652,0.7180141473333185
0.43467558123370686,0.5049518332051447,0.4806057811562497,0.5702596398981451,0.5130678341761183,0.7008677308299349,0.5524558161479775,1.0,0.3578227821918262,0.9290405711633222,0.39308245786965784,0.448742029889073,0.17571562399701482,0.15560088323194238,0.5004559577513822,0.5069964204245324,0.32993452625797437,0.6477033022797921,0.5628796444674998
0.09770277073229246,0.1129336331411172,0.22463061385060756,0.1418688273676522,0.4639847812445381,0.18849996333557786,0.6571160030141812,0.3578227821918262,1.0,0.41190292671630724,-0.027347878488758047,0.06473468080792548,0.11195216843434033,-0.03833699316901892,0.6672652933879957,0.04595861534649223,0.07728068151245368,0.32915758348263746,0.5264070738240971
0.3462629257938351,0.38182707044970265,0.39207625286863573,0.44567551015767126,0.4385669840475283,0.6140716722813875,0.5251594902758353,0.9290405711633222,0.41190292671630724,1.0,0.30059184129200467,0.30625054245616856,0.05361343486473755,0.03511930326944061,0.4855681373577299,0.38374081983693453,0.25561206570903267,0.5919826079718029,0.5556038088862426
0.639548436827427,0.45876352912030055,0.372237402933565,0.4302008420289113,0.27225907448870335,0.43498279605787615,0.15110949182311736,0.39308245786965784,-0.027347878488758047,0.30059184129200467,1.0,0.4309179354887937,0.5618810479342814,0.20187398556067004,0.14610823169542,0.30130556445820283,0.19717891422278486,0.32636947909330066,0.03398183299990358
0.5610138925755871,0.9160528931761359,0.5666570808590768,0.8962810747082424,0.47749895562669614,0.6326030133984816,0.37927570373728214,0.448742029889073,0.06473468080792548,0.30625054245616856,0.4309179354887937,1.0,0.35568618248025663,0.28706896933670933,0.34344938344495984,0.4342465098631504,0.5660930833473831,0.47664417798024233,0.33425868261139785
0.4647189275330596,0.28483155891884165,0.28116962830141545,0.22651043147682592,0.43043741302197724,0.3373197585868251,0.22304211389482237,0.17571562399701482,0.11195216843434033,0.05361343486473755,0.5618810479342814,0.35568618248025663,1.0,0.3911746021904632,0.20977370112170857,0.29567924546482877,0.07815814028922859,0.07276621863750761,0.08888223091436455
0.16697794267332694,0.1847440348058364,0.11819694464277128,0.18135638634936713,0.12181614607085182,0.22763476096914884,-0.030267203894696542,0.15560088323194238,-0.03833699316901892,0.03511930326944061,0.20187398556067004,0.28706896933670933,0.3911746021904632,1.0,-0.04716429017488227,0.8565792419101736,0.15820425915050423,-0.3038222952483946,0.03669912792122524
0.3351155523145598,0.38102548484162,0.4921323238706096,0.41992095653887807,0.6784479212761723,0.43085659933138837,0.9011320776047189,0.5004559577513822,0.6672652933879957,0.4855681373577299,0.14610823169542,0.34344938344495984,0.20977370112170857,-0.04716429017488227,1.0,0.16351444034438306,0.3556588463445418,0.5152094473246089,0.5884015639036373
0.2850392802908318,0.3659118467933663,0.30373522158823274,0.40694392793221046,0.2992787742535837,0.3383025477679705,0.19742846993839525,0.5069964204245324,0.04595861534649223,0.38374081983693453,0.30130556445820283,0.4342465098631504,0.29567924546482877,0.8565792419101736,0.16351444034438306,1.0,0.2835539905050858,0.04043080402839768,0.2278888767571003
0.4764234706844664,0.6146456070825531,0.665158244511644,0.6165453167651141,0.47440122330822804,0.3758960740606744,0.4037452989992775,0.32993452625797437,0.07728068151245368,0.25561206570903267,0.19717891422278486,0.5660930833473831,0.07815814028922859,0.15820425915050423,0.3556588463445418,0.2835539905050858,1.0,0.3723176138167346,0.39428601525425977
0.41657577923138667,0.5825527279023955,0.5810942730180522,0.6457840869410728,0.6547435832110425,0.6883702814819831,0.606085436063652,0.6477033022797921,0.32915758348263746,0.5919826079718029,0.32636947909330066,0.47664417798024233,0.07276621863750761,-0.3038222952483946,0.5152094473246089,0.04043080402839768,0.3723176138167346,1.0,0.5986145535055107
0.31567435325027776,0.36898851638554864,0.49457447412314015,0.41806945425973246,0.6695867874453746,0.48399942164658466,0.7180141473333185,0.5628796444674998,0.5264070738240971,0.5556038088862426,0.03398183299990358,0.33425868261139785,0.08888223091436455,0.03669912792122524,0.5884015639036373,0.2278888767571003,0.39428601525425977,0.5986145535055107,1.0
