0,1,2,3,4,5,6,7,8,9,10,11,12,13,14,15,16,17,18
1.0,0.752267230344837,0.616534850703521,0.6930647103295414,0.4031717460177388,0.44245285338516177,0.18091425949532608,0.417385177702881,0.0026479945470405646,0.24285866938435074,0.665164244506808,0.6917469570269426,0.49657518094895375,0.29571803607440034,0.08980249627620583,0.3928974250458312,0.5045999471835345,0.36412345792690415,0.2066442074332545
0.752267230344837,1.0,0.6052991089356592,0.9691104631673948,0.47498556633972605,0.638699815707973,0.2510758346513385,0.5856362995179636,0.08202417910529762,0.3808175969297063,0.5629779616426156,0.9410646773668487,0.4842467135903401,0.3479976792808923,0.155439284679665,0.4707353909798312,0.6060505802901327,0.5488459093506938,0.2648493191827881
0.616534850703521,0.6052991089356592,1.0,0.6307909726141323,0.7593390028274909,0.459556188250564,0.47713087530843973,0.47041203688607514,0.07570035959299236,0.3827599559096149,0.35150023190182045,0.5730499824234888,0.3022464994640502,0.22344676592278323,0.36663472597137353,0.3064298618982219,0.8165162325322038,0.4680616751554143,0.49442487848621064
0.6930647103295414,0.9691104631673948,0.6307909726141323,1.0,0.5190329165748567,0.6729401801602338,0.2817538489539826,0.6323587170853876,0.08067002327927557,0.42516274095365275,0.5325197481954872,0.941055909193771,0.4546369305609157,0.36834008421613773,0.19278121275964333,0.4989591163917001,0.6435607751989252,0.5944589138846912,0.3142206400771167
0.4031717460177388,0.47498556633972605,0.7593390028274909,0.5190329165748567,1.0,0.5260386255016485,0.7634867051880702,0.5799446206502061,0.3611717508809815,0.5046714668572254,0.1900069367592469,0.49565431643506996,0.42495642084211316,0.3376010520038698,0.6090459749075502,0.39679159767328126,0.6526847132046043,0.563040279229767,0.7161069631854108
0.44245285338516177,0.638699815707973,0.459556188250564,0.6729401801602338,0.5260386255016485,1.0,0.34552497594022413,0.703286837055782,0.09083418295206519,0.5873416112498746,0.3686989771290186,0.6193773275746661,0.40565190254743516,0.4337191894786705,0.2509661443476389,0.3978130735792834,0.3898455886417278,0.7141446620864379,0.4172925361740455
0.18091425949532608,0.2510758346513385,0.47713087530843973,0.2817538489539826,0.7634867051880702,0.34552497594022413,1.0,0.5188239736988506,0.6634487789350506,0.5337017011234464,-0.07529832531635491,0.2617098302550435,0.1347078491530188,0.10705721531940622,0.8819107058515728,0.20012419743151774,0.4075325732087947,0.41294016561829344,0.7341925451078378
0.417385177702881,0.5856362995179636,0.47041203688607514,0.6323587170853876,0.5799446206502061,0.703286837055782,0.5188239736988506,1.0,0.3212615528642471,0.8731141092995285,0.2776797893946672,0.5788821171853502,0.3241628926235977,0.3632570617968146,0.40851910571325106,0.546935938020915,0.4336305996255066,0.6179536714354058,0.541052730474738
0.0026479945470405646,0.08202417910529762,0.07570035959299236,0.08067002327927557,0.3611717508809815,0.09083418295206519,0.6634487789350506,0.3212615528642471,1.0,0.40494513045519737,-0.1662282939860446,0.05947953587603934,0.08323993036315135,0.03385372749083444,0.6816437188639639,0.0825968557504813,0.09770661811639,0.18131934258556917,0.44421098962472344
0.24285866938435074,0.3808175969297063,0.3827599559096149,0.42516274095365275,0.5046714668572254,0.5873416112498746,0.5337017011234464,0.8731141092995285,0.40494513045519737,1.0,0.07873456105044559,0.35947799050664947,0.11869148555290512,0.1696708563910109,0.4527402271125667,0.34676107249635374,0.3575451617714502,0.5146095839078081,0.5286567731276366
0.665164244506808,0.5629779616426156,0.35150023190182045,0.5325197481954872,0.1900069367592469,0.3686989771290186,-0.07529832531635491,0.2776797893946672,-0.1662282939860446,0.07873456105044559,1.0,0.5681938491753752,0.6420943328657381,0.41917280719180317,-0.16154146385814072,0.44761782416446844,0.1959717237912817,0.2753976364537104,-0.03792408174256255
0.6917469570269426,0.9410646773668487,0.5730499824234888,0.941055909193771,0.49565431643506996,0.6193773275746661,0.2617098302550435,0.5788821171853502,0.05947953587603934,0.35947799050664947,0.5681938491753752,1.0,0.562013221314694,0.4475741188075797,0.16835515561437128,0.5568735874314099,0.5710091144240805,0.5107547411170622,0.28581507553395485
0.49657518094895375,0.4842467135903401,0.3022464994640502,0.4546369305609157,0.42495642084211316,0.40565190254743516,0.1347078491530188,0.3241628926235977,0.08323993036315135,0.11869148555290512,0.6420943328657381,0.562013221314694,1.0,0.6512327207862086,0.051256750407956034,0.6293937068438522,0.2057033224872671,0.20188341060839332,0.1571021332325258
0.29571803607440034,0.3479976792808923,0.22344676592278323,0.36834008421613773,0.3376010520038698,0.4337191894786705,0.10705721531940622,0.3632570617968146,0.03385372749083444,0.1696708563910109,0.41917280719180317,0.4475741188075797,0.6512327207862086,1.0,0.06970526610468995,0.9171129133291129,0.2239354428589869,-0.04727477260469034,0.12957532339159278
0.08980249627620583,0.155439284679665,0.36663472597137353,0.19278121275964333,0.6090459749075502,0.2509661443476389,0.8819107058515728,0.40851910571325106,0.6816437188639639,0.4527402271125667,-0.16154146385814072,0.16835515561437128,0.051256750407956034,0.06970526610468995,1.0,0.15638275594626946,0.3063029194631517,0.2798783599026865,0.5877312334655022
0.3928974250458312,0.4707353909798312,0.3064298618982219,0.4989591163917001,0.39679159767328126,0.3978130735792834,0.20012419743151774,0.546935938020915,0.0825968557504813,0.34676107249635374,0.44761782416446844,0.5568735874314099,0.6293937068438522,0.9171129133291129,0.15638275594626946,1.0,0.2971414083644977,0.09886661703028937,0.19705020138953974
0.5045999471835345,0.6060505802901327,0.8165162325322038,0.6435607751989252,0.6526847132046043,0.3898455886417278,0.4075325732087947,0.4336305996255066,0.09770661811639,0.3575451617714502,0.1959717237912817,0.5710091144240805,0.2057033224872671,0.2239354428589869,0.3063029194631517,0.2971414083644977,1.0,0.3828320560318713,0.48616186853915155
0.36412345792690415,0.5488459093506938,0.4680616751554143,0.5944589138846912,0.563040279229767,0.7141446620864379,0.41294016561829344,0.6179536714354058,0.18131934258556917,0.5146095839078081,0.2753976364537104,0.5107547411170622,0.20188341060839332,-0.04727477260469034,0.2798783599026865,0.09886661703028937,0.3828320560318713,1.0,0.5185095809622909
0.2066442074332545,0.2648493191827881,0.49442487848621064,0.3142206400771167,0.7161069631854108,0.4172925361740455,0.7341925451078378,0.541052730474738,0.44421098962472344,0.5286567731276366,-0.03792408174256255,0.28581507553395485,0.1571021332325258,0.12957532339159278,0.5877312334655022,0.19705020138953974,0.48616186853915155,0.5185095809622909,1.0
