0,1,2,3,4,5,6,7,8,9,10,11,12,13,14,15,16,17,18
1.0,0.6453135065378737,0.7457797348732501,0.6128979315450904,0.4858224371865398,0.38189570637155884,0.2974245230582324,0.2430888259938011,0.11452274200437752,0.17876140459055403,0.504411910469476,0.5874425189568236,0.5043459437695063,0.18442956950208356,0.25855318306256764,0.2638884930045411,0.651014776362636,0.34521079888914824,0.354801254353244
0.6453135065378737,1.0,0.69186046966264,0.9690831491738651,0.5539973217065246,0.6467971068245087,0.31113483163818206,0.4534425518924301,0.11838865196661752,0.31476398675045486,0.3614828266672209,0.9523480928652395,0.5037756265996938,0.3845021620841962,0.24760932681265652,0.4860697355756104,0.7102540445941775,0.5266178548168082,0.37733306171732095
0.7457797348732501,0.69186046966264,1.0,0.6957161389055826,0.7331958505545189,0.47981141373986114,0.4712148345928733,0.3889117586415872,0.2421222879789608,0.2825463527706581,0.3121879512110208,0.6548369246864116,0.6192290564735577,0.24623177876796692,0.39095667115079585,0.35144281172449493,0.8622803537345854,0.5468933126349476,0.4934015409328628
0.6128979315450904,0.9690831491738651,0.6957161389055826,1.0,0.5678217109802931,0.6941769632361163,0.33241197665845285,0.5184766613408205,0.1301329151407133,0.36695059252192636,0.3754083624607164,0.9463414836405302,0.5055551350521329,0.396693223605661,0.2605459191639289,0.5167571916429976,0.7126763375745653,0.5865452749390342,0.4012683547385003
0.4858224371865398,0.5539973217065246,0.7331958505545189,0.5678217109802931,1.0,0.5292308306298199,0.7824537333605498,0.47586683464514556,0.4531009825083641,0.37570287332110014,0.11774640366565901,0.5595326474143641,0.7715338334286865,0.32549817863275243,0.6724519604281944,0.4152870871446258,0.6743698434125239,0.6780211687407749,0.7349119898190906
0.38189570637155884,0.6467971068245087,0.47981141373986114,0.6941769632361163,0.5292308306298199,1.0,0.46083122752614974,0.674275060672517,0.17176807345174055,0.5643576948356237,0.2399222128432462,0.6095197669496306,0.4305514936069412,0.43556400459020844,0.4030179100304102,0.4863648968406069,0.4439666991915345,0.744123824794149,0.5040807405494544
0.2974245230582324,0.31113483163818206,0.4712148345928733,0.33241197665845285,0.7824537333605498,0.46083122752614974,1.0,0.5109896016009774,0.7259044347150176,0.46815341904086316,0.021614814010532352,0.3078228487800813,0.5530936116355171,0.27378405565494873,0.9154385394230443,0.3710482101407343,0.4205112983010576,0.5232145392172961,0.7560979802657017
0.2430888259938011,0.4534425518924301,0.3889117586415872,0.5184766613408205,0.47586683464514556,0.674275060672517,0.5109896016009774,1.0,0.41479540375096824,0.917672791133034,0.18173793483728157,0.43152143698054307,0.34193485060854456,0.4769521969212321,0.4524505680164583,0.6892301862285786,0.4292032495923314,0.522130815112818,0.5311525824457244
0.11452274200437752,0.11838865196661752,0.2421222879789608,0.1301329151407133,0.4531009825083641,0.17176807345174055,0.7259044347150176,0.41479540375096824,1.0,0.433124550890187,-0.11766320461147844,0.0901730646083702,0.2637493135320869,0.1532858836613882,0.709213412282802,0.21100453806712566,0.2286078228408484,0.2769029106284623,0.5492920008053174
0.17876140459055403,0.31476398675045486,0.2825463527706581,0.36695059252192636,0.37570287332110014,0.5643576948356237,0.46815341904086316,0.917672791133034,0.433124550890187,1.0,0.1083701634171507,0.2789823217475516,0.24758463121921967,0.3168648151561156,0.4255965043696563,0.5547985726935388,0.3203138901296396,0.42933277314103,0.5039979789270993
0.504411910469476,0.3614828266672209,0.3121879512110208,0.3754083624607164,0.11774640366565901,0.2399222128432462,0.021614814010532352,0.18173793483728157,-0.11766320461147844,0.1083701634171507,1.0,0.33178122212127864,0.33396713292861213,0.14556464992515789,0.0032136983767861796,0.20623371561392786,0.1586064358975692,0.19728249202430626,0.014825703376145843
0.5874425189568236,0.9523480928652395,0.6548369246864116,0.9463414836405302,0.5595326474143641,0.6095197669496306,0.3078228487800813,0.43152143698054307,0.0901730646083702,0.2789823217475516,0.33178122212127864,1.0,0.5130480206867949,0.4316116254640013,0.24160832650081104,0.5144753021418763,0.6727383523742609,0.5016424591150122,0.3928765785443873
0.5043459437695063,0.5037756265996938,0.6192290564735577,0.5055551350521329,0.7715338334286865,0.4305514936069412,0.5530936116355171,0.34193485060854456,0.2637493135320869,0.24758463121921967,0.33396713292861213,0.5130480206867949,1.0,0.31705146613482654,0.4909514472916613,0.3754944803991645,0.4945731310654394,0.46546991467261256,0.4453726403073565
0.18442956950208356,0.3845021620841962,0.24623177876796692,0.396693223605661,0.32549817863275243,0.43556400459020844,0.27378405565494873,0.4769521969212321,0.1532858836613882,0.3168648151561156,0.14556464992515789,0.4316116254640013,0.31705146613482654,1.0,0.24052184387769154,0.9120972160544456,0.26001504974991313,0.022462201321420603,0.24840371789251944
0.25855318306256764,0.24760932681265652,0.39095667115079585,0.2605459191639289,0.6724519604281944,0.4030179100304102,0.9154385394230443,0.4524505680164583,0.709213412282802,0.4255965043696563,0.0032136983767861796,0.24160832650081104,0.4909514472916613,0.24052184387769154,1.0,0.341641952752556,0.32842992954281025,0.4320926869962402,0.6373499454562225
0.2638884930045411,0.4860697355756104,0.35144281172449493,0.5167571916429976,0.4152870871446258,0.4863648968406069,0.3710482101407343,0.6892301862285786,0.21100453806712566,0.5547985726935388,0.20623371561392786,0.5144753021418763,0.3754944803991645,0.9120972160544456,0.341641952752556,1.0,0.3707306594888505,0.2146829541631926,0.330186331080826
0.651014776362636,0.7102540445941775,0.8622803537345854,0.7126763375745653,0.6743698434125239,0.4439666991915345,0.4205112983010576,0.4292032495923314,0.2286078228408484,0.3203138901296396,0.1586064358975692,0.6727383523742609,0.4945731310654394,0.26001504974991313,0.32842992954281025,0.3707306594888505,1.0,0.5087009364930138,0.5005890229550197
0.34521079888914824,0.5266178548168082,0.5468933126349476,0.5865452749390342,0.6780211687407749,0.744123824794149,0.5232145392172961,0.522130815112818,0.2769029106284623,0.42933277314103,0.19728249202430626,0.5016424591150122,0.46546991467261256,0.022462201321420603,0.4320926869962402,0.2146829541631926,0.5087009364930138,1.0,0.5881499170740088
0.354801254353244,0.37733306171732095,0.4934015409328628,0.4012683547385003,0.7349119898190906,0.5040807405494544,0.7560979802657017,0.5311525824457244,0.5492920008053174,0.5039979789270993,0.014825703376145843,0.3928765785443873,0.4453726403073565,0.24840371789251944,0.6373499454562225,0.330186331080826,0.5005890229550197,0.5881499170740088,1.0
