0,1,2,3,4,5,6,7,8,9,10,11,12,13,14,15,16,17,18
1.0,0.6244282651486392,0.6235438150927144,0.5521221462719257,0.3856425787982828,0.4581847363713666,0.23312096792172046,0.24337318064975705,-0.013804519820196356,0.13254301339401942,0.6358214365143763,0.6005217760834456,0.6001127185682664,0.48090032253291404,0.22966608725403082,0.47130159342052325,0.49893101337335133,0.036780202295175715,0.2156283883328072
0.6244282651486392,1.0,0.5960121448995265,0.9277732487448657,0.4510347822477877,0.6808909317840148,0.30257835742800027,0.3996994302349761,0.09981749202402071,0.24523400913873197,0.47391581039962405,0.9294401515981899,0.5392174467980221,0.5194266202801141,0.27877913276670735,0.5352456048190612,0.6274470173983211,0.23898713212259207,0.23533314760420793
0.6235438150927144,0.5960121448995265,1.0,0.6035751866280702,0.7209944507894611,0.4201840382400731,0.5195550837692371,0.37021541658078155,0.21011081669861403,0.2898325333366324,0.2865750755123129,0.5380632304923397,0.4173572536931889,0.28700667786642137,0.4411530161331261,0.37407387948251575,0.8490314858410425,0.3788615315925715,0.4414553911950137
0.5521221462719257,0.9277732487448657,0.6035751866280702,1.0,0.47235558126320193,0.6948731025232545,0.339701240494266,0.4491171030390677,0.13085243675072353,0.2852603663152069,0.38479780873193836,0.8777611028226944,0.4842471543749315,0.48613871954268906,0.30770894887080896,0.5295023590358414,0.6766541014708144,0.30448020761441047,0.27611863357320304
0.3856425787982828,0.4510347822477877,0.7209944507894611,0.47235558126320193,1.0,0.4128015509842083,0.7903229301651103,0.4853505634690202,0.4241782310854362,0.37804923241403404,0.13549152420588928,0.4421926730801087,0.4956066491118002,0.2785367846206657,0.6566548294652317,0.4038524769076101,0.608763403718615,0.5752105548463134,0.7110831663447449
0.4581847363713666,0.6808909317840148,0.4201840382400731,0.6948731025232545,0.4128015509842083,1.0,0.3780579778414228,0.6969933950432643,0.15040040454268908,0.5571062154386016,0.4020082410081536,0.6284085294479794,0.49976113255379057,0.5703098272428707,0.3522376412175496,0.5419500899453362,0.3971495340272688,0.41652609628157333,0.4081935981944353
0.23312096792172046,0.30257835742800027,0.5195550837692371,0.339701240494266,0.7903229301651103,0.3780579778414228,1.0,0.5190706280820209,0.6799062855092666,0.4745265126158398,0.00329626613670387,0.28973262079094353,0.3115184943056902,0.17362889988231242,0.8964669618462754,0.3232907143677621,0.43754531179105055,0.49815650935036576,0.7563014101785714
0.24337318064975705,0.3996994302349761,0.37021541658078155,0.4491171030390677,0.4853505634690202,0.6969933950432643,0.5190706280820209,1.0,0.41340098322428703,0.902364491181443,0.14919138947066735,0.36050223303151274,0.3005873249947849,0.43488555100841786,0.45537804515062635,0.5990111424554155,0.37992628696664654,0.44427513705226146,0.6013995830244527
-0.013804519820196356,0.09981749202402071,0.21011081669861403,0.13085243675072353,0.4241782310854362,0.15040040454268908,0.6799062855092666,0.41340098322428703,1.0,0.43150554327552226,-0.12329082339862121,0.06703468925389729,0.12014326709412167,0.08375772976388161,0.6816770874558035,0.1897012620962926,0.17670004234199996,0.32233203895780266,0.5357355719357966
0.13254301339401942,0.24523400913873197,0.2898325333366324,0.2852603663152069,0.37804923241403404,0.5571062154386016,0.4745265126158398,0.902364491181443,0.43150554327552226,1.0,0.006178979838870849,0.17548443045888584,0.11595685715527804,0.24214729000039645,0.41473644195228015,0.44098996167204707,0.29067025864277607,0.4232084336937482,0.5872976919926057
0.6358214365143763,0.47391581039962405,0.2865750755123129,0.38479780873193836,0.13549152420588928,0.4020082410081536,0.00329626613670387,0.14919138947066735,-0.12329082339862121,0.006178979838870849,1.0,0.5206151462679666,0.6981300770401899,0.6212308982788666,0.02464953387696253,0.480411252638072,0.12458108937136755,-0.24415923998585237,-0.040997420920035124
0.6005217760834456,0.9294401515981899,0.5380632304923397,0.8777611028226944,0.4421926730801087,0.6284085294479794,0.28973262079094353,0.36050223303151274,0.06703468925389729,0.17548443045888584,0.5206151462679666,1.0,0.6141775253461651,0.6028086767616508,0.2744971144825337,0.600036982784502,0.5486263348949831,0.16032009604748199,0.21015333169165207
0.6001127185682664,0.5392174467980221,0.4173572536931889,0.4842471543749315,0.4956066491118002,0.49976113255379057,0.3115184943056902,0.3005873249947849,0.12014326709412167,0.11595685715527804,0.6981300770401899,0.6141775253461651,1.0,0.6826542181028269,0.3133664922935349,0.6176277220596607,0.26849717352438174,-0.019077991066073545,0.19220820187701104
0.48090032253291404,0.5194266202801141,0.28700667786642137,0.48613871954268906,0.2785367846206657,0.5703098272428707,0.17362889988231242,0.43488555100841786,0.08375772976388161,0.24214729000039645,0.6212308982788666,0.6028086767616508,0.6826542181028269,1.0,0.20311203047316417,0.9245126131332477,0.22914500721489653,-0.25467350509219205,0.12464825952139268
0.22966608725403082,0.27877913276670735,0.4411530161331261,0.30770894887080896,0.6566548294652317,0.3522376412175496,0.8964669618462754,0.45537804515062635,0.6816770874558035,0.41473644195228015,0.02464953387696253,0.2744971144825337,0.3133664922935349,0.20311203047316417,1.0,0.34137161558403417,0.3673089067279622,0.3798874151555265,0.629015596537479
0.47130159342052325,0.5352456048190612,0.37407387948251575,0.5295023590358414,0.4038524769076101,0.5419500899453362,0.3232907143677621,0.5990111424554155,0.1897012620962926,0.44098996167204707,0.480411252638072,0.600036982784502,0.6176277220596607,0.9245126131332477,0.34137161558403417,1.0,0.33221974114806213,-0.05040415681654255,0.2938230696236245
0.49893101337335133,0.6274470173983211,0.8490314858410425,0.6766541014708144,0.608763403718615,0.3971495340272688,0.43754531179105055,0.37992628696664654,0.17670004234199996,0.29067025864277607,0.12458108937136755,0.5486263348949831,0.26849717352438174,0.22914500721489653,0.3673089067279622,0.33221974114806213,1.0,0.38589618496511713,0.3946604898778648
0.036780202295175715,0.23898713212259207,0.3788615315925715,0.30448020761441047,0.5752105548463134,0.41652609628157333,0.49815650935036576,0.44427513705226146,0.32233203895780266,0.4232084336937482,-0.24415923998585237,0.16032009604748199,-0.019077991066073545,-0.25467350509219205,0.3798874151555265,-0.05040415681654255,0.38589618496511713,1.0,0.6416147621759525
0.2156283883328072,0.23533314760420793,0.4414553911950137,0.27611863357320304,0.7110831663447449,0.4081935981944353,0.7563014101785714,0.6013995830244527,0.5357355719357966,0.5872976919926057,-0.040997420920035124,0.21015333169165207,0.19220820187701104,0.12464825952139268,0.629015596537479,0.2938230696236245,0.3946604898778648,0.6416147621759525,1.0
