0,1,2,3,4,5,6,7,8,9,10,11,12,13,14,15,16,17,18
1.0,0.7794214506167733,0.6183234262181272,0.7414944782538477,0.48309965351240103,0.43358289450129583,0.15640716002237812,0.3957090676956589,-0.011287061262586415,0.19233871284215281,0.6056003967065496,0.7190883982920819,0.5473198810177217,0.1665672308211048,0.11702263353086939,0.2960377894183492,0.4449509241567453,0.34125540277790434,0.21488535211225898
0.7794214506167733,1.0,0.602035429732253,0.9729868250765672,0.5426772456818828,0.5660644746593995,0.2203302147748718,0.526844029099728,0.028971421160918505,0.26555239490638105,0.5913822809269768,0.9236407123527491,0.5995640172866128,0.18398195892605568,0.18898139561472976,0.34441397568149623,0.5160289328005732,0.4558589685797785,0.2386250585820066
0.6183234262181272,0.602035429732253,1.0,0.6476978177352878,0.7877523978082218,0.2878842349050996,0.5262157670483015,0.4723061812265551,0.20567874717117743,0.3604709441065853,0.29990294417364183,0.4994906961903736,0.24257500876148172,-0.17371991674653603,0.4393327709506328,-0.055020353709275056,0.7870627626477346,0.5579954797695041,0.49205128720910385
0.7414944782538477,0.9729868250765672,0.6476978177352878,1.0,0.5815046245087103,0.5805411615086506,0.2697081804572353,0.5832045115802482,0.04823358286339774,0.3218587318061266,0.5686353043583063,0.907527230228542,0.5676080222813874,0.1549295175790105,0.24131513726860934,0.32424530076194097,0.5735644669451212,0.49851292647321543,0.2743776251822951
0.48309965351240103,0.5426772456818828,0.7877523978082218,0.5815046245087103,1.0,0.3285151486737723,0.7305400271836873,0.5722195941628677,0.4414761393667278,0.43893060408982765,0.26850883017701455,0.5015643100235646,0.4043517967507038,-0.0841501897394994,0.6152346759994671,0.052520040298872105,0.6064680855507959,0.6142500728758373,0.6766533078707611
0.43358289450129583,0.5660644746593995,0.2878842349050996,0.5805411615086506,0.3285151486737723,1.0,0.11380639690973099,0.5573420411673624,0.0014243186395744196,0.42144257558797876,0.23191614474578365,0.4543123439386977,0.32054633776064373,0.5544307147556056,0.09061270059639269,0.5650100738348721,0.1543322630762819,0.18571029642100165,0.2083943481293969
0.15640716002237812,0.2203302147748718,0.5262157670483015,0.2697081804572353,0.7305400271836873,0.11380639690973099,1.0,0.45884803125232365,0.7493705856257755,0.47279154220602776,-0.08319712313216218,0.14723350135672872,-0.008412133220469626,-0.29227229844542585,0.9125224095365919,-0.19477539326131757,0.45591971830867495,0.48832377249625925,0.7416766138936559
0.3957090676956589,0.526844029099728,0.4723061812265551,0.5832045115802482,0.5722195941628677,0.5573420411673624,0.45884803125232365,1.0,0.32349115163096953,0.8768612985472419,0.3373526914186973,0.47199931531960126,0.35726676986848066,0.02565469233491312,0.4517861267557548,0.2250853843091157,0.34449010191273743,0.5498410546490791,0.47608687923577214
-0.011287061262586415,0.028971421160918505,0.20567874717117743,0.04823358286339774,0.4414761393667278,0.0014243186395744196,0.7493705856257755,0.32349115163096953,1.0,0.41320254904871306,-0.17730005470482754,-0.029459446673627116,-0.044793140582271185,-0.17652122691650535,0.7563824954783028,-0.12355343994562248,0.13967591756425346,0.2748847306562329,0.5443424225394038
0.19233871284215281,0.26555239490638105,0.3604709441065853,0.3218587318061266,0.43893060408982765,0.42144257558797876,0.47279154220602776,0.8768612985472419,0.41320254904871306,1.0,0.08452685385333038,0.17224201284942134,0.06569020913510305,-0.11445118080055025,0.47835455760416284,0.04300205474517628,0.26543525231359755,0.4590365767026732,0.48519728274008667
0.6056003967065496,0.5913822809269768,0.29990294417364183,0.5686353043583063,0.26850883017701455,0.23191614474578365,-0.08319712313216218,0.3373526914186973,-0.17730005470482754,0.08452685385333038,1.0,0.7098532552964519,0.8184149042173138,0.08103500052925955,-0.035097225762849585,0.21514358453843305,0.09876724634420221,0.3873541003468944,-0.0124011228427181
0.7190883982920819,0.9236407123527491,0.4994906961903736,0.907527230228542,0.5015643100235646,0.4543123439386977,0.14723350135672872,0.47199931531960126,-0.029459446673627116,0.17224201284942134,0.7098532552964519,1.0,0.7574253769655575,0.20779416509465934,0.14891314788532722,0.37324077442163045,0.40679845902244655,0.4151347831841649,0.19884000634200505
0.5473198810177217,0.5995640172866128,0.24257500876148172,0.5676080222813874,0.4043517967507038,0.32054633776064373,-0.008412133220469626,0.35726676986848066,-0.044793140582271185,0.06569020913510305,0.8184149042173138,0.7574253769655575,1.0,0.3112034089234931,0.009717576686209674,0.44540851053896735,0.05958406870703048,0.2642980872868027,0.06104389507908978
0.1665672308211048,0.18398195892605568,-0.17371991674653603,0.1549295175790105,-0.0841501897394994,0.5544307147556056,-0.29227229844542585,0.02565469233491312,-0.17652122691650535,-0.11445118080055025,0.08103500052925955,0.20779416509465934,0.3112034089234931,1.0,-0.308017700933433,0.9514262273636974,-0.19842820186693255,-0.581945573128383,-0.22029857957465945
0.11702263353086939,0.18898139561472976,0.4393327709506328,0.24131513726860934,0.6152346759994671,0.09061270059639269,0.9125224095365919,0.4517861267557548,0.7563824954783028,0.47835455760416284,-0.035097225762849585,0.14891314788532722,0.009717576686209674,-0.308017700933433,1.0,-0.20409617057761867,0.380470996878833,0.4682725064738398,0.6401713757151364
0.2960377894183492,0.34441397568149623,-0.055020353709275056,0.32424530076194097,0.052520040298872105,0.5650100738348721,-0.19477539326131757,0.2250853843091157,-0.12355343994562248,0.04300205474517628,0.21514358453843305,0.37324077442163045,0.44540851053896735,0.9514262273636974,-0.20409617057761867,1.0,-0.09935832993723108,-0.40898152242277763,-0.12889884311018146
0.4449509241567453,0.5160289328005732,0.7870627626477346,0.5735644669451212,0.6064680855507959,0.1543322630762819,0.45591971830867495,0.34449010191273743,0.13967591756425346,0.26543525231359755,0.09876724634420221,0.40679845902244655,0.05958406870703048,-0.19842820186693255,0.380470996878833,-0.09935832993723108,1.0,0.4309093518021998,0.3942360664388242
0.34125540277790434,0.4558589685797785,0.5579954797695041,0.49851292647321543,0.6142500728758373,0.18571029642100165,0.48832377249625925,0.5498410546490791,0.2748847306562329,0.4590365767026732,0.3873541003468944,0.4151347831841649,0.2642980872868027,-0.581945573128383,0.4682725064738398,-0.40898152242277763,0.4309093518021998,1.0,0.5414263748798185
0.21488535211225898,0.2386250585820066,0.49205128720910385,0.2743776251822951,0.6766533078707611,0.2083943481293969,0.7416766138936559,0.47608687923577214,0.5443424225394038,0.48519728274008667,-0.0124011228427181,0.19884000634200505,0.06104389507908978,-0.22029857957465945,0.6401713757151364,-0.12889884311018146,0.3942360664388242,0.5414263748798185,1.0
