0,1,2,3,4,5,6,7,8,9,10,11,12,13,14,15,16,17,18
1.0,-0.365003463835082,-0.7798489635328498,-0.1470726858922078,0.8752239740379321,-0.14534113839244225,0.9429938052794725,-0.07812922579714454,0.9254716877743919,0.09764919916458599,0.9757971417150613,-0.27353023993221665,0.9639805517392545,0.08981636619821981,0.9355011811901538,0.12797956329580942,0.891948023720148,-0.10043718919531591,0.9495357431914321
-0.365003463835082,1.0,0.2698009187895885,0.7984708073437858,-0.20862735340617394,0.7887248027826284,-0.38575487933543545,0.5825465597538506,-0.4475946414077288,0.40576901172815494,-0.4163886555512137,0.843379820771704,-0.44537898080477295,0.4958093415612967,-0.4525281573513387,0.4321773205560981,-0.22954269489525825,0.7467034036455431,-0.45585802199995423
-0.7798489635328498,0.2698009187895885,1.0,-0.00017963521140306122,-0.5301181395522252,0.0074576881458202566,-0.7343041020836919,-0.18680160378251298,-0.8303990766418126,-0.37487869170976923,-0.8233045174140826,0.13842093696032,-0.8439304135945449,-0.3289168913115307,-0.8454628619979363,-0.32972329839216563,-0.5240945735207801,-0.06457854431391478,-0.8649175069343723
-0.1470726858922078,0.7984708073437858,-0.00017963521140306122,1.0,0.07896566871726737,0.9816759719612658,-0.08789535591717006,0.7605931106504887,-0.16659139836375367,0.6218893337002733,-0.17045275637556356,0.8064803159399035,-0.1588118723839244,0.768691847087599,-0.18000765966634766,0.6125877022095375,0.005652138663257511,0.978221202904412,-0.15050994897029585
0.8752239740379321,-0.20862735340617394,-0.5301181395522252,0.07896566871726737,1.0,0.09326622882176727,0.9293518996410935,0.09535738209172158,0.8294551900340932,0.21123441217521513,0.858852964534647,-0.09386140395170281,0.8527041867081329,0.20739249734843684,0.8182701232476024,0.23858578208266898,0.9608062493760499,0.11895294081249295,0.8281838320102484
-0.14534113839244225,0.7887248027826284,0.0074576881458202566,0.9816759719612658,0.09326622882176727,1.0,-0.07584151777844364,0.8066067710026752,-0.15718497530797967,0.6685701808086906,-0.1679349508789956,0.8119722095662438,-0.1618779737914185,0.7762284828365077,-0.17589267047516619,0.6411684050831751,0.01804141231529285,0.9744428774405839,-0.14326902366390531
0.9429938052794725,-0.38575487933543545,-0.7343041020836919,-0.08789535591717006,0.9293518996410935,-0.07584151777844364,1.0,0.041317190879578344,0.951144981661412,0.20788715087970677,0.9480585038349718,-0.23769663018926646,0.9593571782676996,0.166636980203275,0.9367239873032152,0.194104145167717,0.9055988323913274,-0.03451432768899924,0.9479006307780858
-0.07812922579714454,0.5825465597538506,-0.18680160378251298,0.7605931106504887,0.09535738209172158,0.8066067710026752,0.041317190879578344,1.0,0.035916541997580834,0.9360971484396325,-0.05519049514914426,0.7147862975702886,-0.05219795498001313,0.8222717176187071,-0.004900153376547284,0.767516799213827,0.0011827680169050393,0.7767046582538342,0.0028364046172807697
0.9254716877743919,-0.4475946414077288,-0.8303990766418126,-0.16659139836375367,0.8294551900340932,-0.15718497530797967,0.951144981661412,0.035916541997580834,1.0,0.2498512883646418,0.9481627373085659,-0.3025137877660936,0.9531863011059947,0.1294349961951114,0.9657236685698708,0.2229423132725635,0.8142696432564335,-0.1010865903277155,0.9655969026583153
0.09764919916458599,0.40576901172815494,-0.37487869170976923,0.6218893337002733,0.21123441217521513,0.6685701808086906,0.20788715087970677,0.9360971484396325,0.2498512883646418,1.0,0.1343157769578274,0.5635580055986558,0.1406427228020444,0.7785236107444,0.20117244976233606,0.816560855894946,0.10914077394604037,0.6657201631702262,0.19729926668217507
0.9757971417150613,-0.4163886555512137,-0.8233045174140826,-0.17045275637556356,0.858852964534647,-0.1679349508789956,0.9480585038349718,-0.05519049514914426,0.9481627373085659,0.1343157769578274,1.0,-0.29121219877024307,0.9795456632935111,0.11567821889100093,0.9543337473271608,0.1494071321573711,0.8613774550409057,-0.1174277025756743,0.9614624968063687
-0.27353023993221665,0.843379820771704,0.13842093696032,0.8064803159399035,-0.09386140395170281,0.8119722095662438,-0.23769663018926646,0.7147862975702886,-0.3025137877660936,0.5635580055986558,-0.29121219877024307,1.0,-0.31057817863504744,0.7132381913990558,-0.30780150411207813,0.5515295574876057,-0.11951610850076189,0.7609938630960419,-0.31218235785714643
0.9639805517392545,-0.44537898080477295,-0.8439304135945449,-0.1588118723839244,0.8527041867081329,-0.1618779737914185,0.9593571782676996,-0.05219795498001313,0.9531863011059947,0.1406427228020444,0.9795456632935111,-0.31057817863504744,1.0,0.1256746423667287,0.9578486299398422,0.1567865256780297,0.8407875610929989,-0.1011090298026752,0.9762338823485419
0.08981636619821981,0.4958093415612967,-0.3289168913115307,0.768691847087599,0.20739249734843684,0.7762284828365077,0.166636980203275,0.8222717176187071,0.1294349961951114,0.7785236107444,0.11567821889100093,0.7132381913990558,0.1256746423667287,1.0,0.1294007826703153,0.7567601527680274,0.13812078042342527,0.7724546002622807,0.13735650896570178
0.9355011811901538,-0.4525281573513387,-0.8454628619979363,-0.18000765966634766,0.8182701232476024,-0.17589267047516619,0.9367239873032152,-0.004900153376547284,0.9657236685698708,0.20117244976233606,0.9543337473271608,-0.30780150411207813,0.9578486299398422,0.1294007826703153,1.0,0.20417180316146297,0.8186129537212351,-0.12176284139183075,0.9616636357256524
0.12797956329580942,0.4321773205560981,-0.32972329839216563,0.6125877022095375,0.23858578208266898,0.6411684050831751,0.194104145167717,0.767516799213827,0.2229423132725635,0.816560855894946,0.1494071321573711,0.5515295574876057,0.1567865256780297,0.7567601527680274,0.20417180316146297,1.0,0.15387772460251997,0.6466310466763258,0.19113437920133794
0.891948023720148,-0.22954269489525825,-0.5240945735207801,0.005652138663257511,0.9608062493760499,0.01804141231529285,0.9055988323913274,0.0011827680169050393,0.8142696432564335,0.10914077394604037,0.8613774550409057,-0.11951610850076189,0.8407875610929989,0.13812078042342527,0.8186129537212351,0.15387772460251997,1.0,0.028720594083859546,0.8219294108503231
-0.10043718919531591,0.7467034036455431,-0.06457854431391478,0.978221202904412,0.11895294081249295,0.9744428774405839,-0.03451432768899924,0.7767046582538342,-0.1010865903277155,0.6657201631702262,-0.1174277025756743,0.7609938630960419,-0.1011090298026752,0.7724546002622807,-0.12176284139183075,0.6466310466763258,0.028720594083859546,1.0,-0.08421539510986195
0.9495357431914321,-0.45585802199995423,-0.8649175069343723,-0.15050994897029585,0.8281838320102484,-0.14326902366390531,0.9479006307780858,0.0028364046172807697,0.9655969026583153,0.19729926668217507,0.9614624968063687,-0.31218235785714643,0.9762338823485419,0.13735650896570178,0.9616636357256524,0.19113437920133794,0.8219294108503231,-0.08421539510986195,1.0
