0,1,2,3,4,5,6,7,8,9,10,11,12,13,14,15,16,17,18
1.0,-0.07031016466732562,-0.08435920209160339,-0.20017427781701674,0.5426925831675449,-0.24293071693321847,0.4014451912005828,-0.3748994023688554,0.29981227720571635,-0.3731341669514452,0.6393621736928543,-0.14574620768804894,0.5024695585994261,-0.25710245639933166,0.367075296923314,-0.2863058541978728,0.6422556795528407,-0.2085093418066876,0.4017441689824848
-0.07031016466732562,1.0,-0.1801679787256451,0.8089217912375626,-0.38791889314149786,0.7670492235413436,-0.58821569122863,0.4637022460947687,-0.5758216152023704,0.37054995635076077,-0.38501216064626004,0.8298750169444613,-0.5622816190472952,0.66875429091838,-0.6111949619129129,0.4594384422986602,-0.1277053264015899,0.7364407727601795,-0.6100879919236247
-0.08435920209160339,-0.1801679787256451,1.0,-0.32439443827216663,0.2730178926324658,-0.3247682357551496,-0.020127512977682487,-0.45272314473369113,-0.1529754225759968,-0.4520403459656292,-0.10496137874859753,-0.20085655516353215,-0.22270088832544996,-0.3898490792531465,-0.22046196284699782,-0.43508362175911197,0.2845417771868553,-0.3450902624050918,-0.24276204346817207
-0.20017427781701674,0.8089217912375626,-0.32439443827216663,1.0,-0.3082220756461383,0.9796782391064486,-0.5032832352620757,0.6049630176235563,-0.5192339792579649,0.507397173658771,-0.45890359281066734,0.7293546769806021,-0.4990050831760631,0.7418071226413261,-0.589571093007448,0.5626490600971331,-0.32777691827426186,0.9729579655762748,-0.4384873000459111
0.5426925831675449,-0.38791889314149786,0.2730178926324658,-0.3082220756461383,1.0,-0.34204129298445285,0.7238320344620354,-0.5478112887075208,0.4369919352039508,-0.5309507591372644,0.6190807873433388,-0.43485789717687834,0.7094222713267571,-0.5084108981576761,0.4580163473720676,-0.5015100430026731,0.7020996275830996,-0.27546308860922303,0.5703732913153454
-0.24293071693321847,0.7670492235413436,-0.3247682357551496,0.9796782391064486,-0.34204129298445285,1.0,-0.5054240782984355,0.6690260794177872,-0.5258327451084537,0.5628097369036995,-0.5089511736173787,0.7237050231960438,-0.5244110353039062,0.7822544908038841,-0.5988175917613331,0.599603647171168,-0.3708809638920598,0.9662031026834715,-0.4347595068836684
0.4014451912005828,-0.58821569122863,-0.020127512977682487,-0.5032832352620757,0.7238320344620354,-0.5054240782984355,1.0,-0.38953369659796433,0.749177801964621,-0.32950412115866967,0.5367458859519639,-0.5117015001238232,0.7765069845089978,-0.5097397386733526,0.7158843297897881,-0.4091160214344743,0.4276477797189611,-0.4479070092780099,0.7689427113346243
-0.3748994023688554,0.4637022460947687,-0.45272314473369113,0.6049630176235563,-0.5478112887075208,0.6690260794177872,-0.38953369659796433,1.0,-0.2885674522574896,0.9389225226488909,-0.5615170614531584,0.5759962595398133,-0.5169259228126526,0.7731559382500505,-0.3561372103292005,0.8760517022269667,-0.5611502148837691,0.6094694510368954,-0.30802647612088535
0.29981227720571635,-0.5758216152023704,-0.1529754225759968,-0.5192339792579649,0.4369919352039508,-0.5258327451084537,0.749177801964621,-0.2885674522574896,1.0,-0.1273227387121308,0.38479887880375385,-0.5152717741671056,0.5565686515319579,-0.5031362457772658,0.7879774147483051,-0.26049867984260194,0.2682423780327825,-0.469490751131182,0.6932538994842641
-0.3731341669514452,0.37054995635076077,-0.4520403459656292,0.507397173658771,-0.5309507591372644,0.5628097369036995,-0.32950412115866967,0.9389225226488909,-0.1273227387121308,1.0,-0.5493008375655603,0.48251441956100444,-0.47936577765064514,0.6745214878720259,-0.22260277275624216,0.8922277745762377,-0.5797621055200202,0.5212947191891893,-0.24870311047299892
0.6393621736928543,-0.38501216064626004,-0.10496137874859753,-0.45890359281066734,0.6190807873433388,-0.5089511736173787,0.5367458859519639,-0.5615170614531584,0.38479887880375385,-0.5493008375655603,1.0,-0.40098060685323555,0.714937854299039,-0.4723289015992221,0.5149292222052423,-0.4499261794249215,0.6191805775686126,-0.45722838004753535,0.44934049024226497
-0.14574620768804894,0.8298750169444613,-0.20085655516353215,0.7293546769806021,-0.43485789717687834,0.7237050231960438,-0.5117015001238232,0.5759962595398133,-0.5152717741671056,0.48251441956100444,-0.40098060685323555,1.0,-0.5426625098183501,0.805086188505294,-0.5369609868528984,0.5707734389227325,-0.22271194497413677,0.6718453367632908,-0.5604837084032385
0.5024695585994261,-0.5622816190472952,-0.22270088832544996,-0.4990050831760631,0.7094222713267571,-0.5244110353039062,0.7765069845089978,-0.5169259228126526,0.5565686515319579,-0.47936577765064514,0.714937854299039,-0.5426625098183501,1.0,-0.5062533996654415,0.6640051843037921,-0.4739670137082957,0.45438869916157565,-0.46033465564925724,0.6814595950151954
-0.25710245639933166,0.66875429091838,-0.3898490792531465,0.7418071226413261,-0.5084108981576761,0.7822544908038841,-0.5097397386733526,0.7731559382500505,-0.5031362457772658,0.6745214878720259,-0.4723289015992221,0.805086188505294,-0.5062533996654415,1.0,-0.5054628428438166,0.7535238908691376,-0.4091930364028722,0.7226482683939326,-0.47029656798669894
0.367075296923314,-0.6111949619129129,-0.22046196284699782,-0.589571093007448,0.4580163473720676,-0.5988175917613331,0.7158843297897881,-0.3561372103292005,0.7879774147483051,-0.22260277275624216,0.5149292222052423,-0.5369609868528984,0.6640051843037921,-0.5054628428438166,1.0,-0.2611221293807664,0.34332876013251407,-0.5470091752801418,0.6338777512017706
-0.2863058541978728,0.4594384422986602,-0.43508362175911197,0.5626490600971331,-0.5015100430026731,0.599603647171168,-0.4091160214344743,0.8760517022269667,-0.26049867984260194,0.8922277745762377,-0.4499261794249215,0.5707734389227325,-0.4739670137082957,0.7535238908691376,-0.2611221293807664,1.0,-0.47041340082597627,0.5591007259212184,-0.31643105166312413
0.6422556795528407,-0.1277053264015899,0.2845417771868553,-0.32777691827426186,0.7020996275830996,-0.3708809638920598,0.4276477797189611,-0.5611502148837691,0.2682423780327825,-0.5797621055200202,0.6191805775686126,-0.22271194497413677,0.45438869916157565,-0.4091930364028722,0.34332876013251407,-0.47041340082597627,1.0,-0.3366267684574032,0.3347384796883049
-0.2085093418066876,0.7364407727601795,-0.3450902624050918,0.9729579655762748,-0.27546308860922303,0.9662031026834715,-0.4479070092780099,0.6094694510368954,-0.469490751131182,0.5212947191891893,-0.45722838004753535,0.6718453367632908,-0.46033465564925724,0.7226482683939326,-0.5470091752801418,0.5591007259212184,-0.3366267684574032,1.0,-0.36546228027606215
0.4017441689824848,-0.6100879919236247,-0.24276204346817207,-0.4384873000459111,0.5703732913153454,-0.4347595068836684,0.7689427113346243,-0.30802647612088535,0.6932538994842641,-0.24870311047299892,0.44934049024226497,-0.5604837084032385,0.6814595950151954,-0.47029656798669894,0.6338777512017706,-0.31643105166312413,0.3347384796883049,-0.36546228027606215,1.0
