0,1,2,3,4,5,6,7,8,9,10,11,12,13,14,15,16,17,18
1.0,-0.12290502531211588,-0.40481786193541247,-0.3502295385973387,0.6603319680597987,-0.3832393775225325,0.6739928291430514,-0.46580851615298813,0.6311767747891404,-0.3850832044256717,0.8674676914493787,-0.23099739396384902,0.8057311544196286,-0.4338904606574242,0.6559097290860995,-0.44989508513148063,0.773443921136395,-0.33967194347669877,0.73837367571346
-0.12290502531211588,1.0,-0.3346432793171086,0.7381719510235824,-0.3857846115169637,0.7723776963718161,-0.5269764671527031,0.4804351985138924,-0.3828999737808241,0.46601688915258543,-0.219342134002297,0.8249923308629817,-0.36014920158167046,0.5242357368979425,-0.30896691909240426,0.47718404586032404,-0.103613754968122,0.7382281692973865,-0.3117568675631234
-0.40481786193541247,-0.3346432793171086,1.0,-0.24662367498911753,0.11707312041226889,-0.2909308414458847,-0.23651107432972485,-0.30540651731314294,-0.48729121668290687,-0.41090118398230246,-0.4172435699259741,-0.30779378771749166,-0.49927429122974487,-0.23213076684960782,-0.5353142151853199,-0.3155590387980403,-0.045146321278787295,-0.28698019424450777,-0.565380259068906
-0.3502295385973387,0.7381719510235824,-0.24662367498911753,1.0,-0.36630816469931643,0.9477421017168488,-0.5076082507644721,0.6390855857245715,-0.4603730120076687,0.5163585242525897,-0.39337813766118357,0.7132033197390906,-0.41675005206142324,0.7593527478351384,-0.47703694380948,0.5853559592216713,-0.34106576362277735,0.9614906927086508,-0.36724665802417267
0.6603319680597987,-0.3857846115169637,0.11707312041226889,-0.36630816469931643,1.0,-0.44000288098792095,0.7650121082427535,-0.47644889763848197,0.47994884649138836,-0.48472181899317185,0.650361675032773,-0.4176378565530137,0.6837233514362685,-0.48043936664471787,0.43188529417867116,-0.5159495825812862,0.7950134310920207,-0.3468380006944551,0.5829508533427279
-0.3832393775225325,0.7723776963718161,-0.2909308414458847,0.9477421017168488,-0.44000288098792095,1.0,-0.5666796000344788,0.6776271587793576,-0.46307435011962467,0.5869271482498013,-0.4169679302998651,0.7551581315431731,-0.4536425345781607,0.7215347042700743,-0.46241716493184754,0.6210832939973354,-0.3703223246406195,0.9399365191331363,-0.3591635218049404
0.6739928291430514,-0.5269764671527031,-0.23651107432972485,-0.5076082507644721,0.7650121082427535,-0.5666796000344788,1.0,-0.3377284509377765,0.809981705518509,-0.2765064077560352,0.6833300927691757,-0.47130410339733375,0.855781824012427,-0.41003133978221334,0.7301907826071528,-0.3544888669498767,0.5760282214983267,-0.47612951987870306,0.8273275989614806
-0.46580851615298813,0.4804351985138924,-0.30540651731314294,0.6390855857245715,-0.47644889763848197,0.6776271587793576,-0.3377284509377765,1.0,-0.23167042069778399,0.9109303759003725,-0.528382145972016,0.5496291774252055,-0.38311943052217,0.7318825376021836,-0.25082580128960297,0.8769731905008151,-0.5129521588371116,0.6688701429598034,-0.24660864887578918
0.6311767747891404,-0.3828999737808241,-0.48729121668290687,-0.4603730120076687,0.47994884649138836,-0.46307435011962467,0.809981705518509,-0.23167042069778399,1.0,-0.06366382803214159,0.6276424269126549,-0.3286183823678878,0.7581535377357471,-0.3569963382035636,0.8703576433253322,-0.20320650355651068,0.43666005988161033,-0.42845748288646096,0.8311519321614113
-0.3850832044256717,0.46601688915258543,-0.41090118398230246,0.5163585242525897,-0.48472181899317185,0.5869271482498013,-0.2765064077560352,0.9109303759003725,-0.06366382803214159,1.0,-0.43060129850497003,0.5303401697082719,-0.3149472554189036,0.6178689676857285,-0.04911726146846645,0.8919867455416813,-0.5135434929890745,0.572799747342758,-0.14186224977529077
0.8674676914493787,-0.219342134002297,-0.4172435699259741,-0.39337813766118357,0.650361675032773,-0.4169679302998651,0.6833300927691757,-0.528382145972016,0.6276424269126549,-0.43060129850497003,1.0,-0.23599617855209626,0.8284992769258553,-0.4558220377097637,0.6392790984294481,-0.5037713939950507,0.7075378251420561,-0.3832248017142546,0.7234213864911292
-0.23099739396384902,0.8249923308629817,-0.30779378771749166,0.7132033197390906,-0.4176378565530137,0.7551581315431731,-0.47130410339733375,0.5496291774252055,-0.3286183823678878,0.5303401697082719,-0.23599617855209626,1.0,-0.3673260225888449,0.7086381433527171,-0.31058604329231104,0.5617140380783789,-0.21746193844761438,0.7104647246833118,-0.3208759282435769
0.8057311544196286,-0.36014920158167046,-0.49927429122974487,-0.41675005206142324,0.6837233514362685,-0.4536425345781607,0.855781824012427,-0.38311943052217,0.7581535377357471,-0.3149472554189036,0.8284992769258553,-0.3673260225888449,1.0,-0.3941016308893188,0.7497693344433125,-0.36319435383925375,0.6170073770854776,-0.3860154316018431,0.844280926750949
-0.4338904606574242,0.5242357368979425,-0.23213076684960782,0.7593527478351384,-0.48043936664471787,0.7215347042700743,-0.41003133978221334,0.7318825376021836,-0.3569963382035636,0.6178689676857285,-0.4558220377097637,0.7086381433527171,-0.3941016308893188,1.0,-0.3662760768732621,0.7643174183471375,-0.4620716819579989,0.722492161296578,-0.3781902529165063
0.6559097290860995,-0.30896691909240426,-0.5353142151853199,-0.47703694380948,0.43188529417867116,-0.46241716493184754,0.7301907826071528,-0.25082580128960297,0.8703576433253322,-0.04911726146846645,0.6392790984294481,-0.31058604329231104,0.7497693344433125,-0.3662760768732621,1.0,-0.15196387606139422,0.4455573600415953,-0.41823905838195974,0.7667145454381077
-0.44989508513148063,0.47718404586032404,-0.3155590387980403,0.5853559592216713,-0.5159495825812862,0.6210832939973354,-0.3544888669498767,0.8769731905008151,-0.20320650355651068,0.8919867455416813,-0.5037713939950507,0.5617140380783789,-0.36319435383925375,0.7643174183471375,-0.15196387606139422,1.0,-0.535911530023349,0.6124281210526111,-0.2826325893457834
0.773443921136395,-0.103613754968122,-0.045146321278787295,-0.34106576362277735,0.7950134310920207,-0.3703223246406195,0.5760282214983267,-0.5129521588371116,0.43666005988161033,-0.5135434929890745,0.7075378251420561,-0.21746193844761438,0.6170073770854776,-0.4620716819579989,0.4455573600415953,-0.535911530023349,1.0,-0.3352277556312474,0.5508616000569342
-0.33967194347669877,0.7382281692973865,-0.28698019424450777,0.9614906927086508,-0.3468380006944551,0.9399365191331363,-0.47612951987870306,0.6688701429598034,-0.42845748288646096,0.572799747342758,-0.3832248017142546,0.7104647246833118,-0.3860154316018431,0.722492161296578,-0.41823905838195974,0.6124281210526111,-0.3352277556312474,1.0,-0.315775185166406
0.73837367571346,-0.3117568675631234,-0.565380259068906,-0.36724665802417267,0.5829508533427279,-0.3591635218049404,0.8273275989614806,-0.24660864887578918,0.8311519321614113,-0.14186224977529077,0.7234213864911292,-0.3208759282435769,0.844280926750949,-0.3781902529165063,0.7667145454381077,-0.2826325893457834,0.5508616000569342,-0.315775185166406,1.0
