0,1,2,3,4,5,6,7,8,9,10,11,12,13,14,15,16,17,18
1.0,0.18454577595322696,-0.3304360703414443,0.08796462680903877,0.5706689570767887,-0.00045628532821951327,0.4065705607791513,-0.2966129099009327,0.38496466681650254,-0.23219316103167753,0.6878939903741756,0.0630836883401261,0.48284434744798493,-0.17833717671859559,0.3259938838599595,-0.19400071298308494,0.6864681269349664,0.09338860462530475,0.4843700265742249
0.18454577595322696,1.0,0.05003685003457092,0.6621651270004312,-0.11216163336551242,0.5866041207390174,-0.46125608732175505,0.11154723562543996,-0.41258725375899313,-0.020468622243129994,-0.10983241888413667,0.6899965981449926,-0.41128784599386403,0.3437736630394787,-0.5036007736671774,-0.020617409278446373,0.3274506206612502,0.540679215852228,-0.3889271302201174
-0.3304360703414443,0.05003685003457092,1.0,-0.08773361623450525,0.025720229325755302,-0.09949357568941686,-0.4093309964324009,-0.3058622896643792,-0.45494017259035063,-0.38067838332218595,-0.49223101070495484,-0.10682355793501247,-0.5800375376458532,-0.30127158879139043,-0.4368794776021224,-0.31980999409759275,0.16083500635080453,-0.14587905705029908,-0.5662310095818295
0.08796462680903877,0.6621651270004312,-0.08773361623450525,1.0,0.17314481439909551,0.9619855287828634,-0.24409076124934964,0.36065261736155063,-0.2650134362861012,0.19098322165355,-0.14927966541221957,0.5986688149579241,-0.2828564370176326,0.47197303381048855,-0.4038266083110339,0.08848643080841186,0.10889483600049937,0.948059520792496,-0.07806900450585229
0.5706689570767887,-0.11216163336551242,0.025720229325755302,0.17314481439909551,1.0,0.12562979999611198,0.6057024499993657,-0.2114141172709988,0.3907552475310319,-0.18413653939664928,0.47582196434561164,-0.08530591571220363,0.5332819641326955,-0.243368648587771,0.3195121155936668,-0.1895902499195406,0.5550253418674985,0.23424947216093095,0.5221624996928464
-0.00045628532821951327,0.5866041207390174,-0.09949357568941686,0.9619855287828634,0.12562979999611198,1.0,-0.2490125179008715,0.47123631440247227,-0.29942866456947037,0.2604287386539207,-0.20222043406592186,0.5901513094942841,-0.2957160595957657,0.5461780539494988,-0.4406446597410532,0.14614914450805666,0.02813359917716992,0.9296767416456634,-0.0695939656541997
0.4065705607791513,-0.46125608732175505,-0.4093309964324009,-0.24409076124934964,0.6057024499993657,-0.2490125179008715,1.0,-0.04836061575647987,0.7574165765642145,0.08103483180375028,0.4733760276598762,-0.279041533995516,0.7639091508350703,-0.24279187089547377,0.6994109934794793,0.04755904317846695,0.20836370215203814,-0.132331173664941,0.7802711700849498
-0.2966129099009327,0.11154723562543996,-0.3058622896643792,0.36065261736155063,-0.2114141172709988,0.47123631440247227,-0.04836061575647987,1.0,-0.03645058449544247,0.8649759127203899,-0.3132634878060403,0.36176594580596705,-0.22504154402565807,0.6693326094870337,-0.06417380801542527,0.7278195689734434,-0.3685942770854415,0.3664212211507206,0.037186566748772645
0.38496466681650254,-0.41258725375899313,-0.45494017259035063,-0.2650134362861012,0.3907552475310319,-0.29942866456947037,0.7574165765642145,-0.03645058449544247,1.0,0.21058475538312776,0.3531945266477666,-0.30919531599193173,0.5331769883847167,-0.24445037006994325,0.7946852324821085,0.10597183885245853,0.14788054465917627,-0.15732653353239565,0.7086526606542685
-0.23219316103167753,-0.020468622243129994,-0.38067838332218595,0.19098322165355,-0.18413653939664928,0.2604287386539207,0.08103483180375028,0.8649759127203899,0.21058475538312776,1.0,-0.24817852681061617,0.16303831188539644,-0.11049430861260805,0.4739395900683909,0.1716854497080469,0.804622010863019,-0.385785776056338,0.23368215096873599,0.15198854396056377
0.6878939903741756,-0.10983241888413667,-0.49223101070495484,-0.14927966541221957,0.47582196434561164,-0.20222043406592186,0.4733760276598762,-0.3132634878060403,0.3531945266477666,-0.24817852681061617,1.0,-0.060711816621333035,0.6850942628323519,-0.17721335723302206,0.38344149423549007,-0.1531296872624781,0.36517793614627414,-0.12258235010373422,0.43656396541467396
0.0630836883401261,0.6899965981449926,-0.10682355793501247,0.5986688149579241,-0.08530591571220363,0.5901513094942841,-0.279041533995516,0.36176594580596705,-0.30919531599193173,0.16303831188539644,-0.060711816621333035,1.0,-0.2252815423337776,0.6781081194335626,-0.32149227166550004,0.24321884575017064,0.1411877921446846,0.4855973535832956,-0.2696825104838668
0.48284434744798493,-0.41128784599386403,-0.5800375376458532,-0.2828564370176326,0.5332819641326955,-0.2957160595957657,0.7639091508350703,-0.22504154402565807,0.5331769883847167,-0.11049430861260805,0.6850942628323519,-0.2252815423337776,1.0,-0.17955752960054802,0.5681712362619744,-0.026037962112493294,0.1543317603511301,-0.2056125047563629,0.6171095658718361
-0.17833717671859559,0.3437736630394787,-0.30127158879139043,0.47197303381048855,-0.243368648587771,0.5461780539494988,-0.24279187089547377,0.6693326094870337,-0.24445037006994325,0.4739395900683909,-0.17721335723302206,0.6781081194335626,-0.17955752960054802,1.0,-0.21709816034810403,0.5235451094055088,-0.249942188493294,0.40396446908118727,-0.1732278023120831
0.3259938838599595,-0.5036007736671774,-0.4368794776021224,-0.4038266083110339,0.3195121155936668,-0.4406446597410532,0.6994109934794793,-0.06417380801542527,0.7946852324821085,0.1716854497080469,0.38344149423549007,-0.32149227166550004,0.5681712362619744,-0.21709816034810403,1.0,0.19166635678566968,0.07890736808270091,-0.3182882930865149,0.5395090444759849
-0.19400071298308494,-0.020617409278446373,-0.31980999409759275,0.08848643080841186,-0.1895902499195406,0.14614914450805666,0.04755904317846695,0.7278195689734434,0.10597183885245853,0.804622010863019,-0.1531296872624781,0.24321884575017064,-0.026037962112493294,0.5235451094055088,0.19166635678566968,1.0,-0.34090643427265555,0.1006248904597443,0.031253849314462484
0.6864681269349664,0.3274506206612502,0.16083500635080453,0.10889483600049937,0.5550253418674985,0.02813359917716992,0.20836370215203814,-0.3685942770854415,0.14788054465917627,-0.385785776056338,0.36517793614627414,0.1411877921446846,0.1543317603511301,-0.249942188493294,0.07890736808270091,-0.34090643427265555,1.0,0.07781891889432424,0.1834309747931123
0.09338860462530475,0.540679215852228,-0.14587905705029908,0.948059520792496,0.23424947216093095,0.9296767416456634,-0.132331173664941,0.3664212211507206,-0.15732653353239565,0.23368215096873599,-0.12258235010373422,0.4855973535832956,-0.2056125047563629,0.40396446908118727,-0.3182882930865149,0.1006248904597443,0.07781891889432424,1.0,0.05668755640812385
0.4843700265742249,-0.3889271302201174,-0.5662310095818295,-0.07806900450585229,0.5221624996928464,-0.0695939656541997,0.7802711700849498,0.037186566748772645,0.7086526606542685,0.15198854396056377,0.43656396541467396,-0.2696825104838668,0.6171095658718361,-0.1732278023120831,0.5395090444759849,0.031253849314462484,0.1834309747931123,0.05668755640812385,1.0
