0,1,2,3,4,5,6,7,8,9,10,11,12,13,14,15,16,17,18
1.0,0.7404530218642232,0.5367805450967639,0.435803635386222,0.3005904788058393,0.19920972623019642,0.28463702358269277,0.07495299576770054,0.11244526106385201,0.09141284929345846,0.6732154036587988,0.757563021960633,0.3752408963886311,0.04016333198171891,0.08217083743030427,-0.002938086825387272,0.5113216135791955,0.14778116774638914,0.17869928293602996
0.7404530218642232,1.0,0.343148964465223,0.5389744704190216,0.09894602743051129,0.21805170460191564,-0.007581819718835153,0.0991198186358581,-0.06524427726956858,0.07946622362958959,0.3932481679618233,0.6820695745583764,-0.018489586134249662,0.056714000276476335,-0.047363787028668225,0.10916655618193234,0.39649921863843984,0.18279613065063502,-0.01846185811054304
0.5367805450967639,0.343148964465223,1.0,0.6769364608264687,0.612200641545269,0.47145520568468713,0.3054027995588993,0.25904482173808474,0.21514419749712213,0.20832557928881343,0.32335959549487103,0.4975109009730628,0.26037871717220795,0.10798352263699783,0.09614260607613778,0.0740598225594981,0.8790014674368786,0.5068277891033596,0.3130756559836842
0.435803635386222,0.5389744704190216,0.6769364608264687,1.0,0.28322334975506835,0.5273685665815834,-0.03406410844923105,0.2808065475149015,-0.05552360254964149,0.19263305872087486,0.13470352377299022,0.5950737759826422,-0.04417884468980985,0.21921039721159313,-0.2030161187081427,0.2183196439494385,0.745519248567609,0.5133074744495315,0.039804297540242894
0.3005904788058393,0.09894602743051129,0.612200641545269,0.28322334975506835,1.0,0.6097711677823027,0.6984560511203033,0.5867146794966457,0.6530521258908253,0.5206584435596762,0.21330120143405118,0.061731941125419236,0.30630192472142387,0.12655201951708345,0.43174325409287484,0.12643114091368376,0.52739260767336,0.687077288312512,0.7294081975658144
0.19920972623019642,0.21805170460191564,0.47145520568468713,0.5273685665815834,0.6097711677823027,1.0,0.42316754571325343,0.7539366406669198,0.29672902004750634,0.5912391024600239,0.0667933645022504,0.1712743274106154,0.06494194371958176,0.3341027468891199,0.07388594191962838,0.36851312572948436,0.4915847203976647,0.8466492947535798,0.5127219590747
0.28463702358269277,-0.007581819718835153,0.3054027995588993,-0.03406410844923105,0.6984560511203033,0.42316754571325343,1.0,0.44416597342807856,0.8064950481543391,0.43449090268503976,0.4056190667525616,-0.015052849898972695,0.5424135212193983,0.10899156186614725,0.6610287242974829,0.032416692595700555,0.25568107393932155,0.3429608623436608,0.7559624158514148
0.07495299576770054,0.0991198186358581,0.25904482173808474,0.2808065475149015,0.5867146794966457,0.7539366406669198,0.44416597342807856,1.0,0.5667132898060877,0.8887471766024441,-0.05449003187221598,-0.22436675567127995,-0.10130501202110338,0.3310826616519696,0.1931555263660388,0.5286146134769122,0.2385487797231789,0.7303309952348568,0.7011202229186606
0.11244526106385201,-0.06524427726956858,0.21514419749712213,-0.05552360254964149,0.6530521258908253,0.29672902004750634,0.8064950481543391,0.5667132898060877,1.0,0.5794676096708317,0.14063897942662193,-0.3141961259836706,0.17785123968926256,0.011192300153199674,0.5807127735356822,0.1467597482429187,0.16862130101888453,0.37872705844637056,0.8295136152445269
0.09141284929345846,0.07946622362958959,0.20832557928881343,0.19263305872087486,0.5206584435596762,0.5912391024600239,0.43449090268503976,0.8887471766024441,0.5794676096708317,1.0,-0.025322208869833423,-0.2846369984514897,-0.1117511410609244,0.3008044474634942,0.21798059985024448,0.6111540036060601,0.16058236861030642,0.5899676537329813,0.6576353452702941
0.6732154036587988,0.3932481679618233,0.32335959549487103,0.13470352377299022,0.21330120143405118,0.0667933645022504,0.4056190667525616,-0.05449003187221598,0.14063897942662193,-0.025322208869833423,1.0,0.5244586792680057,0.6389345768816094,0.03310409056016123,0.135501578049797,-0.15348321750195232,0.2904268866074534,-0.05533712524885502,0.16252503703257246
0.757563021960633,0.6820695745583764,0.4975109009730628,0.5950737759826422,0.061731941125419236,0.1712743274106154,-0.015052849898972695,-0.22436675567127995,-0.3141961259836706,-0.2846369984514897,0.5244586792680057,1.0,0.34423733624404934,0.2546177111703287,-0.072186309495462,-0.11350535712311655,0.5061619988674488,0.02154025963831179,-0.30211301894568865
0.3752408963886311,-0.018489586134249662,0.26037871717220795,-0.04417884468980985,0.30630192472142387,0.06494194371958176,0.5424135212193983,-0.10130501202110338,0.17785123968926256,-0.1117511410609244,0.6389345768816094,0.34423733624404934,1.0,0.18462723453052496,0.34741763465546704,-0.2845203456106909,0.221803428757715,-0.07278616340017496,0.19007629327608078
0.04016333198171891,0.056714000276476335,0.10798352263699783,0.21921039721159313,0.12655201951708345,0.3341027468891199,0.10899156186614725,0.3310826616519696,0.011192300153199674,0.3008044474634942,0.03310409056016123,0.2546177111703287,0.18462723453052496,1.0,-0.027363130256233183,0.26607934472560757,0.09579869645453148,0.23994202770246056,0.07417480949853107
0.08217083743030427,-0.047363787028668225,0.09614260607613778,-0.2030161187081427,0.43174325409287484,0.07388594191962838,0.6610287242974829,0.1931555263660388,0.5807127735356822,0.21798059985024448,0.135501578049797,-0.072186309495462,0.34741763465546704,-0.027363130256233183,1.0,-0.020122994406626356,0.04019574248995876,0.019646177904940706,0.4750519234904132
-0.002938086825387272,0.10916655618193234,0.0740598225594981,0.2183196439494385,0.12643114091368376,0.36851312572948436,0.032416692595700555,0.5286146134769122,0.1467597482429187,0.6111540036060601,-0.15348321750195232,-0.11350535712311655,-0.2845203456106909,0.26607934472560757,-0.020122994406626356,1.0,0.028887945897412552,0.31991816067460094,0.15980262181009772
0.5113216135791955,0.39649921863843984,0.8790014674368786,0.745519248567609,0.52739260767336,0.4915847203976647,0.25568107393932155,0.2385487797231789,0.16862130101888453,0.16058236861030642,0.2904268866074534,0.5061619988674488,0.221803428757715,0.09579869645453148,0.04019574248995876,0.028887945897412552,1.0,0.5673830388100946,0.2918804202401601
0.14778116774638914,0.18279613065063502,0.5068277891033596,0.5133074744495315,0.687077288312512,0.8466492947535798,0.3429608623436608,0.7303309952348568,0.37872705844637056,0.5899676537329813,-0.05533712524885502,0.02154025963831179,-0.07278616340017496,0.23994202770246056,0.019646177904940706,0.31991816067460094,0.5673830388100946,1.0,0.6009571687540172
0.17869928293602996,-0.01846185811054304,0.3130756559836842,0.039804297540242894,0.7294081975658144,0.5127219590747,0.7559624158514148,0.7011202229186606,0.8295136152445269,0.6576353452702941,0.16252503703257246,-0.30211301894568865,0.19007629327608078,0.07417480949853107,0.4750519234904132,0.15980262181009772,0.2918804202401601,0.6009571687540172,1.0
