0,1,2,3,4,5,6,7,8,9,10,11,12,13,14,15,16,17,18
1.0,0.7628802417549448,0.7886826615936207,0.7069782364245007,0.5431634411307231,0.44874518438053873,0.31079929656208427,0.36553181534574997,0.24722362249577792,0.3417784225189465,0.671660064747236,0.8141534437627423,0.4084378109249353,0.2465071475235013,0.13208162483970917,0.1764332723779593,0.7613865870448779,0.4809321788242357,0.3577190140188705
0.7628802417549448,1.0,0.6100604707774958,0.7675378642093698,0.3645846877627907,0.47437183943155253,0.048418018631942505,0.376119593572303,0.049866390021102935,0.2832900113537856,0.3982072682007178,0.7565439701281371,0.08564791191717902,0.32283439416689413,-0.055814044994448656,0.2558476883823688,0.634758240597179,0.5014159553969013,0.16120294897491716
0.7886826615936207,0.6100604707774958,1.0,0.7673840993610791,0.7374191738305546,0.6029086263548104,0.3982448255706194,0.4565950461231291,0.30880847541250994,0.3877590972969935,0.5526274986829498,0.7208995477561855,0.4716088455955929,0.275386140639777,0.18482655748736482,0.18024382134462036,0.9178521509057433,0.6593167212341551,0.4165875472505884
0.7069782364245007,0.7675378642093698,0.7673840993610791,1.0,0.4921208608517352,0.6941926594522687,0.11236991226942158,0.5092204614561764,0.05919214572247299,0.3778790784587142,0.33835366862902444,0.8085795022749229,0.17995908917909492,0.4288893236385508,-0.044119125863348915,0.3212385393956853,0.8174072023471555,0.6877866821406464,0.21337692877869754
0.5431634411307231,0.3645846877627907,0.7374191738305546,0.4921208608517352,1.0,0.6122310059536403,0.6989917506744703,0.5859956454311671,0.6275440267135992,0.5195396832078384,0.4178756905681342,0.3822737450746795,0.5605279308601797,0.20732335575698216,0.4768509748696228,0.14943654564007336,0.6665387395360979,0.7133725170730653,0.6933529682328656
0.44874518438053873,0.47437183943155253,0.6029086263548104,0.6941926594522687,0.6122310059536403,1.0,0.372529551459706,0.8037081894154854,0.22920755072476828,0.6020550856757254,0.13474151638361287,0.4855642689183581,0.21924930619213673,0.46074395946735847,0.09657918466429684,0.42870832323345864,0.6164073978047786,0.8584461127490228,0.4684843428256997
0.31079929656208427,0.048418018631942505,0.3982448255706194,0.11236991226942158,0.6989917506744703,0.372529551459706,1.0,0.45521263406284357,0.8921748252838345,0.44085597669978077,0.3578121698023676,0.044347817398024424,0.5494537584068807,0.051025881383853,0.6610095787721878,0.057413643962680457,0.3616329721519641,0.36678065759767847,0.7751056499995751
0.36553181534574997,0.376119593572303,0.4565950461231291,0.5092204614561764,0.5859956454311671,0.8037081894154854,0.45521263406284357,1.0,0.4228845041753256,0.8321691651412011,0.0674988968004542,0.19180475022962581,0.09481307035115186,0.4255129294640971,0.16961637869196186,0.5279081656455621,0.45070185904697485,0.7512572974666246,0.6076072097500571
0.24722362249577792,0.049866390021102935,0.30880847541250994,0.05919214572247299,0.6275440267135992,0.22920755072476828,0.8921748252838345,0.4228845041753256,1.0,0.4204058681020361,0.2791475972334045,-0.0891932016141583,0.3363015016371384,-0.0538784917484759,0.6502780461491537,0.05374698493259246,0.28994963827750186,0.32408553286357916,0.8004356743502672
0.3417784225189465,0.2832900113537856,0.3877590972969935,0.3778790784587142,0.5195396832078384,0.6020550856757254,0.44085597669978077,0.8321691651412011,0.4204058681020361,1.0,0.1264467601049489,0.08488749499335047,0.14939633624452087,0.41064910031806245,0.18887907790165057,0.5796817322675375,0.3464697563427976,0.561162873064064,0.5272674352710147
0.671660064747236,0.3982072682007178,0.5526274986829498,0.33835366862902444,0.4178756905681342,0.13474151638361287,0.3578121698023676,0.0674988968004542,0.2791475972334045,0.1264467601049489,1.0,0.5006935257012569,0.5914140271457917,-0.026071980403836296,0.272818354926295,-0.1103252999237458,0.5030449295837485,0.136218267514942,0.2998822160414922
0.8141534437627423,0.7565439701281371,0.7208995477561855,0.8085795022749229,0.3822737450746795,0.4855642689183581,0.044347817398024424,0.19180475022962581,-0.0891932016141583,0.08488749499335047,0.5006935257012569,1.0,0.33704445666407906,0.4790209113395122,0.016395032613931215,0.13575356492899743,0.7108407294865572,0.422634636918248,-0.03773276301111018
0.4084378109249353,0.08564791191717902,0.4716088455955929,0.17995908917909492,0.5605279308601797,0.21924930619213673,0.5494537584068807,0.09481307035115186,0.3363015016371384,0.14939633624452087,0.5914140271457917,0.33704445666407906,1.0,0.09445206545545312,0.46509776653274815,-0.155638864710054,0.39708530390585245,0.15636687051235806,0.32942865739211386
0.2465071475235013,0.32283439416689413,0.275386140639777,0.4288893236385508,0.20732335575698216,0.46074395946735847,0.051025881383853,0.4255129294640971,-0.0538784917484759,0.41064910031806245,-0.026071980403836296,0.4790209113395122,0.09445206545545312,1.0,-0.07535503577676125,0.3471424233697974,0.25921208538749185,0.3639825617715232,0.03213239871329926
0.13208162483970917,-0.055814044994448656,0.18482655748736482,-0.044119125863348915,0.4768509748696228,0.09657918466429684,0.6610095787721878,0.16961637869196186,0.6502780461491537,0.18887907790165057,0.272818354926295,0.016395032613931215,0.46509776653274815,-0.07535503577676125,1.0,-0.041331605718315796,0.1430328341896053,0.09769516163683929,0.49061771640019475
0.1764332723779593,0.2558476883823688,0.18024382134462036,0.3212385393956853,0.14943654564007336,0.42870832323345864,0.057413643962680457,0.5279081656455621,0.05374698493259246,0.5796817322675375,-0.1103252999237458,0.13575356492899743,-0.155638864710054,0.3471424233697974,-0.041331605718315796,1.0,0.14206320884205575,0.3535282067407223,0.08613367018524191
0.7613865870448779,0.634758240597179,0.9178521509057433,0.8174072023471555,0.6665387395360979,0.6164073978047786,0.3616329721519641,0.45070185904697485,0.28994963827750186,0.3464697563427976,0.5030449295837485,0.7108407294865572,0.39708530390585245,0.25921208538749185,0.1430328341896053,0.14206320884205575,1.0,0.6991337971972541,0.4236813135174633
0.4809321788242357,0.5014159553969013,0.6593167212341551,0.6877866821406464,0.7133725170730653,0.8584461127490228,0.36678065759767847,0.7512572974666246,0.32408553286357916,0.561162873064064,0.136218267514942,0.422634636918248,0.15636687051235806,0.3639825617715232,0.09769516163683929,0.3535282067407223,0.6991337971972541,1.0,0.5775674077916153
0.3577190140188705,0.16120294897491716,0.4165875472505884,0.21337692877869754,0.6933529682328656,0.4684843428256997,0.7751056499995751,0.6076072097500571,0.8004356743502672,0.5272674352710147,0.2998822160414922,-0.03773276301111018,0.32942865739211386,0.03213239871329926,0.49061771640019475,0.08613367018524191,0.4236813135174633,0.5775674077916153,1.0
