0,1,2,3,4,5,6,7,8,9,10,11,12,13,14,15,16,17,18
1.0,0.8582649122360033,0.6983513677453104,0.6571956869402823,0.25316813434206176,0.2498026161237523,0.1361645822179522,0.1408353613133602,0.09909303729223896,0.12407098416134411,0.738816126462724,0.8194882519820694,0.2448880534609697,0.122066442685931,-0.010050721623688872,0.04446762022680565,0.6933838891578912,0.22877659906507009,0.15504429547306753
0.8582649122360033,1.0,0.524458647771063,0.69769617209256,0.06063609319730919,0.21608701256760565,-0.08147939228563997,0.0049520723139617594,-0.11941560956011697,-0.04389081779119427,0.6321525960884938,0.8610749150198312,0.051348312075829294,0.19049326399860314,-0.15655333758837514,0.017510588167001517,0.5732280202673055,0.16142898986132814,-0.08748562822320122
0.6983513677453104,0.524458647771063,1.0,0.7365339300052752,0.6115507693381673,0.4633901850911106,0.26485427491397884,0.31620547427429674,0.2152321831994916,0.27096185162228964,0.46510137596491224,0.595965537161731,0.4307888443338638,0.14014526541029937,0.04665438467976747,0.0840956918733135,0.906517486697833,0.5396842582429388,0.3129855475799803
0.6571956869402823,0.69769617209256,0.7365339300052752,1.0,0.3085951721617372,0.5582093887283817,-0.02620421154302833,0.2544496917533,-0.08149069869446295,0.138881370084392,0.33078177566750816,0.7725864485980695,0.10717338440721183,0.33381886519220816,-0.21537144124524343,0.15634628347017573,0.7998114747052316,0.5343666044531952,0.03636606277845033
0.25316813434206176,0.06063609319730919,0.6115507693381673,0.3085951721617372,1.0,0.5831070217147007,0.6623110609551497,0.5429761161853586,0.5888235047597185,0.5130463614235533,0.19626684612339784,0.0797096291256501,0.6487399733126196,0.07410128085261027,0.41248132956611755,0.11079687003203015,0.5289652487274367,0.6926846634156668,0.6512948187086214
0.2498026161237523,0.21608701256760565,0.4633901850911106,0.5582093887283817,0.5831070217147007,1.0,0.3634785894914583,0.7466088909618412,0.23202886649918755,0.5554661886187136,0.05447346346043543,0.23012986517649148,0.20599554589990493,0.34732710476672385,0.056064168590223985,0.33636213046109253,0.48805265398417863,0.8591423467467644,0.4842062515826308
0.1361645822179522,-0.08147939228563997,0.26485427491397884,-0.02620421154302833,0.6623110609551497,0.3634785894914583,1.0,0.5647549210124482,0.9293821056898286,0.5918499431176458,0.216059294174179,-0.20163105797825487,0.4914987290575071,-0.09272467530202246,0.6948732386837836,0.11310551075790409,0.1993014470445722,0.3555859651018495,0.794481586525242
0.1408353613133602,0.0049520723139617594,0.31620547427429674,0.2544496917533,0.5429761161853586,0.7466088909618412,0.5647549210124482,1.0,0.5037481118427585,0.8692001589820486,0.07511516315925174,-0.13639191457443742,0.20575980904576588,0.29901734891376314,0.23367230720724239,0.4655716422052471,0.3073172556379489,0.6474749111962085,0.6995635235031818
0.09909303729223896,-0.11941560956011697,0.2152321831994916,-0.08149069869446295,0.5888235047597185,0.23202886649918755,0.9293821056898286,0.5037481118427585,1.0,0.545308727554037,0.18668848640141816,-0.26769210622092826,0.43651155789036983,-0.14152233008949178,0.7110628481889306,0.09103400245697711,0.166856006859518,0.2716519323730143,0.7896697580582434
0.12407098416134411,-0.04389081779119427,0.27096185162228964,0.138881370084392,0.5130463614235533,0.5554661886187136,0.5918499431176458,0.8692001589820486,0.545308727554037,1.0,0.10439429541382997,-0.2213690726234666,0.1994450366847563,0.24574307543096763,0.29968685609513085,0.4949817217102728,0.22620211672187449,0.479217191759129,0.6608728163800833
0.738816126462724,0.6321525960884938,0.46510137596491224,0.33078177566750816,0.19626684612339784,0.05447346346043543,0.216059294174179,0.07511516315925174,0.18668848640141816,0.10439429541382997,1.0,0.5141127114053163,0.3769998519804846,-0.09947230408330146,0.11890455713904863,-0.057286696805913195,0.4385368793540226,0.0003031485017252224,0.20694074775218493
0.8194882519820694,0.8610749150198312,0.595965537161731,0.7725864485980695,0.0797096291256501,0.23012986517649148,-0.20163105797825487,-0.13639191457443742,-0.26769210622092826,-0.2213690726234666,0.5141127114053163,1.0,0.09562015422317785,0.3278786017685929,-0.1883138709587413,-0.033114289590778404,0.6186320043584579,0.17502680739015586,-0.28144872349036665
0.2448880534609697,0.051348312075829294,0.4307888443338638,0.10717338440721183,0.6487399733126196,0.20599554589990493,0.4914987290575071,0.20575980904576588,0.43651155789036983,0.1994450366847563,0.3769998519804846,0.09562015422317785,1.0,-0.08769676579333682,0.45845513787687986,-0.08676529702599214,0.34579034598790276,0.26600016909328816,0.42176314565065665
0.122066442685931,0.19049326399860314,0.14014526541029937,0.33381886519220816,0.07410128085261027,0.34732710476672385,-0.09272467530202246,0.29901734891376314,-0.14152233008949178,0.24574307543096763,-0.09947230408330146,0.3278786017685929,-0.08769676579333682,1.0,-0.1893119723487368,0.2806823925102314,0.15996636863580155,0.29174404741669024,-0.022763943847360826
-0.010050721623688872,-0.15655333758837514,0.04665438467976747,-0.21537144124524343,0.41248132956611755,0.056064168590223985,0.6948732386837836,0.23367230720724239,0.7110628481889306,0.29968685609513085,0.11890455713904863,-0.1883138709587413,0.45845513787687986,-0.1893119723487368,1.0,0.008266888926832036,-0.011235583652562229,0.05195711928674438,0.4767403481384831
0.04446762022680565,0.017510588167001517,0.0840956918733135,0.15634628347017573,0.11079687003203015,0.33636213046109253,0.11310551075790409,0.4655716422052471,0.09103400245697711,0.4949817217102728,-0.057286696805913195,-0.033114289590778404,-0.08676529702599214,0.2806823925102314,0.008266888926832036,1.0,0.04953595529769998,0.2472916772049702,0.1279752784240474
0.6933838891578912,0.5732280202673055,0.906517486697833,0.7998114747052316,0.5289652487274367,0.48805265398417863,0.1993014470445722,0.3073172556379489,0.166856006859518,0.22620211672187449,0.4385368793540226,0.6186320043584579,0.34579034598790276,0.15996636863580155,-0.011235583652562229,0.04953595529769998,1.0,0.5922044438158591,0.29490511751539
0.22877659906507009,0.16142898986132814,0.5396842582429388,0.5343666044531952,0.6926846634156668,0.8591423467467644,0.3555859651018495,0.6474749111962085,0.2716519323730143,0.479217191759129,0.0003031485017252224,0.17502680739015586,0.26600016909328816,0.29174404741669024,0.05195711928674438,0.2472916772049702,0.5922044438158591,1.0,0.5439160785606038
0.15504429547306753,-0.08748562822320122,0.3129855475799803,0.03636606277845033,0.6512948187086214,0.4842062515826308,0.794481586525242,0.6995635235031818,0.7896697580582434,0.6608728163800833,0.20694074775218493,-0.28144872349036665,0.42176314565065665,-0.022763943847360826,0.4767403481384831,0.1279752784240474,0.29490511751539,0.5439160785606038,1.0
