0,1,2,3,4,5,6,7,8,9,10,11,12,13,14,15,16,17,18
1.0,0.7699400112002789,0.7105052593600859,0.6386261547340318,0.41934155329358247,0.4063387595331399,0.2622398493154116,0.3850254416067888,0.22112569373327437,0.3522694936610381,0.6773201446323612,0.7084077652345763,0.350246718977793,0.14420583671116974,0.004916957550767085,0.18096477429425034,0.6822342878310587,0.43225857994902855,0.33052719766234284
0.7699400112002789,1.0,0.5074730207927798,0.7539955661355672,0.19489798704887204,0.39210496976475306,0.014473448597215551,0.29522873728258253,-0.0028268778979974956,0.2425954540513372,0.4960901989742597,0.7377311604490498,0.10718575369857081,0.30008908594421463,-0.16764071264854763,0.16177427369066524,0.5924260810217535,0.40466684116043394,0.11643565138791857
0.7105052593600859,0.5074730207927798,1.0,0.6926835751686379,0.621162491284595,0.5271375086492788,0.30366933890887365,0.395825122116844,0.23995404029091533,0.3526104367861074,0.43415460588921884,0.5828548738810999,0.4248117537257851,0.14554524858282447,0.052451600698422106,0.21424851207549184,0.8822922898097745,0.6042008183487861,0.3436061439368832
0.6386261547340318,0.7539955661355672,0.6926835751686379,1.0,0.3464160668127456,0.613568895731591,0.0329142388278792,0.38777860755523375,-0.011373800363739152,0.3030077265774045,0.3231635133769376,0.7637720827925681,0.12559319824462747,0.38338525666241474,-0.219785737225213,0.26625303478762474,0.7767741680860085,0.6248974613173455,0.1251376101740607
0.41934155329358247,0.19489798704887204,0.621162491284595,0.3464160668127456,1.0,0.6243876088029726,0.735770525317411,0.6076864777512041,0.6743900449099453,0.5535630929104965,0.3194436967659699,0.14091283978342942,0.6075086722667485,0.09473593950546469,0.4387910322649023,0.21502995510283193,0.5263225198384031,0.7054337293406752,0.7233740612106225
0.4063387595331399,0.39210496976475306,0.5271375086492788,0.613568895731591,0.6243876088029726,1.0,0.47516058664226307,0.8275175604014524,0.3374917657189952,0.6642069001112522,0.2006078793100672,0.3087878401384445,0.19706765731387965,0.37534325627179804,0.056805731218200366,0.46575238148942133,0.5179663532032394,0.8758118456869494,0.5600152926265635
0.2622398493154116,0.014473448597215551,0.30366933890887365,0.0329142388278792,0.735770525317411,0.47516058664226307,1.0,0.6260112419986897,0.9136588114961198,0.5947655526401144,0.27717203615570896,-0.17755135657140522,0.5041963176466729,-0.05841341020584932,0.6668762666953144,0.2412645256870204,0.22081134360068136,0.4200303847479585,0.8410965806431323
0.3850254416067888,0.29522873728258253,0.395825122116844,0.38777860755523375,0.6076864777512041,0.8275175604014524,0.6260112419986897,1.0,0.5560790928483358,0.8846295675190379,0.18426565133242545,0.013697728465585871,0.18906057997771028,0.3066931661956577,0.23226827734280087,0.564944304182441,0.33436356067034,0.7068642170597721,0.7241876364692287
0.22112569373327437,-0.0028268778979974956,0.23995404029091533,-0.011373800363739152,0.6743900449099453,0.3374917657189952,0.9136588114961198,0.5560790928483358,1.0,0.5681164729151318,0.23499264598564523,-0.2553895134635465,0.41690476490338807,-0.11673583287573958,0.6818745377538383,0.21467017246382106,0.17575405079306874,0.32929298787528033,0.8151459765678805
0.3522694936610381,0.2425954540513372,0.3526104367861074,0.3030077265774045,0.5535630929104965,0.6642069001112522,0.5947655526401144,0.8846295675190379,0.5681164729151318,1.0,0.15117818591865717,-0.10285639254144777,0.14459801014745158,0.2462232490233148,0.24185476390999783,0.632888254134685,0.2734327319954386,0.573023917349665,0.6760891310912932
0.6773201446323612,0.4960901989742597,0.43415460588921884,0.3231635133769376,0.3194436967659699,0.2006078793100672,0.27717203615570896,0.18426565133242545,0.23499264598564523,0.15117818591865717,1.0,0.4667075186018897,0.4482637661980714,-0.042037683961841016,0.13565112351316938,-0.03208252730238967,0.38593199932237465,0.1718473282988504,0.27766395164532764
0.7084077652345763,0.7377311604490498,0.5828548738810999,0.7637720827925681,0.14091283978342942,0.3087878401384445,-0.17755135657140522,0.013697728465585871,-0.2553895134635465,-0.10285639254144777,0.4667075186018897,1.0,0.17810024293518878,0.4310149872039143,-0.23029773172383836,0.022379149994219808,0.6151340637516344,0.30955144217082753,-0.22480232153760388
0.350246718977793,0.10718575369857081,0.4248117537257851,0.12559319824462747,0.6075086722667485,0.19706765731387965,0.5041963176466729,0.18906057997771028,0.41690476490338807,0.14459801014745158,0.4482637661980714,0.17810024293518878,1.0,-0.06896017247610996,0.4388083480052169,-0.026850662575690534,0.3274338240509693,0.2287238340502822,0.38400711670732923
0.14420583671116974,0.30008908594421463,0.14554524858282447,0.38338525666241474,0.09473593950546469,0.37534325627179804,-0.05841341020584932,0.3066931661956577,-0.11673583287573958,0.2462232490233148,-0.042037683961841016,0.4310149872039143,-0.06896017247610996,1.0,-0.22546817975788758,0.2905570283833839,0.14356456900140424,0.3308520961784884,-0.019212681116826856
0.004916957550767085,-0.16764071264854763,0.052451600698422106,-0.219785737225213,0.4387910322649023,0.056805731218200366,0.6668762666953144,0.23226827734280087,0.6818745377538383,0.24185476390999783,0.13565112351316938,-0.23029773172383836,0.4388083480052169,-0.22546817975788758,1.0,0.07065930533028197,-0.012070058740270053,0.011704512330994033,0.49268448470550336
0.18096477429425034,0.16177427369066524,0.21424851207549184,0.26625303478762474,0.21502995510283193,0.46575238148942133,0.2412645256870204,0.564944304182441,0.21467017246382106,0.632888254134685,-0.03208252730238967,0.022379149994219808,-0.026850662575690534,0.2905570283833839,0.07065930533028197,1.0,0.1357414336050275,0.3554111072834313,0.23004842573126638
0.6822342878310587,0.5924260810217535,0.8822922898097745,0.7767741680860085,0.5263225198384031,0.5179663532032394,0.22081134360068136,0.33436356067034,0.17575405079306874,0.2734327319954386,0.38593199932237465,0.6151340637516344,0.3274338240509693,0.14356456900140424,-0.012070058740270053,0.1357414336050275,1.0,0.6357988027433226,0.30681870815799156
0.43225857994902855,0.40466684116043394,0.6042008183487861,0.6248974613173455,0.7054337293406752,0.8758118456869494,0.4200303847479585,0.7068642170597721,0.32929298787528033,0.573023917349665,0.1718473282988504,0.30955144217082753,0.2287238340502822,0.3308520961784884,0.011704512330994033,0.3554111072834313,0.6357988027433226,1.0,0.5750525198673968
0.33052719766234284,0.11643565138791857,0.3436061439368832,0.1251376101740607,0.7233740612106225,0.5600152926265635,0.8410965806431323,0.7241876364692287,0.8151459765678805,0.6760891310912932,0.27766395164532764,-0.22480232153760388,0.38400711670732923,-0.019212681116826856,0.49268448470550336,0.23004842573126638,0.30681870815799156,0.5750525198673968,1.0
