0,1,2,3,4,5,6,7,8,9,10,11,12,13,14,15,16,17,18
1.0,0.8344670703712146,0.6452004170914876,0.6697450803122544,0.3979549674944426,0.39031890625532023,0.28492333530426683,0.35803170610669616,0.22424779297676645,0.3411037487375171,0.7308227293789893,0.8310899867862304,0.25803906560409745,0.2749296813689573,0.03217737334885281,0.19447965545697646,0.6556162064134187,0.4205777102545894,0.2936267861557732
0.8344670703712146,1.0,0.4747610498991695,0.7043209532767718,0.2038509583386916,0.3595655550538834,0.12493417152704854,0.22708432929719483,0.0123328771359922,0.19029587991865657,0.7263861341508727,0.8515677136974161,0.16827929109785125,0.32475514282920526,-0.11157292567765623,0.14062425237014467,0.49954476405990844,0.3486140463007597,0.04929971679652292
0.6452004170914876,0.4747610498991695,1.0,0.703563678175759,0.6777208508855229,0.5327737144982131,0.33606160238234123,0.468376591717426,0.29457054351239365,0.3661324257968041,0.36099995129330376,0.5739915279287507,0.2966908883794592,0.20609020895421265,0.11434322083307139,0.19651586274549537,0.913244851647779,0.6126537057471084,0.41358905735986673
0.6697450803122544,0.7043209532767718,0.703563678175759,1.0,0.37392306141626075,0.6399567771594569,0.17705056860002574,0.43536620116637276,0.02276578056658672,0.3183721824301013,0.4997589027372806,0.8087368725034642,0.19265380730159137,0.40190802795198655,-0.14130318731180266,0.29606855492418993,0.7545978591308197,0.6256239371369846,0.13113439268377813
0.3979549674944426,0.2038509583386916,0.6777208508855229,0.37392306141626075,1.0,0.6116160734684715,0.6863741993417644,0.627445228332364,0.6599868788895381,0.5479483869851843,0.19182695350554207,0.22911428058610317,0.46205361867483324,0.18110594347241102,0.4879212101934453,0.21296647085998238,0.6358318892117267,0.7243486929095055,0.7455821031884363
0.39031890625532023,0.3595655550538834,0.5327737144982131,0.6399567771594569,0.6116160734684715,1.0,0.46434260441163333,0.7930959816416201,0.29407210451091187,0.628775066007982,0.2302325961836132,0.4344607091822961,0.24681562971129195,0.4560010202534465,0.07193528673653694,0.46926128146337936,0.5650625023288853,0.88519822086377,0.46316845833180015
0.28492333530426683,0.12493417152704854,0.33606160238234123,0.17705056860002574,0.6863741993417644,0.46434260441163333,1.0,0.4729442342639223,0.8058009765186217,0.4645150721768646,0.2839295542540196,0.11399602457871241,0.6178969076835913,0.17045193662270314,0.6258771173494819,0.17615193463197984,0.34414831626091413,0.4711223754415281,0.7493576084308938
0.35803170610669616,0.22708432929719483,0.468376591717426,0.43536620116637276,0.627445228332364,0.7930959816416201,0.4729442342639223,1.0,0.5065966496052801,0.8649140840463715,0.10603837191196504,0.15471389874629154,0.05302927907945857,0.36352908913279963,0.19452594866756115,0.5523328510099943,0.47220375219758765,0.7746831204876934,0.6646039506888876
0.22424779297676645,0.0123328771359922,0.29457054351239365,0.02276578056658672,0.6599868788895381,0.29407210451091187,0.8058009765186217,0.5065966496052801,1.0,0.5141162304331085,0.12084005645201304,-0.10375752049887808,0.2381979475606584,-0.02715713450926571,0.6831256932821794,0.15293091115411048,0.3083438262478715,0.38297575402717465,0.8301268031711667
0.3411037487375171,0.19029587991865657,0.3661324257968041,0.3183721824301013,0.5479483869851843,0.628775066007982,0.4645150721768646,0.8649140840463715,0.5141162304331085,1.0,0.13015057136991665,0.05680743150748914,0.04583391338038428,0.32067085000527235,0.1902088477959283,0.6155531401989506,0.34596464489820045,0.615601881844781,0.6258271939644472
0.7308227293789893,0.7263861341508727,0.36099995129330376,0.4997589027372806,0.19182695350554207,0.2302325961836132,0.2839295542540196,0.10603837191196504,0.12084005645201304,0.13015057136991665,1.0,0.6920118242272808,0.42314018596798925,0.180318435926147,0.003525220303692359,0.002380534165773986,0.36281647606760764,0.1833442423539157,0.12647579700917244
0.8310899867862304,0.8515677136974161,0.5739915279287507,0.8087368725034642,0.22911428058610317,0.4344607091822961,0.11399602457871241,0.15471389874629154,-0.10375752049887808,0.05680743150748914,0.6920118242272808,1.0,0.3002192361887927,0.48660507935538644,-0.135766269089525,0.1352675713303681,0.5882356397325044,0.3839168005490541,-0.0809251929892969
0.25803906560409745,0.16827929109785125,0.2966908883794592,0.19265380730159137,0.46205361867483324,0.24681562971129195,0.6178969076835913,0.05302927907945857,0.2381979475606584,0.04583391338038428,0.42314018596798925,0.3002192361887927,1.0,0.24092331417529955,0.32291552868499107,-0.08146143839132074,0.24981417371247167,0.23191173920853975,0.3078799768384366
0.2749296813689573,0.32475514282920526,0.20609020895421265,0.40190802795198655,0.18110594347241102,0.4560010202534465,0.17045193662270314,0.36352908913279963,-0.02715713450926571,0.32067085000527235,0.180318435926147,0.48660507935538644,0.24092331417529955,1.0,-0.16762133352968223,0.339393716933735,0.17896842605393493,0.39618137179850493,0.061111162712389165
0.03217737334885281,-0.11157292567765623,0.11434322083307139,-0.14130318731180266,0.4879212101934453,0.07193528673653694,0.6258771173494819,0.19452594866756115,0.6831256932821794,0.1902088477959283,0.003525220303692359,-0.135766269089525,0.32291552868499107,-0.16762133352968223,1.0,-0.0008712913987658406,0.10833343756442626,0.11303605330023853,0.5695649733108807
0.19447965545697646,0.14062425237014467,0.19651586274549537,0.29606855492418993,0.21296647085998238,0.46926128146337936,0.17615193463197984,0.5523328510099943,0.15293091115411048,0.6155531401989506,0.002380534165773986,0.1352675713303681,-0.08146143839132074,0.339393716933735,-0.0008712913987658406,1.0,0.16805947495856927,0.4013271792071157,0.17007382386120465
0.6556162064134187,0.49954476405990844,0.913244851647779,0.7545978591308197,0.6358318892117267,0.5650625023288853,0.34414831626091413,0.47220375219758765,0.3083438262478715,0.34596464489820045,0.36281647606760764,0.5882356397325044,0.24981417371247167,0.17896842605393493,0.10833343756442626,0.16805947495856927,1.0,0.6704732545255825,0.4325717457970747
0.4205777102545894,0.3486140463007597,0.6126537057471084,0.6256239371369846,0.7243486929095055,0.88519822086377,0.4711223754415281,0.7746831204876934,0.38297575402717465,0.615601881844781,0.1833442423539157,0.3839168005490541,0.23191173920853975,0.39618137179850493,0.11303605330023853,0.4013271792071157,0.6704732545255825,1.0,0.5725109267018523
0.2936267861557732,0.04929971679652292,0.41358905735986673,0.13113439268377813,0.7455821031884363,0.46316845833180015,0.7493576084308938,0.6646039506888876,0.8301268031711667,0.6258271939644472,0.12647579700917244,-0.0809251929892969,0.3078799768384366,0.061111162712389165,0.5695649733108807,0.17007382386120465,0.4325717457970747,0.5725109267018523,1.0
