0,1,2,3,4,5,6,7,8,9,10,11,12,13,14,15,16,17,18
1.0,0.7119472061262849,0.6471621806089525,0.5843320685857504,0.3375617384796663,0.34465035006410516,0.1910699805321577,0.22644303204454283,0.09052969190663936,0.21727688270725465,0.42585034963091994,0.645055297508651,0.15097058678275418,0.08136424635948356,-0.020931896996450598,0.15400022092089877,0.6207737628497327,0.3203809572237824,0.2091907888584413
0.7119472061262849,1.0,0.396143107520629,0.6667076770918297,0.10985965651736314,0.32245272589421675,-0.054966904344871975,0.2055850996205114,-0.09938139176648833,0.1920668755769848,0.2765044339761145,0.6018468066166855,0.01757134649409912,0.1595422498435353,-0.236374023226883,0.20806701389432705,0.46083672145193383,0.2805071814612415,-0.01055743185955583
0.6471621806089525,0.396143107520629,1.0,0.6760721558525952,0.6663088869483322,0.5276071054774063,0.2977271686738183,0.3826348028642017,0.25470228229551206,0.30771177572128877,0.13196993761012002,0.4322296648913207,0.05847670900853183,0.057630778724012774,0.10708052436617005,0.1277065094790121,0.893748249689932,0.5970419195821054,0.379374376255356
0.5843320685857504,0.6667076770918297,0.6760721558525952,1.0,0.3442048445461325,0.6350451400960714,0.007006063248273318,0.42143371318986755,-0.04112665135831441,0.3098185172427967,0.11018920109794197,0.5949889297588266,0.030126788363552266,0.2076628854820849,-0.22903732364981721,0.28276154938087067,0.7384281712911175,0.5978009241621337,0.11412044235673512
0.3375617384796663,0.10985965651736314,0.6663088869483322,0.3442048445461325,1.0,0.5776018407870124,0.6735369666120781,0.5692061932951408,0.6444968873958947,0.5238025041216352,-0.022753228430815058,-0.01523876485801312,-0.00945016430352455,-0.04646793849697781,0.4291471637902726,0.06846545532213293,0.614269888327791,0.7058986507138405,0.7393777980968236
0.34465035006410516,0.32245272589421675,0.5276071054774063,0.6350451400960714,0.5776018407870124,1.0,0.3984185895743301,0.7883574767290548,0.2166364738985055,0.6190507626610949,0.08870983954735111,0.23624122381875912,0.1394427652674084,0.2831972844769576,-0.03654433707465529,0.41606549804210347,0.49656802184667564,0.8405942295055591,0.4660804912086909
0.1910699805321577,-0.054966904344871975,0.2977271686738183,0.007006063248273318,0.6735369666120781,0.3984185895743301,1.0,0.4520892083414054,0.8330438481209556,0.475666726346501,0.2406947292517439,-0.16091131487753874,0.28740622545120004,0.025662473193558504,0.6509351150749823,0.14410252321664163,0.26787268799254377,0.3454677107162064,0.7386365735243039
0.22644303204454283,0.2055850996205114,0.3826348028642017,0.42143371318986755,0.5692061932951408,0.7883574767290548,0.4520892083414054,1.0,0.46811782109255634,0.8661836283636265,-0.11507283726620236,-0.1682955176594824,-0.13675982193270897,0.14091911945281768,0.10300139984874626,0.43456282174862165,0.34763849817827724,0.7491945283523056,0.6748448843255713
0.09052969190663936,-0.09938139176648833,0.25470228229551206,-0.04112665135831441,0.6444968873958947,0.2166364738985055,0.8330438481209556,0.46811782109255634,1.0,0.5253371431702464,-0.054898277756640274,-0.41555554072036166,-0.0995660458003708,-0.21418988276701242,0.668361098404774,0.06136828934972759,0.24940156733642774,0.3309789963289273,0.8200618340656216
0.21727688270725465,0.1920668755769848,0.30771177572128877,0.3098185172427967,0.5238025041216352,0.6190507626610949,0.475666726346501,0.8661836283636265,0.5253371431702464,1.0,-0.12561824488218548,-0.280259504193997,-0.1657452073529309,0.05789321712571482,0.17625664346462344,0.489991934802407,0.27177062032435684,0.6147791064990826,0.6476797810798011
0.42585034963091994,0.2765044339761145,0.13196993761012002,0.11018920109794197,-0.022753228430815058,0.08870983954735111,0.2406947292517439,-0.11507283726620236,-0.054898277756640274,-0.12561824488218548,1.0,0.5315789549940048,0.795040720688181,0.4532987773632904,0.047433924090057485,0.1549752797596278,0.11452589437717677,-0.1344989886387397,-0.06101426624858059
0.645055297508651,0.6018468066166855,0.4322296648913207,0.5949889297588266,-0.01523876485801312,0.23624122381875912,-0.16091131487753874,-0.1682955176594824,-0.41555554072036166,-0.280259504193997,0.5315789549940048,1.0,0.4216679070258957,0.5005752549825275,-0.2112782151727168,0.09966980682188664,0.4200276477821152,0.06819575541282782,-0.400990521974105
0.15097058678275418,0.01757134649409912,0.05847670900853183,0.030126788363552266,-0.00945016430352455,0.1394427652674084,0.28740622545120004,-0.13675982193270897,-0.0995660458003708,-0.1657452073529309,0.795040720688181,0.4216679070258957,1.0,0.5401437540317416,0.0793835142846987,0.17803961357747558,0.03130207565963779,-0.12646528368487414,-0.12067228340701117
0.08136424635948356,0.1595422498435353,0.057630778724012774,0.2076628854820849,-0.04646793849697781,0.2831972844769576,0.025662473193558504,0.14091911945281768,-0.21418988276701242,0.05789321712571482,0.4532987773632904,0.5005752549825275,0.5401437540317416,1.0,-0.15249433715765642,0.3065088339768649,0.030693385940227306,0.09855176039087925,-0.15335554444556193
-0.020931896996450598,-0.236374023226883,0.10708052436617005,-0.22903732364981721,0.4291471637902726,-0.03654433707465529,0.6509351150749823,0.10300139984874626,0.668361098404774,0.17625664346462344,0.047433924090057485,-0.2112782151727168,0.0793835142846987,-0.15249433715765642,1.0,-0.022953612772299393,0.07405077583342969,-0.008097656181843016,0.47472723563355435
0.15400022092089877,0.20806701389432705,0.1277065094790121,0.28276154938087067,0.06846545532213293,0.41606549804210347,0.14410252321664163,0.43456282174862165,0.06136828934972759,0.489991934802407,0.1549752797596278,0.09966980682188664,0.17803961357747558,0.3065088339768649,-0.022953612772299393,1.0,0.06188906036630172,0.28089794662060485,0.07197482775554205
0.6207737628497327,0.46083672145193383,0.893748249689932,0.7384281712911175,0.614269888327791,0.49656802184667564,0.26787268799254377,0.34763849817827724,0.24940156733642774,0.27177062032435684,0.11452589437717677,0.4200276477821152,0.03130207565963779,0.030693385940227306,0.07405077583342969,0.06188906036630172,1.0,0.611765527925573,0.38255527768259157
0.3203809572237824,0.2805071814612415,0.5970419195821054,0.5978009241621337,0.7058986507138405,0.8405942295055591,0.3454677107162064,0.7491945283523056,0.3309789963289273,0.6147791064990826,-0.1344989886387397,0.06819575541282782,-0.12646528368487414,0.09855176039087925,-0.008097656181843016,0.28089794662060485,0.611765527925573,1.0,0.5936924810651566
0.2091907888584413,-0.01055743185955583,0.379374376255356,0.11412044235673512,0.7393777980968236,0.4660804912086909,0.7386365735243039,0.6748448843255713,0.8200618340656216,0.6476797810798011,-0.06101426624858059,-0.400990521974105,-0.12067228340701117,-0.15335554444556193,0.47472723563355435,0.07197482775554205,0.38255527768259157,0.5936924810651566,1.0
