0,1,2,3,4,5,6,7,8,9,10,11,12,13,14,15,16,17,18
1.0,0.9129620487459867,0.6956426267895787,0.7311026111177086,0.5405142314380993,0.6053162008227836,0.18357941460858723,0.2726531610913932,-0.07084069021289291,0.061224476522002094,0.721624127005072,0.6402848658733595,0.39479290336897954,0.380802172545378,0.19200797845582412,0.4212507187989352,0.6695930246342958,0.5010111171400274,0.08753987359715286
0.9129620487459867,1.0,0.6659853402247735,0.8280533551185655,0.5383888931061835,0.7173536610949421,0.24186155281407365,0.406887959442357,0.14461298426349495,0.18762662555017146,0.7001147109486334,0.7332400211642411,0.4692765598973313,0.44954163747034787,0.31706501232961426,0.5076516152415942,0.6439082386250944,0.6163267040199791,0.10845402417209292
0.6956426267895787,0.6659853402247735,1.0,0.7947036711077532,0.8075739202514783,0.7047931714106148,0.2749844842022098,0.39611060564009504,-0.24197129131717932,0.0936911652203992,0.917068226714528,0.7215678084832299,0.672865948542191,0.5122201152491145,0.2017447220315375,0.4792939800194607,0.7830779900597304,0.6663286243972465,0.258142576846277
0.7311026111177086,0.8280533551185655,0.7947036711077532,1.0,0.6689057928880355,0.8908156060403691,0.2988086786709539,0.603780916146156,0.12494093950311085,0.32407406315250287,0.8022807560425324,0.8828632258077199,0.5990704813744018,0.6312418169378539,0.3406509934203262,0.6574155150965127,0.7798753674302923,0.8334429249943264,0.2980205245304224
0.5405142314380993,0.5383888931061835,0.8075739202514783,0.6689057928880355,1.0,0.668980552497179,0.5263273431957189,0.48584018912926863,-0.17053846168356893,0.1759975419127351,0.7536347613176526,0.6534965460834634,0.7375957097571086,0.5487890062516918,0.36928791154769786,0.512779007404601,0.6784270930771426,0.6503190896615348,0.46075477681285276
0.6053162008227836,0.7173536610949421,0.7047931714106148,0.8908156060403691,0.668980552497179,1.0,0.40322257934944844,0.7489349581076198,0.2057641157525849,0.4586606779095385,0.7431484970965916,0.8009982002545735,0.604218566721059,0.7076354771933152,0.4132579809799686,0.7380007073629433,0.6495326219702704,0.9291964840687583,0.4251602266957467
0.18357941460858723,0.24186155281407365,0.2749844842022098,0.2988086786709539,0.5263273431957189,0.40322257934944844,1.0,0.5750348547317691,0.05597001324420213,0.3233244429718487,0.2507613777824869,0.33602503165994263,0.5109461359462016,0.39492328752080563,0.6062308701134981,0.3769678797483098,0.3266898231937754,0.4286872052093545,0.7031012540184294
0.2726531610913932,0.406887959442357,0.39611060564009504,0.603780916146156,0.48584018912926863,0.7489349581076198,0.5750348547317691,1.0,0.3327135232085616,0.7609198760990277,0.4493368924807031,0.5933382955590599,0.5136951305614491,0.7655200719794314,0.5276325231983966,0.8112059103169589,0.3375234870056275,0.7164852028562184,0.6926284855721793
-0.07084069021289291,0.14461298426349495,-0.24197129131717932,0.12494093950311085,-0.17053846168356893,0.2057641157525849,0.05597001324420213,0.3327135232085616,1.0,0.4487317761932734,-0.19994624781569276,0.057419376302175994,-0.258837204847244,0.1278444344235518,0.004691890600690321,0.27646660157777764,-0.22898439379169808,0.21300592732949725,0.0037340938253980238
0.061224476522002094,0.18762662555017146,0.0936911652203992,0.32407406315250287,0.1759975419127351,0.4586606779095385,0.3233244429718487,0.7609198760990277,0.4487317761932734,1.0,0.172172837204001,0.2918340424251534,0.19723140344500442,0.4920909176254282,0.360935093813278,0.5849421991238933,0.04739192002070289,0.46949194457128396,0.429536619380678
0.721624127005072,0.7001147109486334,0.917068226714528,0.8022807560425324,0.7536347613176526,0.7431484970965916,0.2507613777824869,0.4493368924807031,-0.19994624781569276,0.172172837204001,1.0,0.7476853791303295,0.676282768078834,0.5806269140698915,0.2956924302303323,0.5699042995174529,0.708059015536022,0.6963742061125384,0.18218871859631658
0.6402848658733595,0.7332400211642411,0.7215678084832299,0.8828632258077199,0.6534965460834634,0.8009982002545735,0.33602503165994263,0.5933382955590599,0.057419376302175994,0.2918340424251534,0.7476853791303295,1.0,0.5649157165530334,0.746281977347998,0.3004802149032547,0.7157712759036574,0.7488798308273678,0.7590354767609037,0.3778709658400695
0.39479290336897954,0.4692765598973313,0.672865948542191,0.5990704813744018,0.7375957097571086,0.604218566721059,0.5109461359462016,0.5136951305614491,-0.258837204847244,0.19723140344500442,0.676282768078834,0.5649157165530334,1.0,0.5256835152647796,0.596382314898914,0.4878503882387147,0.46519346354692126,0.607269453032291,0.3193463794428133
0.380802172545378,0.44954163747034787,0.5122201152491145,0.6312418169378539,0.5487890062516918,0.7076354771933152,0.39492328752080563,0.7655200719794314,0.1278444344235518,0.4920909176254282,0.5806269140698915,0.746281977347998,0.5256835152647796,1.0,0.3830787655862159,0.9379715884603571,0.48991088768957386,0.6902939557127977,0.5346355176346974
0.19200797845582412,0.31706501232961426,0.2017447220315375,0.3406509934203262,0.36928791154769786,0.4132579809799686,0.6062308701134981,0.5276325231983966,0.004691890600690321,0.360935093813278,0.2956924302303323,0.3004802149032547,0.596382314898914,0.3830787655862159,1.0,0.3981948579145475,0.018012493211792692,0.4094900075536241,0.18992330348988892
0.4212507187989352,0.5076516152415942,0.4792939800194607,0.6574155150965127,0.512779007404601,0.7380007073629433,0.3769678797483098,0.8112059103169589,0.27646660157777764,0.5849421991238933,0.5699042995174529,0.7157712759036574,0.4878503882387147,0.9379715884603571,0.3981948579145475,1.0,0.43122659845527406,0.7029077654871083,0.4911797341225384
0.6695930246342958,0.6439082386250944,0.7830779900597304,0.7798753674302923,0.6784270930771426,0.6495326219702704,0.3266898231937754,0.3375234870056275,-0.22898439379169808,0.04739192002070289,0.708059015536022,0.7488798308273678,0.46519346354692126,0.48991088768957386,0.018012493211792692,0.43122659845527406,1.0,0.6464877820473537,0.39658554259810247
0.5010111171400274,0.6163267040199791,0.6663286243972465,0.8334429249943264,0.6503190896615348,0.9291964840687583,0.4286872052093545,0.7164852028562184,0.21300592732949725,0.46949194457128396,0.6963742061125384,0.7590354767609037,0.607269453032291,0.6902939557127977,0.4094900075536241,0.7029077654871083,0.6464877820473537,1.0,0.45558996477953306
0.08753987359715286,0.10845402417209292,0.258142576846277,0.2980205245304224,0.46075477681285276,0.4251602266957467,0.7031012540184294,0.6926284855721793,0.0037340938253980238,0.429536619380678,0.18218871859631658,0.3778709658400695,0.3193463794428133,0.5346355176346974,0.18992330348988892,0.4911797341225384,0.39658554259810247,0.45558996477953306,1.0
