0,1,2,3,4,5,6,7,8,9,10,11,12,13,14,15,16,17,18
1.0,0.8233754280101074,0.6575249030460564,0.6789344461509321,0.38622462349582154,0.45311383995467364,0.057552622521170445,0.255626074977159,-0.22275884573687735,0.018846528886815,0.6803466260400277,0.6173384799030581,0.24575796308470607,0.45046758742064336,-0.05298483855834622,0.42667035306714507,0.7526304912797648,0.49011982695017015,0.18317508278380945
0.8233754280101074,1.0,0.660032030963938,0.8237633306110219,0.3858411527943039,0.6821285206868397,0.2155876193068102,0.48539510457314955,0.05748133190555649,0.22989276092859448,0.7000648077006719,0.7692669831993932,0.4345733263861612,0.5555199907247079,0.22477438836733354,0.5762539236535483,0.7399393887799065,0.6108941121741962,0.22732684024834018
0.6575249030460564,0.660032030963938,1.0,0.7528115169625398,0.6752507117648582,0.6419060143609367,0.3364559239293371,0.3893878305769353,-0.2893429243177377,0.03456241722564166,0.9010430744851486,0.6675160079149535,0.6283061748739242,0.5228211752704217,0.15931590023824746,0.47608760947282236,0.7567130938055063,0.6522748120889222,0.30127685118205016
0.6789344461509321,0.8237633306110219,0.7528115169625398,1.0,0.552275223944927,0.8118322766865262,0.38302383569616055,0.5931550684389605,0.05380148880795647,0.2756390221318437,0.7487826749488194,0.8582414296486706,0.588659935709402,0.6950549194937675,0.3394829561309846,0.6784625468864608,0.8496513297815679,0.8051704791607823,0.4153313664814183
0.38622462349582154,0.3858411527943039,0.6752507117648582,0.552275223944927,1.0,0.5978924029193117,0.630302660405844,0.4440305388872118,-0.1349737665341883,0.11159589383430019,0.5681869625912772,0.5199175862065684,0.7368955401069294,0.5797428231099756,0.4092543087983515,0.48377003206765956,0.5903306407188836,0.65743337798577,0.5630192046023372
0.45311383995467364,0.6821285206868397,0.6419060143609367,0.8118322766865262,0.5978924029193117,1.0,0.5780295964734081,0.7543504133159203,0.16621509774660842,0.3598725008915009,0.6458292648429849,0.768021567232674,0.644953809415892,0.7285686198268585,0.3984873037173239,0.7375140397508257,0.7201860320340631,0.8697472801715731,0.5945241993235691
0.057552622521170445,0.2155876193068102,0.3364559239293371,0.38302383569616055,0.630302660405844,0.5780295964734081,1.0,0.6263738444233033,0.24466985707245145,0.3466843277957341,0.25051213293260327,0.38738958195713796,0.6623903026319643,0.4809868806049349,0.6828108092692846,0.4695034328687456,0.35312745015562713,0.571193378454346,0.7289664801512508
0.255626074977159,0.48539510457314955,0.3893878305769353,0.5931550684389605,0.4440305388872118,0.7543504133159203,0.6263738444233033,1.0,0.4086497136198522,0.682504867218012,0.4061523238069648,0.6053051067645361,0.530069034272902,0.7338907909302255,0.5492579922509355,0.785197209138167,0.43734604884663997,0.6952412254438874,0.7553874744734383
-0.22275884573687735,0.05748133190555649,-0.2893429243177377,0.05380148880795647,-0.1349737665341883,0.16621509774660842,0.24466985707245145,0.4086497136198522,1.0,0.5523954993198419,-0.28728647963046405,0.08391629753106405,-0.08650069479853796,0.15515527422679903,0.23828028019867603,0.21785938672115146,-0.13511913267650982,0.14468527726662125,0.24207006827170294
0.018846528886815,0.22989276092859448,0.03456241722564166,0.2756390221318437,0.11159589383430019,0.3598725008915009,0.3466843277957341,0.682504867218012,0.5523954993198419,1.0,0.04361510722815446,0.26541614559722965,0.1795484019657987,0.3984226754413019,0.36060032749618876,0.4965616701300941,0.11671960878757093,0.36432754906982706,0.4782530871772694
0.6803466260400277,0.7000648077006719,0.9010430744851486,0.7487826749488194,0.5681869625912772,0.6458292648429849,0.25051213293260327,0.4061523238069648,-0.28728647963046405,0.04361510722815446,1.0,0.7010832408376145,0.5813038713799809,0.5541480021253135,0.11359871053555172,0.5177638993469571,0.7224605115412337,0.6262575331096769,0.23542184793882748
0.6173384799030581,0.7692669831993932,0.6675160079149535,0.8582414296486706,0.5199175862065684,0.768021567232674,0.38738958195713796,0.6053051067645361,0.08391629753106405,0.26541614559722965,0.7010832408376145,1.0,0.5595123843307127,0.826159914391962,0.3187197268536387,0.7615153357802948,0.7248709698722496,0.7383055865379659,0.4338945394392779
0.24575796308470607,0.4345733263861612,0.6283061748739242,0.588659935709402,0.7368955401069294,0.644953809415892,0.6623903026319643,0.530069034272902,-0.08650069479853796,0.1795484019657987,0.5813038713799809,0.5595123843307127,1.0,0.5680271341067529,0.6198217076721333,0.5353775486887189,0.4480467129583922,0.6494359825676679,0.3813692327531142
0.45046758742064336,0.5555199907247079,0.5228211752704217,0.6950549194937675,0.5797428231099756,0.7285686198268585,0.4809868806049349,0.7338907909302255,0.15515527422679903,0.3984226754413019,0.5541480021253135,0.826159914391962,0.5680271341067529,1.0,0.4419735775118407,0.9429907299378764,0.5813968839150936,0.7445772699947263,0.6012632874154463
-0.05298483855834622,0.22477438836733354,0.15931590023824746,0.3394829561309846,0.4092543087983515,0.3984873037173239,0.6828108092692846,0.5492579922509355,0.23828028019867603,0.36060032749618876,0.11359871053555172,0.3187197268536387,0.6198217076721333,0.4419735775118407,1.0,0.44480216919282267,0.053102148488761616,0.44228631469586493,0.31040666068399636
0.42667035306714507,0.5762539236535483,0.47608760947282236,0.6784625468864608,0.48377003206765956,0.7375140397508257,0.4695034328687456,0.785197209138167,0.21785938672115146,0.4965616701300941,0.5177638993469571,0.7615153357802948,0.5353775486887189,0.9429907299378764,0.44480216919282267,1.0,0.5644253437834963,0.7330919787092851,0.599019540569877
0.7526304912797648,0.7399393887799065,0.7567130938055063,0.8496513297815679,0.5903306407188836,0.7201860320340631,0.35312745015562713,0.43734604884663997,-0.13511913267650982,0.11671960878757093,0.7224605115412337,0.7248709698722496,0.4480467129583922,0.5813968839150936,0.053102148488761616,0.5644253437834963,1.0,0.7546596696569545,0.4346981674704632
0.49011982695017015,0.6108941121741962,0.6522748120889222,0.8051704791607823,0.65743337798577,0.8697472801715731,0.571193378454346,0.6952412254438874,0.14468527726662125,0.36432754906982706,0.6262575331096769,0.7383055865379659,0.6494359825676679,0.7445772699947263,0.44228631469586493,0.7330919787092851,0.7546596696569545,1.0,0.6298454421879246
0.18317508278380945,0.22732684024834018,0.30127685118205016,0.4153313664814183,0.5630192046023372,0.5945241993235691,0.7289664801512508,0.7553874744734383,0.24207006827170294,0.4782530871772694,0.23542184793882748,0.4338945394392779,0.3813692327531142,0.6012632874154463,0.31040666068399636,0.599019540569877,0.4346981674704632,0.6298454421879246,1.0
