0,1,2,3,4,5,6,7,8,9,10,11,12,13,14,15,16,17,18
1.0,0.907929452304342,0.6832391674661029,0.6281865637718523,0.41216584318279065,0.36815876369266143,0.3215086610203937,0.2533337153169811,-0.19181554070301854,0.04019473118091464,0.685326740462129,0.5891830135867921,0.40386585236096384,0.3763350129314006,0.19629264507504435,0.342785142819784,0.6680118087245097,0.40712035001617525,0.19426042778782454
0.907929452304342,1.0,0.6799585378199954,0.7472424843199746,0.4211011920832978,0.5208411489099686,0.31970328866613357,0.39848222199680644,-0.026535243013213035,0.20061521000330487,0.6533252049151522,0.7732058433445652,0.4754747475354304,0.5429515972347906,0.3790555655057955,0.5064614806750977,0.6814030869294732,0.5142560543418989,0.2201894398741869
0.6832391674661029,0.6799585378199954,1.0,0.8125657863530665,0.7132306920235043,0.6275970621433804,0.439498208382553,0.41630844159555813,-0.30663584841068725,0.06382100013310013,0.93368413718039,0.7150762794421288,0.6813109537589415,0.5370976492093701,0.24631588753282552,0.48336877516797494,0.8523235480247477,0.6523989549016929,0.3005206644438845
0.6281865637718523,0.7472424843199746,0.8125657863530665,1.0,0.6294344700423373,0.8139431917999583,0.45473734489010126,0.586033580454533,-0.02242010298942601,0.2698158812622953,0.7811727249391174,0.8751088503451455,0.6936806781642763,0.7010977024712138,0.4524195383569661,0.6482806705371755,0.8748279003477305,0.8064461325035805,0.3877053574995631
0.41216584318279065,0.4211011920832978,0.7132306920235043,0.6294344700423373,1.0,0.6698861141289724,0.5638895012904187,0.49636102812018196,-0.15176530134513264,0.139336475768986,0.7086265956872101,0.5789430644772807,0.7352767305198105,0.5262106152847136,0.36921755588036675,0.5105940738425048,0.6653239569378697,0.6571075869566301,0.48727578542028754
0.36815876369266143,0.5208411489099686,0.6275970621433804,0.8139431917999583,0.6698861141289724,1.0,0.5110295841465131,0.7301795864665827,0.06357774418045639,0.3650042442920083,0.6098284178908231,0.7525247536910028,0.640388002441805,0.7534590153922017,0.49205887908254986,0.713786985976714,0.723832013068182,0.8981926760392984,0.5559926936498909
0.3215086610203937,0.31970328866613357,0.439498208382553,0.45473734489010126,0.5638895012904187,0.5110295841465131,1.0,0.5870093913571411,0.1506095254075174,0.3320421673585872,0.430498171227681,0.42834045323191106,0.5876784874253863,0.43707924928912073,0.5767065386486392,0.4349209348555429,0.4582588542652409,0.5390422647450881,0.742361946213838
0.2533337153169811,0.39848222199680644,0.41630844159555813,0.586033580454533,0.49636102812018196,0.7301795864665827,0.5870093913571411,1.0,0.34391875699240043,0.7543205845504595,0.4215989246859077,0.6207172547639201,0.5010118260782391,0.7737381288273091,0.6100084246575146,0.7923945393773493,0.4290528308814666,0.666762733577069,0.7428126377553423
-0.19181554070301854,-0.026535243013213035,-0.30663584841068725,-0.02242010298942601,-0.15176530134513264,0.06357774418045639,0.1506095254075174,0.34391875699240043,1.0,0.5489761097500194,-0.3279368210734716,0.055722244177394985,-0.20817605591047472,0.1653548111391574,0.2098984549554401,0.19950815928797097,-0.211211762743623,0.07646578026836538,0.22673433245496602
0.04019473118091464,0.20061521000330487,0.06382100013310013,0.2698158812622953,0.139336475768986,0.3650042442920083,0.3320421673585872,0.7543205845504595,0.5489761097500194,1.0,0.06737655027293678,0.3318140357346294,0.16614040652026538,0.49270387730251947,0.4836189133365859,0.5463744349534781,0.08383373710295457,0.3392767531585376,0.46668278709284616
0.685326740462129,0.6533252049151522,0.93368413718039,0.7811727249391174,0.7086265956872101,0.6098284178908231,0.430498171227681,0.4215989246859077,-0.3279368210734716,0.06737655027293678,1.0,0.6904695686514971,0.6878772852167383,0.5585378891847653,0.24911045553678707,0.5017716989816171,0.7958407648551189,0.6391333058309618,0.2866601390802755
0.5891830135867921,0.7732058433445652,0.7150762794421288,0.8751088503451455,0.5789430644772807,0.7525247536910028,0.42834045323191106,0.6207172547639201,0.055722244177394985,0.3318140357346294,0.6904695686514971,1.0,0.6257340494087553,0.8192745581938875,0.5096300010489827,0.7541470957588919,0.7392684970291833,0.7198866837613201,0.3878225328699165
0.40386585236096384,0.4754747475354304,0.6813109537589415,0.6936806781642763,0.7352767305198105,0.640388002441805,0.5876784874253863,0.5010118260782391,-0.20817605591047472,0.16614040652026538,0.6878772852167383,0.6257340494087553,1.0,0.5846378815465222,0.5667537100759693,0.5534461996511766,0.5832618571968989,0.6713325037308975,0.3257710521711491
0.3763350129314006,0.5429515972347906,0.5370976492093701,0.7010977024712138,0.5262106152847136,0.7534590153922017,0.43707924928912073,0.7737381288273091,0.1653548111391574,0.49270387730251947,0.5585378891847653,0.8192745581938875,0.5846378815465222,1.0,0.6088784786595964,0.9580445005996332,0.5542777582321536,0.7028769844934679,0.45991418674204254
0.19629264507504435,0.3790555655057955,0.24631588753282552,0.4524195383569661,0.36921755588036675,0.49205887908254986,0.5767065386486392,0.6100084246575146,0.2098984549554401,0.4836189133365859,0.24911045553678707,0.5096300010489827,0.5667537100759693,0.6088784786595964,1.0,0.6201015025993324,0.1809078743229681,0.5132160834244865,0.2749785723245584
0.342785142819784,0.5064614806750977,0.48336877516797494,0.6482806705371755,0.5105940738425048,0.713786985976714,0.4349209348555429,0.7923945393773493,0.19950815928797097,0.5463744349534781,0.5017716989816171,0.7541470957588919,0.5534461996511766,0.9580445005996332,0.6201015025993324,1.0,0.504042657052555,0.6663597477182638,0.47796015514291335
0.6680118087245097,0.6814030869294732,0.8523235480247477,0.8748279003477305,0.6653239569378697,0.723832013068182,0.4582588542652409,0.4290528308814666,-0.211211762743623,0.08383373710295457,0.7958407648551189,0.7392684970291833,0.5832618571968989,0.5542777582321536,0.1809078743229681,0.504042657052555,1.0,0.7590171650107528,0.4063997186951684
0.40712035001617525,0.5142560543418989,0.6523989549016929,0.8064461325035805,0.6571075869566301,0.8981926760392984,0.5390422647450881,0.666762733577069,0.07646578026836538,0.3392767531585376,0.6391333058309618,0.7198866837613201,0.6713325037308975,0.7028769844934679,0.5132160834244865,0.6663597477182638,0.7590171650107528,1.0,0.5385488445138193
0.19426042778782454,0.2201894398741869,0.3005206644438845,0.3877053574995631,0.48727578542028754,0.5559926936498909,0.742361946213838,0.7428126377553423,0.22673433245496602,0.46668278709284616,0.2866601390802755,0.3878225328699165,0.3257710521711491,0.45991418674204254,0.2749785723245584,0.47796015514291335,0.4063997186951684,0.5385488445138193,1.0
