0,1,2,3,4,5,6,7,8,9,10,11,12,13,14,15,16,17,18
1.0,0.9114886657907196,0.7310682229941593,0.7273228635788462,0.49045254282572176,0.5403410639079747,0.2670616789623328,0.34580972752478456,-0.1874134450365294,0.033746815122634624,0.7097806996676783,0.6881975395772368,0.47859734209226285,0.5662381981713859,0.07164646575394763,0.5259370258941058,0.7537133672357539,0.5635830743192239,0.2897270154738464
0.9114886657907196,1.0,0.7423154129802142,0.8363919837164209,0.5221475292100582,0.6617609910241401,0.31083973404951054,0.44736481084307006,-0.02692625767801658,0.15030401827689524,0.7290660811334873,0.7925038384595525,0.5961879444675151,0.6360929793156161,0.2715061983695046,0.6077031422627541,0.7600531042182711,0.6641719537346469,0.28045406086523983
0.7310682229941593,0.7423154129802142,1.0,0.8421311836594202,0.7615586957230903,0.6969061966312589,0.3011003248044485,0.4155890312897985,-0.24058156503552394,0.04737404581833628,0.9444860563301426,0.7441907701828063,0.7163665448645555,0.5502517197017867,0.06254984869308536,0.5081711126364729,0.8433397350532061,0.7162798935087652,0.2607580221826776
0.7273228635788462,0.8363919837164209,0.8421311836594202,1.0,0.6604808387325829,0.8461983736341532,0.3474175034883101,0.5481535702041036,-0.018349848196973297,0.18776120552593092,0.8158506804773656,0.8765434602303819,0.6953495295393507,0.6908690226616141,0.2834962680419901,0.649721504286737,0.8974950255409999,0.8491033281528355,0.33535282149328016
0.49045254282572176,0.5221475292100582,0.7615586957230903,0.6604808387325829,1.0,0.6816719591763304,0.5543151188036447,0.4566123298507135,-0.13047846814541547,0.10258172767379234,0.7402432760400057,0.5888997617728958,0.7835825539934314,0.45055396345376625,0.2669352022638948,0.3859503648453291,0.6924408688225528,0.7108121638348968,0.41539134337988
0.5403410639079747,0.6617609910241401,0.6969061966312589,0.8461983736341532,0.6816719591763304,1.0,0.48919851251415025,0.700699996333419,0.07939301673728533,0.2672130861448013,0.6927859585561776,0.7758469506084923,0.6382020986463021,0.6896192098494491,0.2978076193035726,0.648950575293224,0.7912511994977098,0.9329525801022218,0.5484706518220828
0.2670616789623328,0.31083973404951054,0.3011003248044485,0.3474175034883101,0.5543151188036447,0.48919851251415025,1.0,0.6577419770043131,0.2527530769937278,0.394342676654971,0.24382961277867857,0.3021775816127106,0.5018264366582071,0.41115770664797047,0.5865977270919298,0.4123053109892007,0.38224821532595377,0.49912839823193444,0.7747529154096434
0.34580972752478456,0.44736481084307006,0.4155890312897985,0.5481535702041036,0.4566123298507135,0.700699996333419,0.6577419770043131,1.0,0.3320822068070353,0.6476654415625701,0.4165342940155542,0.5151300032772403,0.4677566982575171,0.7036040896327387,0.4660873059599508,0.7228023207857035,0.4923928274937718,0.6741297764880432,0.7898435420599611
-0.1874134450365294,-0.02692625767801658,-0.24058156503552394,-0.018349848196973297,-0.13047846814541547,0.07939301673728533,0.2527530769937278,0.3320822068070353,1.0,0.535263369195603,-0.24311015132704056,-0.04402992019734719,-0.13167391135183415,0.10600716872422487,0.24281711950902687,0.15479277653109585,-0.16193752985142124,0.07989439269973507,0.2024773065959813
0.033746815122634624,0.15030401827689524,0.04737404581833628,0.18776120552593092,0.10258172767379234,0.2672130861448013,0.394342676654971,0.6476654415625701,0.535263369195603,1.0,0.057389760560745004,0.15711167355078604,0.12535731727582378,0.3457652904954874,0.3483638731503765,0.40625633805935657,0.09292691483007555,0.28406867987336876,0.4591293880348374
0.7097806996676783,0.7290660811334873,0.9444860563301426,0.8158506804773656,0.7402432760400057,0.6927859585561776,0.24382961277867857,0.4165342940155542,-0.24311015132704056,0.057389760560745004,1.0,0.7344736930730795,0.7047600050321685,0.5695750612038537,0.051397492654636674,0.5321669817126545,0.7962821809554883,0.7090650745926114,0.21559680261470762
0.6881975395772368,0.7925038384595525,0.7441907701828063,0.8765434602303819,0.5888997617728958,0.7758469506084923,0.3021775816127106,0.5151300032772403,-0.04402992019734719,0.15711167355078604,0.7344736930730795,1.0,0.5965035648134553,0.7834828263162545,0.24594753672626377,0.6879523301570991,0.7951552422003189,0.7392340903100434,0.31131555780318954
0.47859734209226285,0.5961879444675151,0.7163665448645555,0.6953495295393507,0.7835825539934314,0.6382020986463021,0.5018264366582071,0.4677566982575171,-0.13167391135183415,0.12535731727582378,0.7047600050321685,0.5965035648134553,1.0,0.5055022272123678,0.45554471383167033,0.4908088297798313,0.5749493842114233,0.6720227881639197,0.25154379967902085
0.5662381981713859,0.6360929793156161,0.5502517197017867,0.6908690226616141,0.45055396345376625,0.6896192098494491,0.41115770664797047,0.7036040896327387,0.10600716872422487,0.3457652904954874,0.5695750612038537,0.7834828263162545,0.5055022272123678,1.0,0.36436593252533156,0.9479398351118935,0.6238069412513308,0.6639621248465282,0.49340254269140393
0.07164646575394763,0.2715061983695046,0.06254984869308536,0.2834962680419901,0.2669352022638948,0.2978076193035726,0.5865977270919298,0.4660873059599508,0.24281711950902687,0.3483638731503765,0.051397492654636674,0.24594753672626377,0.45554471383167033,0.36436593252533156,1.0,0.4019615504371217,0.04251402608431412,0.33229926998120785,0.22698377340159245
0.5259370258941058,0.6077031422627541,0.5081711126364729,0.649721504286737,0.3859503648453291,0.648950575293224,0.4123053109892007,0.7228023207857035,0.15479277653109585,0.40625633805935657,0.5321669817126545,0.6879523301570991,0.4908088297798313,0.9479398351118935,0.4019615504371217,1.0,0.5633496419206815,0.6183141766143808,0.4776105118788812
0.7537133672357539,0.7600531042182711,0.8433397350532061,0.8974950255409999,0.6924408688225528,0.7912511994977098,0.38224821532595377,0.4923928274937718,-0.16193752985142124,0.09292691483007555,0.7962821809554883,0.7951552422003189,0.5749493842114233,0.6238069412513308,0.04251402608431412,0.5633496419206815,1.0,0.8116509700950916,0.43712132007312626
0.5635830743192239,0.6641719537346469,0.7162798935087652,0.8491033281528355,0.7108121638348968,0.9329525801022218,0.49912839823193444,0.6741297764880432,0.07989439269973507,0.28406867987336876,0.7090650745926114,0.7392340903100434,0.6720227881639197,0.6639621248465282,0.33229926998120785,0.6183141766143808,0.8116509700950916,1.0,0.5514233311391911
0.2897270154738464,0.28045406086523983,0.2607580221826776,0.33535282149328016,0.41539134337988,0.5484706518220828,0.7747529154096434,0.7898435420599611,0.2024773065959813,0.4591293880348374,0.21559680261470762,0.31131555780318954,0.25154379967902085,0.49340254269140393,0.22698377340159245,0.4776105118788812,0.43712132007312626,0.5514233311391911,1.0
