0,1,2,3,4,5,6,7,8,9,10,11,12,13,14,15,16,17,18
1.0,0.5232128684583752,0.8599316556833022,0.5369498119057546,0.6621950172640338,0.36874924486472577,0.526806281630897,0.18450540054332043,0.3343820132326553,0.10113407415807753,0.557460708175276,0.49212817526017943,0.5584329922243755,0.35040283414470674,0.4579986681571098,0.06825524717156474,0.6984017046814283,0.34024654962232476,0.4102143551454879
0.5232128684583752,1.0,0.40020771363548324,0.3812696686336721,0.23020127823986758,0.3206002129863752,0.1331349336351387,0.2510649104446121,0.09313338020307431,0.17958268309720749,0.12781989819324857,0.5556280646956636,0.05629148374140684,0.34377101241510166,0.017148099789039747,0.1335113563887414,0.29902330633548474,0.32592675890622785,0.10129905332568867
0.8599316556833022,0.40020771363548324,1.0,0.611115916520883,0.8001287419107386,0.4047389960223888,0.6495460600428785,0.2269558783370266,0.42340127566125624,0.16274595551678372,0.8048590618068703,0.5186929244704718,0.7382151360852084,0.3637226601618639,0.5328531473727222,0.0685476382623235,0.8493066189923587,0.4127096282557202,0.5226121358803305
0.5369498119057546,0.3812696686336721,0.611115916520883,1.0,0.47447611871679496,0.4835417298502787,0.33646217098726044,0.35156799204461864,0.24904609268896463,0.2712616970857076,0.4031887844746104,0.6532794179502613,0.2626446609711495,0.25394900692346867,0.13169468641462936,0.15634008435268976,0.5843571000250798,0.4725123595935679,0.3363180910233413
0.6621950172640338,0.23020127823986758,0.8001287419107386,0.47447611871679496,1.0,0.47161579540041865,0.8818025130873546,0.298116928878797,0.5610507921571767,0.25456953440528457,0.6510039650807049,0.31835351013729674,0.8707299783821842,0.22641406277817394,0.6285740507554016,0.033884198745861245,0.761224864332346,0.5849210531752628,0.7531570163636008
0.36874924486472577,0.3206002129863752,0.4047389960223888,0.4835417298502787,0.47161579540041865,1.0,0.5103670732175325,0.8151670515684837,0.44984132385124087,0.6957419148793879,0.19645330974105266,0.4481580786533738,0.20820045586004005,0.45407250747042677,0.28278646072201946,0.4580033076775421,0.3708300275117764,0.7040947915265954,0.5704698727715992
0.526806281630897,0.1331349336351387,0.6495460600428785,0.33646217098726044,0.8818025130873546,0.5103670732175325,1.0,0.39643408531339297,0.7536954578692128,0.35719558575298743,0.5353532014678929,0.20709813323601112,0.8223840473374926,0.1716361183362497,0.7500781783702343,0.1035903122267711,0.6267406792063265,0.5733069774734157,0.8615403701334103
0.18450540054332043,0.2510649104446121,0.2269558783370266,0.35156799204461864,0.298116928878797,0.8151670515684837,0.39643408531339297,1.0,0.5140965944416848,0.9468500304311879,0.09996175479931922,0.31703096369113765,0.07982576894622687,0.3840177814102921,0.2112354771492169,0.5670773587781515,0.17432921589438855,0.6129696642260937,0.5248956507349466
0.3343820132326553,0.09313338020307431,0.42340127566125624,0.24904609268896463,0.5610507921571767,0.44984132385124087,0.7536954578692128,0.5140965944416848,1.0,0.5247718778236816,0.32855362045721576,0.1752260169824944,0.5324540981913198,0.1404496295126768,0.714532561057316,0.24735075086528105,0.3933970579220505,0.43968739836245374,0.7511553495272622
0.10113407415807753,0.17958268309720749,0.16274595551678372,0.2712616970857076,0.25456953440528457,0.6957419148793879,0.35719558575298743,0.9468500304311879,0.5247718778236816,1.0,0.07949275365040376,0.23652773192408916,0.07469540666861198,0.29112140841017736,0.1847480311337553,0.4809730197730136,0.12695822208111254,0.5402427292396734,0.4956544005239967
0.557460708175276,0.12781989819324857,0.8048590618068703,0.4031887844746104,0.6510039650807049,0.19645330974105266,0.5353532014678929,0.09996175479931922,0.32855362045721576,0.07949275365040376,1.0,0.2538834898089011,0.7427313750819068,0.1653043664137391,0.44343341716151985,0.019806858009934012,0.6515442361600708,0.23861904770700015,0.40846669480082753
0.49212817526017943,0.5556280646956636,0.5186929244704718,0.6532794179502613,0.31835351013729674,0.4481580786533738,0.20709813323601112,0.31703096369113765,0.1752260169824944,0.23652773192408916,0.2538834898089011,1.0,0.07489690450567711,0.36021485690144756,0.030123785085800974,0.2613881944696712,0.40705326900305605,0.23279030521718785,0.15387127960460953
0.5584329922243755,0.05629148374140684,0.7382151360852084,0.2626446609711495,0.8707299783821842,0.20820045586004005,0.8223840473374926,0.07982576894622687,0.5324540981913198,0.07469540666861198,0.7427313750819068,0.07489690450567711,1.0,0.01599274622854042,0.6235501255212194,-0.04557960908624296,0.6760472220700022,0.29797395067317795,0.6320850923585825
0.35040283414470674,0.34377101241510166,0.3637226601618639,0.25394900692346867,0.22641406277817394,0.45407250747042677,0.1716361183362497,0.3840177814102921,0.1404496295126768,0.29112140841017736,0.1653043664137391,0.36021485690144756,0.01599274622854042,1.0,0.06749329924210876,0.3751248086424088,0.27718674792006937,0.1594277098371562,0.18385361669326608
0.4579986681571098,0.017148099789039747,0.5328531473727222,0.13169468641462936,0.6285740507554016,0.28278646072201946,0.7500781783702343,0.2112354771492169,0.714532561057316,0.1847480311337553,0.44343341716151985,0.030123785085800974,0.6235501255212194,0.06749329924210876,1.0,0.057410086241607934,0.4455505438083236,0.20382568759423098,0.5933378951851954
0.06825524717156474,0.1335113563887414,0.0685476382623235,0.15634008435268976,0.033884198745861245,0.4580033076775421,0.1035903122267711,0.5670773587781515,0.24735075086528105,0.4809730197730136,0.019806858009934012,0.2613881944696712,-0.04557960908624296,0.3751248086424088,0.057410086241607934,1.0,0.0227559943884807,0.1954748650014861,0.15146114732097793
0.6984017046814283,0.29902330633548474,0.8493066189923587,0.5843571000250798,0.761224864332346,0.3708300275117764,0.6267406792063265,0.17432921589438855,0.3933970579220505,0.12695822208111254,0.6515442361600708,0.40705326900305605,0.6760472220700022,0.27718674792006937,0.4455505438083236,0.0227559943884807,1.0,0.4260279929397429,0.574991032414437
0.34024654962232476,0.32592675890622785,0.4127096282557202,0.4725123595935679,0.5849210531752628,0.7040947915265954,0.5733069774734157,0.6129696642260937,0.43968739836245374,0.5402427292396734,0.23861904770700015,0.23279030521718785,0.29797395067317795,0.1594277098371562,0.20382568759423098,0.1954748650014861,0.4260279929397429,1.0,0.6676067858609653
0.4102143551454879,0.10129905332568867,0.5226121358803305,0.3363180910233413,0.7531570163636008,0.5704698727715992,0.8615403701334103,0.5248956507349466,0.7511553495272622,0.4956544005239967,0.40846669480082753,0.15387127960460953,0.6320850923585825,0.18385361669326608,0.5933378951851954,0.15146114732097793,0.574991032414437,0.6676067858609653,1.0
