0,1,2,3,4,5,6,7,8,9,10,11,12,13,14,15,16,17,18
1.0,0.3871974120455912,0.829599475660435,0.40625122749854503,0.5509475354090793,0.20683385697649165,0.31227429178755733,0.051197517999605674,0.1425781589193953,0.007193618083897244,0.5811024286767827,0.4497353539640939,0.46789808590393994,0.12460048761502088,0.2503167211763489,0.2081011503557031,0.6744208803358238,0.24241110197866425,0.2178584890701672
0.3871974120455912,1.0,0.3547949998467424,0.2563559044642183,0.1881034407496252,0.25454894414223916,0.05577417006419962,-0.03614432544111646,0.04292103230968487,-0.002116278021177219,0.2076870187555127,0.4588325318154405,0.08750310532294188,0.18146535367298586,-0.018147714441426866,0.09872284002924706,0.33731854865553657,0.16048163951019467,0.030704958862195854
0.829599475660435,0.3547949998467424,1.0,0.5622497234234681,0.6850828161726608,0.3257563392239192,0.37511965735449526,0.0792748962714615,0.16396897047090525,0.018025961974392275,0.7831302853820282,0.5665817695074143,0.5952762728891484,0.2341315048730678,0.25123163183843505,0.23858585253694897,0.8279230892655323,0.35152577406493696,0.24691878422615057
0.40625122749854503,0.2563559044642183,0.5622497234234681,1.0,0.3478946493503699,0.4231681211665247,0.08418910269970051,0.10551694516988445,0.031148058555028526,0.08299724564942568,0.3406826592815164,0.5369870006722819,0.09595075305848404,0.2057155100245764,-0.05707848250015304,0.12965408579669885,0.5545308632869558,0.39014081974421216,0.05399972025843366
0.5509475354090793,0.1881034407496252,0.6850828161726608,0.3478946493503699,1.0,0.40002600409509287,0.7965363446017418,0.22184861030228004,0.46953391600783584,0.19357115984999917,0.5589895937808836,0.3426885150627156,0.787088319144851,0.15347884708113968,0.4780423184892587,0.20438020473840474,0.6792430324574856,0.5996417049491036,0.56429387064804
0.20683385697649165,0.25454894414223916,0.3257563392239192,0.4231681211665247,0.40002600409509287,1.0,0.30692294019165445,0.20639556759814548,0.21431600985212454,0.35004594007984086,0.17885781752632637,0.3941529820209274,0.15170183549187266,0.4517957193487191,0.11928406395643738,0.3394171464086467,0.3162739315347684,0.5137398547452331,0.33395178995957253
0.31227429178755733,0.05577417006419962,0.37511965735449526,0.08418910269970051,0.7965363446017418,0.30692294019165445,1.0,0.34354348435511145,0.7545205278047877,0.3108018743908107,0.3581900752959339,0.11883524529364602,0.7438214036796386,0.06506919558419524,0.6939105548194152,0.1970927282461643,0.4101490094364759,0.48045266609619136,0.7208014206639017
0.051197517999605674,-0.03614432544111646,0.0792748962714615,0.10551694516988445,0.22184861030228004,0.20639556759814548,0.34354348435511145,1.0,0.4154586951752047,0.8756148318087312,0.09900060182073833,-0.05841586617918991,0.12009380319509733,0.18009468212802607,0.15963476169280924,0.3080728962857118,0.07497646805548515,0.3966121642338275,0.4239375509402108
0.1425781589193953,0.04292103230968487,0.16396897047090525,0.031148058555028526,0.46953391600783584,0.21431600985212454,0.7545205278047877,0.4154586951752047,1.0,0.3986386188246018,0.17787149737261387,0.11898672230085833,0.4190881797736174,0.08866156291968995,0.7122778537257252,0.20505679035669297,0.21804798758084065,0.2964656515602917,0.6497264263778199
0.007193618083897244,-0.002116278021177219,0.018025961974392275,0.08299724564942568,0.19357115984999917,0.35004594007984086,0.3108018743908107,0.8756148318087312,0.3986386188246018,1.0,0.07372892037344762,-0.069715646486368,0.09994738633473546,0.09788976254801525,0.11701391238722578,0.19390157859860857,-0.010203564585313322,0.4155467318623909,0.39873104786760993
0.5811024286767827,0.2076870187555127,0.7831302853820282,0.3406826592815164,0.5589895937808836,0.17885781752632637,0.3581900752959339,0.09900060182073833,0.17787149737261387,0.07372892037344762,1.0,0.37102370536842855,0.6408309604854792,0.04939214304368254,0.19834672953274196,0.17387691343457,0.569793059001017,0.2451730684430887,0.21235808983199242
0.4497353539640939,0.4588325318154405,0.5665817695074143,0.5369870006722819,0.3426885150627156,0.3941529820209274,0.11883524529364602,-0.05841586617918991,0.11898672230085833,-0.069715646486368,0.37102370536842855,1.0,0.06373908521965982,0.28583381467126123,-0.024739583638291044,0.28838991081190984,0.5042323447123898,0.08708341623338185,0.10553336171196534
0.46789808590393994,0.08750310532294188,0.5952762728891484,0.09595075305848404,0.787088319144851,0.15170183549187266,0.7438214036796386,0.12009380319509733,0.4190881797736174,0.09994738633473546,0.6408309604854792,0.06373908521965982,1.0,-0.06897729075290379,0.4548550162199341,0.13109959538042254,0.5092706169728975,0.2491687101703367,0.39871848227776757
0.12460048761502088,0.18146535367298586,0.2341315048730678,0.2057155100245764,0.15347884708113968,0.4517957193487191,0.06506919558419524,0.18009468212802607,0.08866156291968995,0.09788976254801525,0.04939214304368254,0.28583381467126123,-0.06897729075290379,1.0,-0.036583309240736245,0.455011608992471,0.21705706105687494,0.07346225906166894,0.07700832833876044
0.2503167211763489,-0.018147714441426866,0.25123163183843505,-0.05707848250015304,0.4780423184892587,0.11928406395643738,0.6939105548194152,0.15963476169280924,0.7122778537257252,0.11701391238722578,0.19834672953274196,-0.024739583638291044,0.4548550162199341,-0.036583309240736245,1.0,0.14174792604096317,0.237640287105196,0.09467278637392967,0.4703921856546835
0.2081011503557031,0.09872284002924706,0.23858585253694897,0.12965408579669885,0.20438020473840474,0.3394171464086467,0.1970927282461643,0.3080728962857118,0.20505679035669297,0.19390157859860857,0.17387691343457,0.28838991081190984,0.13109959538042254,0.455011608992471,0.14174792604096317,1.0,0.21444548931522833,0.13156743204844254,0.1928794991051125
0.6744208803358238,0.33731854865553657,0.8279230892655323,0.5545308632869558,0.6792430324574856,0.3162739315347684,0.4101490094364759,0.07497646805548515,0.21804798758084065,-0.010203564585313322,0.569793059001017,0.5042323447123898,0.5092706169728975,0.21705706105687494,0.237640287105196,0.21444548931522833,1.0,0.38781794093243804,0.34027582110056726
0.24241110197866425,0.16048163951019467,0.35152577406493696,0.39014081974421216,0.5996417049491036,0.5137398547452331,0.48045266609619136,0.3966121642338275,0.2964656515602917,0.4155467318623909,0.2451730684430887,0.08708341623338185,0.2491687101703367,0.07346225906166894,0.09467278637392967,0.13156743204844254,0.38781794093243804,1.0,0.5207003732697421
0.2178584890701672,0.030704958862195854,0.24691878422615057,0.05399972025843366,0.56429387064804,0.33395178995957253,0.7208014206639017,0.4239375509402108,0.6497264263778199,0.39873104786760993,0.21235808983199242,0.10553336171196534,0.39871848227776757,0.07700832833876044,0.4703921856546835,0.1928794991051125,0.34027582110056726,0.5207003732697421,1.0
