0,1,2,3,4,5,6,7,8,9,10,11,12,13,14,15,16,17,18
1.0,0.16031822514015315,0.929111242163923,0.2655685749527552,0.7660785744138318,0.21347139953427688,0.6296524120013441,-0.027023183246929136,0.39081767211245344,0.007852585882274178,0.8277900972983068,0.2021203550306879,0.721872031922848,0.05061580288141653,0.43919291485253004,0.14081447742015635,0.7684468725937427,0.2269948871162321,0.5295953999103454
0.16031822514015315,1.0,0.18403310933366565,0.3758377565233647,0.08086754729555568,0.2225392919371747,-0.05055345617851296,0.31809888433190797,-0.07636374773226604,0.2685267048524232,0.08403708344142716,0.4723995973812861,-0.12088907082984553,0.350983904403441,-0.15446034165849568,0.1508812189294717,0.17695906482790497,0.29974452629032605,0.01921086091209254
0.929111242163923,0.18403310933366565,1.0,0.37641607176753106,0.8306373439549792,0.26487738229983554,0.6599376022955514,0.031581315460681214,0.4052602185306909,0.05976973682310167,0.9011718070339779,0.31851982565398207,0.7348127993281061,0.11530405597766938,0.4416295072596736,0.1529508774840013,0.8623964499120439,0.2976200912267848,0.5644578369452847
0.2655685749527552,0.3758377565233647,0.37641607176753106,1.0,0.23922599911664835,0.37816265247546493,0.03211463493144896,0.4303948261576106,-0.094066333866695,0.3795679674040351,0.21245298839034443,0.6758700467981592,-0.12847894860031955,0.4155953996650812,-0.15728948962004335,0.10333321563270909,0.3991954448205577,0.49714348722118185,0.08836812378378411
0.7660785744138318,0.08086754729555568,0.8306373439549792,0.23922599911664835,1.0,0.21637415436569438,0.8557790186397655,0.041715531749792104,0.5730549190996667,0.09381961230241127,0.789408547597386,0.20193884549275007,0.7965464669868981,0.0544016313125596,0.535493481514452,0.06594965986621493,0.8105683557731951,0.3811589056737365,0.754842334862112
0.21347139953427688,0.2225392919371747,0.26487738229983554,0.37816265247546493,0.21637415436569438,1.0,0.16105724086838166,0.23332063838001368,0.13380492437544328,0.4506318393304907,0.15514158841752348,0.2963610665927624,0.089425836680324,0.44060204257382285,0.0025225766027498356,0.3349164449054323,0.2274019361664345,0.4381909105203368,0.2470067125509097
0.6296524120013441,-0.05055345617851296,0.6599376022955514,0.03211463493144896,0.8557790186397655,0.16105724086838166,1.0,0.02581649589067519,0.7790313369476689,0.06797293430024005,0.6537319548177501,0.026356948063168895,0.773751019555242,0.01573431108990653,0.7204676296429858,0.05346701438871945,0.6363505482193067,0.24315081387091658,0.7993409865020421
-0.027023183246929136,0.31809888433190797,0.031581315460681214,0.4303948261576106,0.041715531749792104,0.23332063838001368,0.02581649589067519,1.0,0.031274713057674736,0.8758214470405453,-0.07078490024024686,0.4626839307383072,-0.3194760690847312,0.5259595402372839,-0.1711176921498965,0.3479660860267044,0.0003102556809392344,0.4994786453899665,0.20246180225735047
0.39081767211245344,-0.07636374773226604,0.4052602185306909,-0.094066333866695,0.5730549190996667,0.13380492437544328,0.7790313369476689,0.031274713057674736,1.0,0.12691630094958203,0.4237331851138683,-0.05687177584654471,0.5673647344650944,-0.006856795264714333,0.7505181439742628,0.053476095274429314,0.37867187514315737,0.0937451069921785,0.7133392374587574
0.007852585882274178,0.2685267048524232,0.05976973682310167,0.3795679674040351,0.09381961230241127,0.4506318393304907,0.06797293430024005,0.8758214470405453,0.12691630094958203,1.0,-0.01875035949559648,0.3738191578287499,-0.21006401740640113,0.45661277043708715,-0.14032437079687543,0.2900510076809599,-0.002222229876748378,0.522444204906976,0.28158242269184997
0.8277900972983068,0.08403708344142716,0.9011718070339779,0.21245298839034443,0.789408547597386,0.15514158841752348,0.6537319548177501,-0.07078490024024686,0.4237331851138683,-0.01875035949559648,1.0,0.17533354090469958,0.7939515214156233,-0.027761066384867156,0.4194469803590526,0.10803354934745629,0.7507750976977995,0.1902460009544944,0.5592314940302865
0.2021203550306879,0.4723995973812861,0.31851982565398207,0.6758700467981592,0.20193884549275007,0.2963610665927624,0.026356948063168895,0.4626839307383072,-0.05687177584654471,0.3738191578287499,0.17533354090469958,1.0,-0.19826365649113906,0.5232770954335761,-0.20619437790084816,0.2422340180092786,0.33036470647888605,0.2796813374922957,0.09936320067896669
0.721872031922848,-0.12088907082984553,0.7348127993281061,-0.12847894860031955,0.7965464669868981,0.089425836680324,0.773751019555242,-0.3194760690847312,0.5673647344650944,-0.21006401740640113,0.7939515214156233,-0.19826365649113906,1.0,-0.3081144618128868,0.5399900278707594,0.05407354971213968,0.6365906191844724,-0.025304615507821898,0.578487723154382
0.05061580288141653,0.350983904403441,0.11530405597766938,0.4155953996650812,0.0544016313125596,0.44060204257382285,0.01573431108990653,0.5259595402372839,-0.006856795264714333,0.45661277043708715,-0.027761066384867156,0.5232770954335761,-0.3081144618128868,1.0,-0.12132619950327714,0.4189602277921274,0.10803339996910537,0.3055354674813141,0.06835595617907397
0.43919291485253004,-0.15446034165849568,0.4416295072596736,-0.15728948962004335,0.535493481514452,0.0025225766027498356,0.7204676296429858,-0.1711176921498965,0.7505181439742628,-0.14032437079687543,0.4194469803590526,-0.20619437790084816,0.5399900278707594,-0.12132619950327714,1.0,-0.07966998864384574,0.40349757775640044,-0.11989124297950157,0.515632613365663
0.14081447742015635,0.1508812189294717,0.1529508774840013,0.10333321563270909,0.06594965986621493,0.3349164449054323,0.05346701438871945,0.3479660860267044,0.053476095274429314,0.2900510076809599,0.10803354934745629,0.2422340180092786,0.05407354971213968,0.4189602277921274,-0.07966998864384574,1.0,0.08404146371148133,0.11037498292234364,0.07219387611902484
0.7684468725937427,0.17695906482790497,0.8623964499120439,0.3991954448205577,0.8105683557731951,0.2274019361664345,0.6363505482193067,0.0003102556809392344,0.37867187514315737,-0.002222229876748378,0.7507750976977995,0.33036470647888605,0.6365906191844724,0.10803339996910537,0.40349757775640044,0.08404146371148133,1.0,0.30669297084898456,0.5886237028359007
0.2269948871162321,0.29974452629032605,0.2976200912267848,0.49714348722118185,0.3811589056737365,0.4381909105203368,0.24315081387091658,0.4994786453899665,0.0937451069921785,0.522444204906976,0.1902460009544944,0.2796813374922957,-0.025304615507821898,0.3055354674813141,-0.11989124297950157,0.11037498292234364,0.30669297084898456,1.0,0.4205998531162508
0.5295953999103454,0.01921086091209254,0.5644578369452847,0.08836812378378411,0.754842334862112,0.2470067125509097,0.7993409865020421,0.20246180225735047,0.7133392374587574,0.28158242269184997,0.5592314940302865,0.09936320067896669,0.578487723154382,0.06835595617907397,0.515632613365663,0.07219387611902484,0.5886237028359007,0.4205998531162508,1.0
