0,1,2,3,4,5,6,7,8,9,10,11,12,13,14,15,16,17,18
1.0,0.27525148600126514,0.9095855049442303,0.24445652665612955,0.6882820171805806,0.18559467516282524,0.48437294179084417,0.05918715600583399,0.3223333039986706,0.06839160014933486,0.7020289269551657,0.15584753654483527,0.671052872428229,0.28213026730902835,0.4246919163702641,-0.015547427947179797,0.6165786572516864,0.1465962978814992,0.3721287824199434
0.27525148600126514,1.0,0.2394144438512983,0.25365951524578106,0.11572941198864349,0.2251073040099796,0.012325679979412658,0.11795217447719934,-0.017577204753716595,0.08889388074718417,0.13614904053658197,0.37472652053918476,0.026201734780780066,0.14124571054324822,-0.08433186341282412,0.08329162346457052,0.1784297073918644,0.1957864242395255,0.027158512081998425
0.9095855049442303,0.2394144438512983,1.0,0.3131056356508611,0.7746913085490864,0.19587360395413442,0.5341969124136098,0.0884592221121582,0.345629507590397,0.09794770578764435,0.8357507790067282,0.17496990927581316,0.7661878924298579,0.3264321851671601,0.4162723690610706,-0.016387011454688124,0.6996999474452087,0.20325027032797646,0.4078291334770566
0.24445652665612955,0.25365951524578106,0.3131056356508611,1.0,0.16493677013983715,0.3861982139806707,-0.006245147045523244,0.30663204215940976,-0.02233008295802257,0.2471135072567547,0.16655485303806644,0.5512371846517383,-0.03205684080038045,0.0037351775404154573,-0.19903441635475538,0.08048039742177941,0.2687551508099137,0.3927574281010254,0.06713096209596343
0.6882820171805806,0.11572941198864349,0.7746913085490864,0.16493677013983715,1.0,0.20024243526036054,0.80312565638938,0.13544265857034893,0.49388613222229194,0.14403018641763124,0.651156717983805,-0.01385582049611027,0.8730823818115275,0.2849314446388548,0.5200980186427879,-0.0657277073428024,0.5966052499666714,0.3914315502935503,0.6545441883537527
0.18559467516282524,0.2251073040099796,0.19587360395413442,0.3861982139806707,0.20024243526036054,1.0,0.2372084377863939,0.6929025186850903,0.21529561965325084,0.5383153627913291,0.07036115179194376,0.37282498880381354,0.020949702597228323,0.447371263817483,0.01642023122395483,0.3951724057024553,0.1329460128234378,0.445753759319017,0.3324865824276011
0.48437294179084417,0.012325679979412658,0.5341969124136098,-0.006245147045523244,0.80312565638938,0.2372084377863939,1.0,0.2499443080560235,0.7628588322964363,0.21751472216340015,0.4270429584873,-0.10419399549581043,0.7878261108635342,0.2454398191176598,0.7188086890044265,0.021356872628553777,0.45073843180789896,0.2906237270450714,0.775676164658601
0.05918715600583399,0.11795217447719934,0.0884592221121582,0.30663204215940976,0.13544265857034893,0.6929025186850903,0.2499443080560235,1.0,0.3596114994855456,0.9144232877579671,0.0025759513318509425,0.16551749120395953,0.024665431100634738,0.2365098436609605,0.07303022228981199,0.4184408772242868,0.07691572311334928,0.4217427174686292,0.42498500320380994
0.3223333039986706,-0.017577204753716595,0.345629507590397,-0.02233008295802257,0.49388613222229194,0.21529561965325084,0.7628588322964363,0.3596114994855456,1.0,0.35369952046957814,0.26344290843870066,-0.07776453743556934,0.5461945153315169,0.17285218269268926,0.7034895650060312,0.11296183303797423,0.30390707051368415,0.15740750923187213,0.7167543428480038
0.06839160014933486,0.08889388074718417,0.09794770578764435,0.2471135072567547,0.14403018641763124,0.5383153627913291,0.21751472216340015,0.9144232877579671,0.35369952046957814,1.0,0.047582712711030574,0.07785114483641105,0.0664081728082331,0.1359813147605389,0.04060924637421235,0.2039996485581771,0.07498699982514631,0.37152616473540645,0.39615343089770766
0.7020289269551657,0.13614904053658197,0.8357507790067282,0.16655485303806644,0.651156717983805,0.07036115179194376,0.4270429584873,0.0025759513318509425,0.26344290843870066,0.047582712711030574,1.0,0.014066340801321294,0.7393280034427686,0.29558531380834785,0.3083138301399409,-0.028681030100605954,0.5426823451525591,0.0851456034578239,0.28512178354559586
0.15584753654483527,0.37472652053918476,0.17496990927581316,0.5512371846517383,-0.01385582049611027,0.37282498880381354,-0.10419399549581043,0.16551749120395953,-0.07776453743556934,0.07785114483641105,0.014066340801321294,1.0,-0.2368958916447091,0.06041354669080964,-0.27819629701619414,0.23054570831325719,0.07529769619467724,0.060621654640077495,-0.08894902887121402
0.671052872428229,0.026201734780780066,0.7661878924298579,-0.03205684080038045,0.8730823818115275,0.020949702597228323,0.7878261108635342,0.024665431100634738,0.5461945153315169,0.0664081728082331,0.7393280034427686,-0.2368958916447091,1.0,0.1926290622958707,0.5765025555323029,-0.10815535224550069,0.5447949211232004,0.10964845458411639,0.5885121843896796
0.28213026730902835,0.14124571054324822,0.3264321851671601,0.0037351775404154573,0.2849314446388548,0.447371263817483,0.2454398191176598,0.2365098436609605,0.17285218269268926,0.1359813147605389,0.29558531380834785,0.06041354669080964,0.1926290622958707,1.0,0.10800536569804645,0.4213135188664448,0.2121641629980945,-0.007547256296596952,0.2141042224421746
0.4246919163702641,-0.08433186341282412,0.4162723690610706,-0.19903441635475538,0.5200980186427879,0.01642023122395483,0.7188086890044265,0.07303022228981199,0.7034895650060312,0.04060924637421235,0.3083138301399409,-0.27819629701619414,0.5765025555323029,0.10800536569804645,1.0,-0.016444611043960194,0.2630932722146368,-0.08701377829701087,0.4717611914326714
-0.015547427947179797,0.08329162346457052,-0.016387011454688124,0.08048039742177941,-0.0657277073428024,0.3951724057024553,0.021356872628553777,0.4184408772242868,0.11296183303797423,0.2039996485581771,-0.028681030100605954,0.23054570831325719,-0.10815535224550069,0.4213135188664448,-0.016444611043960194,1.0,-0.023236320928042013,0.07833259190486949,0.12654347605303334
0.6165786572516864,0.1784297073918644,0.6996999474452087,0.2687551508099137,0.5966052499666714,0.1329460128234378,0.45073843180789896,0.07691572311334928,0.30390707051368415,0.07498699982514631,0.5426823451525591,0.07529769619467724,0.5447949211232004,0.2121641629980945,0.2630932722146368,-0.023236320928042013,1.0,0.22849858068932344,0.4484637812016322
0.1465962978814992,0.1957864242395255,0.20325027032797646,0.3927574281010254,0.3914315502935503,0.445753759319017,0.2906237270450714,0.4217427174686292,0.15740750923187213,0.37152616473540645,0.0851456034578239,0.060621654640077495,0.10964845458411639,-0.007547256296596952,-0.08701377829701087,0.07833259190486949,0.22849858068932344,1.0,0.4308371668446936
0.3721287824199434,0.027158512081998425,0.4078291334770566,0.06713096209596343,0.6545441883537527,0.3324865824276011,0.775676164658601,0.42498500320380994,0.7167543428480038,0.39615343089770766,0.28512178354559586,-0.08894902887121402,0.5885121843896796,0.2141042224421746,0.4717611914326714,0.12654347605303334,0.4484637812016322,0.4308371668446936,1.0
