0,1,2,3,4,5,6,7,8,9,10,11,12,13,14,15,16,17,18
1.0,0.8777051996493458,0.7371917742893108,0.5842103769528583,0.4681860392990636,0.42209392315329863,0.25210947699913744,0.19819937649863376,0.1315685215234751,0.11819290127229148,0.8585411460719071,0.5867350587740634,0.41008495164480435,0.39496975781607563,0.2853622140181739,0.27552119418281973,0.6390518010047183,0.3982161402718386,0.13099245474278723
0.8777051996493458,1.0,0.6725363736258497,0.810050514152687,0.44591319243645194,0.6021417926901286,0.17184036722428944,0.3199881511085355,0.030946137916148992,0.2036541251118452,0.7679517408464568,0.7812157090497475,0.2988952015991325,0.5188340222518913,0.17828164657302298,0.3597419075816507,0.6350559103354766,0.5733125905092675,0.06382989565185064
0.7371917742893108,0.6725363736258497,1.0,0.6989791392838278,0.8648459290151597,0.582318862067195,0.5088929375073333,0.22267035476618857,0.3453703380940084,0.12228757524204655,0.9368872837407007,0.6519436062587313,0.7659246596656482,0.5017101026790391,0.6190013911042503,0.32756950590610073,0.933214101573336,0.623106162349676,0.39294011134800066
0.5842103769528583,0.810050514152687,0.6989791392838278,1.0,0.6549142213749866,0.8740277272988791,0.34474095904243257,0.49619864913955264,0.18686321577374745,0.35526096392628403,0.689284609857581,0.9521548474205873,0.4577603955598237,0.762724963512221,0.3746861623743657,0.5566982975444276,0.7207659610490137,0.8109236156019239,0.27344508701657266
0.4681860392990636,0.44591319243645194,0.8648459290151597,0.6549142213749866,1.0,0.6594659817788564,0.6307937024196781,0.3057084020817219,0.44264660559698776,0.18733068288828494,0.7159497632683727,0.6080617948749792,0.7852719107151103,0.5668165199746407,0.6842435254151678,0.37594799781375104,0.859613548202379,0.7456114919747103,0.5138766820188181
0.42209392315329863,0.6021417926901286,0.582318862067195,0.8740277272988791,0.6594659817788564,1.0,0.5151353348809923,0.7400096534085481,0.37806504985726874,0.5938907975835392,0.5590952294944511,0.8641401470855271,0.4819900222680992,0.9168814341937732,0.4573098363635712,0.75268625136373,0.6014788159370331,0.8608776160183359,0.49629228146772614
0.25210947699913744,0.17184036722428944,0.5088929375073333,0.34474095904243257,0.6307937024196781,0.5151353348809923,1.0,0.576125209153874,0.932477454133305,0.5822145287794321,0.3650387938172718,0.37202702191199816,0.6535839999504298,0.5864073126165332,0.8246512196090123,0.619054251731673,0.46591744782413236,0.46891846469945037,0.7886225243202634
0.19819937649863376,0.3199881511085355,0.22267035476618857,0.49619864913955264,0.3057084020817219,0.7400096534085481,0.576125209153874,1.0,0.5530874240359325,0.9441998737645878,0.2220582092521907,0.5207684887004831,0.22816005408626588,0.796377844664537,0.35305286390824514,0.870187820002221,0.21291011756960274,0.5720424663979943,0.7027954654952318
0.1315685215234751,0.030946137916148992,0.3453703380940084,0.18686321577374745,0.44264660559698776,0.37806504985726874,0.932477454133305,0.5530874240359325,1.0,0.6270949867796551,0.20983923527744577,0.22979633041380232,0.4962514442085833,0.4893323237589515,0.7506176501210778,0.6023150977207451,0.3157704923547717,0.29867327734564414,0.7879232756378253
0.11819290127229148,0.2036541251118452,0.12228757524204655,0.35526096392628403,0.18733068288828494,0.5938907975835392,0.5822145287794321,0.9441998737645878,0.6270949867796551,1.0,0.12927524912060648,0.39236965355340236,0.18137548791228222,0.7004201427521717,0.36988475996552467,0.8668126985225689,0.09327719550365475,0.4092470922755554,0.6969236552577827
0.8585411460719071,0.7679517408464568,0.9368872837407007,0.689284609857581,0.7159497632683727,0.5590952294944511,0.3650387938172718,0.2220582092521907,0.20983923527744577,0.12927524912060648,1.0,0.6722576701617047,0.6679672551261149,0.49976654596884157,0.4985192927664217,0.3388862543587546,0.8277951007328944,0.5936100751699968,0.23580784024790943
0.5867350587740634,0.7812157090497475,0.6519436062587313,0.9521548474205873,0.6080617948749792,0.8641401470855271,0.37202702191199816,0.5207684887004831,0.22979633041380232,0.39236965355340236,0.6722576701617047,1.0,0.4642892550790883,0.8263612732810114,0.40196198553303647,0.6261820462512483,0.6624676311138575,0.7535669754695993,0.2902958578574096
0.41008495164480435,0.2988952015991325,0.7659246596656482,0.4577603955598237,0.7852719107151103,0.4819900222680992,0.6535839999504298,0.22816005408626588,0.4962514442085833,0.18137548791228222,0.6679672551261149,0.4642892550790883,1.0,0.48586348262375867,0.867719099394303,0.38521416571806677,0.6614080364798569,0.5301628576845929,0.43345738195660166
0.39496975781607563,0.5188340222518913,0.5017101026790391,0.762724963512221,0.5668165199746407,0.9168814341937732,0.5864073126165332,0.796377844664537,0.4893323237589515,0.7004201427521717,0.49976654596884157,0.8263612732810114,0.48586348262375867,1.0,0.5219444102833284,0.8888404255599638,0.49783814087142825,0.7089707392667025,0.5577596325674514
0.2853622140181739,0.17828164657302298,0.6190013911042503,0.3746861623743657,0.6842435254151678,0.4573098363635712,0.8246512196090123,0.35305286390824514,0.7506176501210778,0.36988475996552467,0.4985192927664217,0.40196198553303647,0.867719099394303,0.5219444102833284,1.0,0.5206220241436091,0.5457812319619241,0.4444069018750197,0.5916879008222858
0.27552119418281973,0.3597419075816507,0.32756950590610073,0.5566982975444276,0.37594799781375104,0.75268625136373,0.619054251731673,0.870187820002221,0.6023150977207451,0.8668126985225689,0.3388862543587546,0.6261820462512483,0.38521416571806677,0.8888404255599638,0.5206220241436091,1.0,0.2990387125270978,0.518893775330604,0.6221506233856718
0.6390518010047183,0.6350559103354766,0.933214101573336,0.7207659610490137,0.859613548202379,0.6014788159370331,0.46591744782413236,0.21291011756960274,0.3157704923547717,0.09327719550365475,0.8277951007328944,0.6624676311138575,0.6614080364798569,0.49783814087142825,0.5457812319619241,0.2990387125270978,1.0,0.6885381044688513,0.4060702993791888
0.3982161402718386,0.5733125905092675,0.623106162349676,0.8109236156019239,0.7456114919747103,0.8608776160183359,0.46891846469945037,0.5720424663979943,0.29867327734564414,0.4092470922755554,0.5936100751699968,0.7535669754695993,0.5301628576845929,0.7089707392667025,0.4444069018750197,0.518893775330604,0.6885381044688513,1.0,0.45501431933960834
0.13099245474278723,0.06382989565185064,0.39294011134800066,0.27344508701657266,0.5138766820188181,0.49629228146772614,0.7886225243202634,0.7027954654952318,0.7879232756378253,0.6969236552577827,0.23580784024790943,0.2902958578574096,0.43345738195660166,0.5577596325674514,0.5916879008222858,0.6221506233856718,0.4060702993791888,0.45501431933960834,1.0
