0,1,2,3,4,5,6,7,8,9,10,11,12,13,14,15,16,17,18
1.0,0.678539502819526,0.7840201441315897,0.40146867119917157,0.6160016666897378,0.23571319549906236,0.3398893164940551,-0.007386552778884659,0.2625871729257188,-0.04384414764202225,0.8298997034360853,0.4084805909458422,0.5599290843360621,0.16851132530889382,0.4557775189008122,0.040347761036927735,0.7177538626355745,0.29772336531305527,0.33001475282030335
0.678539502819526,1.0,0.6133796631980862,0.8137235505886317,0.5087480261391342,0.5646522598578549,0.22048735940254027,0.22671727845460482,0.11412151103614226,0.13269992610616685,0.6174104280676883,0.7645278485000926,0.35680299285334505,0.43526517017023997,0.24060898351654492,0.23156095417807174,0.6482336832916092,0.580199815561758,0.15332113149469875
0.7840201441315897,0.6133796631980862,1.0,0.5807151612214627,0.8966740646479878,0.44525062084091294,0.6047783089667467,0.14067190064717164,0.46942217240083844,0.0700532661615882,0.9574969996236656,0.5561555402643213,0.8165557918398615,0.3445147070896943,0.6853367537999824,0.1885904571232243,0.9163842674113524,0.5409332882556943,0.5426101185164526
0.40146867119917157,0.8137235505886317,0.5807151612214627,1.0,0.6193562099970776,0.834866792429523,0.35508824107708953,0.4290645384397831,0.2359332545221024,0.2925676968241077,0.525781698799372,0.9391560408705211,0.40840748292129303,0.7306018505150184,0.3023622892217085,0.49163451415616616,0.6751901458279488,0.7755280933387447,0.29838644814834475
0.6160016666897378,0.5087480261391342,0.8966740646479878,0.6193562099970776,1.0,0.6018329134232455,0.731289296581762,0.3289560813797482,0.5808408528417442,0.2300074404791446,0.8049122799837627,0.588990746166385,0.7969798035010405,0.4951626168104028,0.7066313240941322,0.3468633538067362,0.8548881836892541,0.7293503834236829,0.6486129957378162
0.23571319549906236,0.5646522598578549,0.44525062084091294,0.834866792429523,0.6018329134232455,1.0,0.5086165648184586,0.7328846707801628,0.41480379955956026,0.5878007716644534,0.3764605937022305,0.808936092786423,0.40366077557708785,0.9081002795049868,0.3531692663314231,0.73880184990985,0.5124835693707256,0.8522849625885727,0.5152150299560777
0.3398893164940551,0.22048735940254027,0.6047783089667467,0.35508824107708953,0.731289296581762,0.5086165648184586,1.0,0.5595011001817345,0.9274076858127064,0.552851303137847,0.4671658784794134,0.36701680521375846,0.7269937822043528,0.525196463275037,0.8207576022295899,0.539962488908387,0.5056374616377012,0.5548079639920668,0.8142561618505543
-0.007386552778884659,0.22671727845460482,0.14067190064717164,0.4290645384397831,0.3289560813797482,0.7328846707801628,0.5595011001817345,1.0,0.5644705991348377,0.9383912779414961,0.06487915943266888,0.3903406495050319,0.18616606040487235,0.7524082355531316,0.23542677099747997,0.848685738447398,0.12983515601930845,0.6174598044175046,0.6652608922342539
0.2625871729257188,0.11412151103614226,0.46942217240083844,0.2359332545221024,0.5808408528417442,0.41480379955956026,0.9274076858127064,0.5644705991348377,1.0,0.6033117702127053,0.32295335217777943,0.2441286425683654,0.5753906578768032,0.45918359077320675,0.7540872437416953,0.5324404184298076,0.4016833324345483,0.44283766444726347,0.8297528182699634
-0.04384414764202225,0.13269992610616685,0.0700532661615882,0.2925676968241077,0.2300074404791446,0.5878007716644534,0.552851303137847,0.9383912779414961,0.6033117702127053,1.0,0.003878573307243367,0.25336918581643403,0.16113569214380027,0.648527413293367,0.2545315355529545,0.8385945501620625,0.044031722064177235,0.48115542079395995,0.6458635865911881
0.8298997034360853,0.6174104280676883,0.9574969996236656,0.525781698799372,0.8049122799837627,0.3764605937022305,0.4671658784794134,0.06487915943266888,0.32295335217777943,0.003878573307243367,1.0,0.5190815661259197,0.7624924075518806,0.28826687352512914,0.5952430315460244,0.13266572938235363,0.8364313527442623,0.4891784471662836,0.3969866236045876
0.4084805909458422,0.7645278485000926,0.5561555402643213,0.9391560408705211,0.588990746166385,0.808936092786423,0.36701680521375846,0.3903406495050319,0.2441286425683654,0.25336918581643403,0.5190815661259197,1.0,0.4354046451057028,0.7632916267375792,0.3334400337949908,0.49068344894637117,0.6348765006204721,0.7092861563104949,0.29218760489459156
0.5599290843360621,0.35680299285334505,0.8165557918398615,0.40840748292129303,0.7969798035010405,0.40366077557708785,0.7269937822043528,0.18616606040487235,0.5753906578768032,0.16113569214380027,0.7624924075518806,0.4354046451057028,1.0,0.36789217136395325,0.885893881794424,0.24823715839737948,0.6734851326155474,0.49853615855729744,0.5096447772821263
0.16851132530889382,0.43526517017023997,0.3445147070896943,0.7306018505150184,0.4951626168104028,0.9081002795049868,0.525196463275037,0.7524082355531316,0.45918359077320675,0.648527413293367,0.28826687352512914,0.7632916267375792,0.36789217136395325,1.0,0.3473244738788577,0.8736416899438914,0.3901256629424619,0.6975841467983146,0.5193338095190442
0.4557775189008122,0.24060898351654492,0.6853367537999824,0.3023622892217085,0.7066313240941322,0.3531692663314231,0.8207576022295899,0.23542677099747997,0.7540872437416953,0.2545315355529545,0.5952430315460244,0.3334400337949908,0.885893881794424,0.3473244738788577,1.0,0.29649318130070107,0.5701434849697066,0.43037234479273634,0.6039602235548668
0.040347761036927735,0.23156095417807174,0.1885904571232243,0.49163451415616616,0.3468633538067362,0.73880184990985,0.539962488908387,0.848685738447398,0.5324404184298076,0.8385945501620625,0.13266572938235363,0.49068344894637117,0.24823715839737948,0.8736416899438914,0.29649318130070107,1.0,0.1921416619492716,0.5298880305469221,0.5735923893467754
0.7177538626355745,0.6482336832916092,0.9163842674113524,0.6751901458279488,0.8548881836892541,0.5124835693707256,0.5056374616377012,0.12983515601930845,0.4016833324345483,0.044031722064177235,0.8364313527442623,0.6348765006204721,0.6734851326155474,0.3901256629424619,0.5701434849697066,0.1921416619492716,1.0,0.6167452972991317,0.52625799891673
0.29772336531305527,0.580199815561758,0.5409332882556943,0.7755280933387447,0.7293503834236829,0.8522849625885727,0.5548079639920668,0.6174598044175046,0.44283766444726347,0.48115542079395995,0.4891784471662836,0.7092861563104949,0.49853615855729744,0.6975841467983146,0.43037234479273634,0.5298880305469221,0.6167452972991317,1.0,0.5427265826437367
0.33001475282030335,0.15332113149469875,0.5426101185164526,0.29838644814834475,0.6486129957378162,0.5152150299560777,0.8142561618505543,0.6652608922342539,0.8297528182699634,0.6458635865911881,0.3969866236045876,0.29218760489459156,0.5096447772821263,0.5193338095190442,0.6039602235548668,0.5735923893467754,0.52625799891673,0.5427265826437367,1.0
