0,1,2,3,4,5,6,7,8,9,10,11,12,13,14,15,16,17,18
1.0,0.6488031706132023,0.8972703438208727,0.5090657852501502,0.49588497135255816,0.2571953036320664,0.30512505539443985,0.2860031239360503,0.12062378071048942,0.13122838387725025,0.17615242935586478,0.2343768162306551,0.1606669896057013,0.15194935765411563,0.20689152498053975,0.14519543334480867,0.7810014010291795,0.3290003420169836,0.21897926501029233
0.6488031706132023,1.0,0.6615417151151293,0.7439822788137955,0.328754171191793,0.544085379075005,0.18531429441422384,0.4970503821614115,0.031307467145447035,0.2774544453529471,0.19358496657758323,0.5945085806991632,-0.12546339064638556,0.3668012072463101,0.20666743383694722,0.3882492079296272,0.6398455923975773,0.4555046015897759,0.10946647402532048
0.8972703438208727,0.6615417151151293,1.0,0.5884809006788682,0.6104141230417102,0.5276661202096742,0.423171742834759,0.45310425304013097,0.11992741998566588,0.2557844485003408,0.3593819089111269,0.42256736483747626,-0.06409125030419163,0.37844385546768944,0.3152040105549587,0.37398559482481775,0.8499565253972765,0.4785512098994951,0.28943100016092377
0.5090657852501502,0.7439822788137955,0.5884809006788682,1.0,0.3091959284192263,0.586472143585347,0.21773789201461471,0.48674695381918426,0.0005331499962953856,0.2428699229003212,0.07646154113521293,0.617537114307687,-0.13975706492555548,0.3867911635589276,0.09238445321326408,0.4072556503004405,0.63992793721119,0.4622425389992832,0.14846818171370535
0.49588497135255816,0.328754171191793,0.6104141230417102,0.3091959284192263,1.0,0.3576241755668819,0.7910175136188728,0.48602656271036837,0.311906855389422,0.34783412971246624,0.15094061282658516,0.13227517891057894,0.20714443482117628,0.0840055373902833,0.4799406705697167,0.2057269809528352,0.5821485748901406,0.716579617234377,0.6151037850973377
0.2571953036320664,0.544085379075005,0.5276661202096742,0.586472143585347,0.3576241755668819,1.0,0.3189217750971033,0.7583623650710277,-0.04962324334967531,0.4957213858602974,0.5079147684854824,0.7602457120018927,-0.621139951630371,0.8074704118326606,0.23967785303942846,0.8072849326061459,0.3880546312809969,0.5290804999265317,0.20019196270972264
0.30512505539443985,0.18531429441422384,0.423171742834759,0.21773789201461471,0.7910175136188728,0.3189217750971033,1.0,0.4327150765354136,0.5428619407871533,0.3582210829496321,0.17682031271278226,0.19632385783910097,0.032472838680141655,0.16362815852981163,0.524507352310466,0.2605097387773345,0.36828621110696647,0.5467975254124704,0.8071759638697927
0.2860031239360503,0.4970503821614115,0.45310425304013097,0.48674695381918426,0.48602656271036837,0.7583623650710277,0.4327150765354136,1.0,0.12919044560771403,0.7520224910009773,0.24847277624326664,0.4334257041811903,-0.18150556896274705,0.42217288363889177,0.32013928011743453,0.6834212414607267,0.40536693938509694,0.6513653414871903,0.404094676115731
0.12062378071048942,0.031307467145447035,0.11992741998566588,0.0005331499962953856,0.311906855389422,-0.04962324334967531,0.5428619407871533,0.12919044560771403,1.0,0.3125805492935535,0.0005246201051113148,-0.04076374668262091,0.10809002574880716,-0.11274532389003988,0.4007580549812837,0.04039393837121873,0.17847344309544136,0.15995771459457137,0.624695813119656
0.13122838387725025,0.2774544453529471,0.2557844485003408,0.2428699229003212,0.34783412971246624,0.4957213858602974,0.3582210829496321,0.7520224910009773,0.3125805492935535,1.0,0.14151604408879048,0.29496178236916293,-0.1474025800728768,0.2886726291586962,0.35513082478661606,0.62812024507928,0.21959802236586248,0.40391763032497885,0.42991898722554533
0.17615242935586478,0.19358496657758323,0.3593819089111269,0.07646154113521293,0.15094061282658516,0.5079147684854824,0.17682031271278226,0.24847277624326664,0.0005246201051113148,0.14151604408879048,1.0,0.338249711387763,-0.6536851088225674,0.5062044000461513,0.2855516113561897,0.3810905359446693,0.1916862338275254,0.09425789197417327,0.044840254166154836
0.2343768162306551,0.5945085806991632,0.42256736483747626,0.617537114307687,0.13227517891057894,0.7602457120018927,0.19632385783910097,0.4334257041811903,-0.04076374668262091,0.29496178236916293,0.338249711387763,1.0,-0.720039355654933,0.7316731156067988,0.11355303112561553,0.6797655993123096,0.26890198694680356,0.23999158360675174,0.07010766322169197
0.1606669896057013,-0.12546339064638556,-0.06409125030419163,-0.13975706492555548,0.20714443482117628,-0.621139951630371,0.032472838680141655,-0.18150556896274705,0.10809002574880716,-0.1474025800728768,-0.6536851088225674,-0.720039355654933,1.0,-0.810485186348195,0.0536441641090066,-0.5761568120197569,0.11739430580126962,0.05289189067162392,0.06096817582230433
0.15194935765411563,0.3668012072463101,0.37844385546768944,0.3867911635589276,0.0840055373902833,0.8074704118326606,0.16362815852981163,0.42217288363889177,-0.11274532389003988,0.2886726291586962,0.5062044000461513,0.7316731156067988,-0.810485186348195,1.0,0.11213942213714471,0.7270870732437206,0.17314365305722493,0.19031155340624303,0.040112091241559185
0.20689152498053975,0.20666743383694722,0.3152040105549587,0.09238445321326408,0.4799406705697167,0.23967785303942846,0.524507352310466,0.32013928011743453,0.4007580549812837,0.35513082478661606,0.2855516113561897,0.11355303112561553,0.0536441641090066,0.11213942213714471,1.0,0.26785005303684545,0.23909140699576467,0.25771357019469127,0.3519177538406695
0.14519543334480867,0.3882492079296272,0.37398559482481775,0.4072556503004405,0.2057269809528352,0.8072849326061459,0.2605097387773345,0.6834212414607267,0.04039393837121873,0.62812024507928,0.3810905359446693,0.6797655993123096,-0.5761568120197569,0.7270870732437206,0.26785005303684545,1.0,0.22999883893112152,0.2912389165713176,0.18379675437968448
0.7810014010291795,0.6398455923975773,0.8499565253972765,0.63992793721119,0.5821485748901406,0.3880546312809969,0.36828621110696647,0.40536693938509694,0.17847344309544136,0.21959802236586248,0.1916862338275254,0.26890198694680356,0.11739430580126962,0.17314365305722493,0.23909140699576467,0.22999883893112152,1.0,0.5286853354871243,0.34273628436275183
0.3290003420169836,0.4555046015897759,0.4785512098994951,0.4622425389992832,0.716579617234377,0.5290804999265317,0.5467975254124704,0.6513653414871903,0.15995771459457137,0.40391763032497885,0.09425789197417327,0.23999158360675174,0.05289189067162392,0.19031155340624303,0.25771357019469127,0.2912389165713176,0.5286853354871243,1.0,0.5251140003803758
0.21897926501029233,0.10946647402532048,0.28943100016092377,0.14846818171370535,0.6151037850973377,0.20019196270972264,0.8071759638697927,0.404094676115731,0.624695813119656,0.42991898722554533,0.044840254166154836,0.07010766322169197,0.06096817582230433,0.040112091241559185,0.3519177538406695,0.18379675437968448,0.34273628436275183,0.5251140003803758,1.0
