0,1,2,3,4,5,6,7,8,9,10,11,12,13,14,15,16,17,18
1.0,0.6323729118981822,0.9124413963104772,0.47532731452703303,0.47267821422429984,0.23590030747379948,0.25349194259579894,0.1757114714282705,0.04837919238193062,-0.010219063357273463,0.11842819541520093,0.14962401370522835,0.301507788239028,-0.020654922750993246,0.16211973088059947,0.06946569815811346,0.7886023622122526,0.34606702421508445,0.13976114625972172
0.6323729118981822,1.0,0.6686875218942508,0.8046916147988532,0.3447691816854001,0.6122249196943788,0.19398167185530188,0.33943710998446314,0.0038892802817582775,0.09849242828635575,0.34948777874737824,0.6530390072117207,-0.2172145373969842,0.4827869977314137,0.2539435761808174,0.393343522119505,0.6149625166511153,0.3841594495763777,0.09398179272880242
0.9124413963104772,0.6686875218942508,1.0,0.6130630322860869,0.570314946651299,0.4430763021256097,0.30308719177280224,0.27620816837370193,0.05714161675921141,0.03793614130361525,0.3023410919999182,0.331974264250915,0.10232016042778587,0.18447564726226903,0.251767760061171,0.18932530807373968,0.8921782689119602,0.44993245131491044,0.18837321357765274
0.47532731452703303,0.8046916147988532,0.6130630322860869,1.0,0.33340851531604765,0.7274024881547754,0.17456968564265563,0.3960659330373273,0.022141908102157586,0.11614413851857437,0.3845136523107915,0.6418960778761446,-0.2971680043470107,0.5670240888485781,0.19885217141372882,0.418544382246225,0.6389717981016221,0.47560406243902786,0.1601669707466954
0.47267821422429984,0.3447691816854001,0.570314946651299,0.33340851531604765,1.0,0.44945738173940464,0.8559642817354316,0.5544758577999696,0.40845143794487804,0.35353668579456987,0.04694393683745672,0.10755948757939113,0.29779605111582863,0.03813384707094838,0.5662978894823212,0.22961142592279535,0.5623144877319646,0.7767715772733621,0.6700129109031987
0.23590030747379948,0.6122249196943788,0.4430763021256097,0.7274024881547754,0.44945738173940464,1.0,0.35943396617727974,0.7227134552363007,0.1355782246497976,0.38957601718195595,0.40977790689200033,0.6946891800209171,-0.4276208060359549,0.6990252373215907,0.40114055979979046,0.6492285331616452,0.4327707891315948,0.5903700807110391,0.3457511090863561
0.25349194259579894,0.19398167185530188,0.30308719177280224,0.17456968564265563,0.8559642817354316,0.35943396617727974,1.0,0.5257031259637002,0.6376985638898781,0.39873746238187935,-0.04075926500914765,0.08526422177133196,0.2400173292187427,0.038836706264219464,0.6716209180068939,0.2360755766175315,0.2818215481572044,0.6707863882079498,0.8111036792643639
0.1757114714282705,0.33943710998446314,0.27620816837370193,0.3960659330373273,0.5544758577999696,0.7227134552363007,0.5257031259637002,1.0,0.2775642410398626,0.7822333753831449,0.03086147434939812,0.23958569016232284,0.03848295985520617,0.23008730939699867,0.38406962423193414,0.5791014354401713,0.30853304752088323,0.7169340330643768,0.5804084099734982
0.04837919238193062,0.0038892802817582775,0.05714161675921141,0.022141908102157586,0.40845143794487804,0.1355782246497976,0.6376985638898781,0.2775642410398626,1.0,0.3061275244873279,-0.1553730498875814,-0.015686292946775093,0.1601385000156985,-0.05832004188382549,0.5194976414228079,0.11225026252199446,0.06145316930177966,0.3354674414383194,0.6420045664988857
-0.010219063357273463,0.09849242828635575,0.03793614130361525,0.11614413851857437,0.35353668579456987,0.38957601718195595,0.39873746238187935,0.7822333753831449,0.3061275244873279,1.0,-0.08294636100125914,0.10979060746537904,0.03262423354890185,0.09163266940885882,0.2767171774827525,0.5572710323922953,0.05615165285175503,0.4392428168245986,0.5471721022663343
0.11842819541520093,0.34948777874737824,0.3023410919999182,0.3845136523107915,0.04694393683745672,0.40977790689200033,-0.04075926500914765,0.03086147434939812,-0.1553730498875814,-0.08294636100125914,1.0,0.49320746807991517,-0.6851245051530891,0.610479186612872,0.12593013319499363,0.24667688782013053,0.1948973251085181,0.025202875069392176,-0.11576655774416517
0.14962401370522835,0.6530390072117207,0.331974264250915,0.6418960778761446,0.10755948757939113,0.6946891800209171,0.08526422177133196,0.23958569016232284,-0.015686292946775093,0.10979060746537904,0.49320746807991517,1.0,-0.7710253373188509,0.8195361913409243,0.2851559808122496,0.5389405534030792,0.2610953377876526,0.11912792712965525,0.05952562794123654
0.301507788239028,-0.2172145373969842,0.10232016042778587,-0.2971680043470107,0.29779605111582863,-0.4276208060359549,0.2400173292187427,0.03848295985520617,0.1601385000156985,0.03262423354890185,-0.6851245051530891,-0.7710253373188509,1.0,-0.8374956990013248,0.009542080279389444,-0.3800055182338765,0.1574651336115592,0.20904624480966041,0.1479148770666219
-0.020654922750993246,0.4827869977314137,0.18447564726226903,0.5670240888485781,0.03813384707094838,0.6990252373215907,0.038836706264219464,0.23008730939699867,-0.05832004188382549,0.09163266940885882,0.610479186612872,0.8195361913409243,-0.8374956990013248,1.0,0.23381250032402048,0.5664554065650439,0.10877947077266571,0.08015559393989952,0.014100850781232726
0.16211973088059947,0.2539435761808174,0.251767760061171,0.19885217141372882,0.5662978894823212,0.40114055979979046,0.6716209180068939,0.38406962423193414,0.5194976414228079,0.2767171774827525,0.12593013319499363,0.2851559808122496,0.009542080279389444,0.23381250032402048,1.0,0.30843525123218807,0.14608317754045208,0.36373519297250995,0.4157316357394647
0.06946569815811346,0.393343522119505,0.18932530807373968,0.418544382246225,0.22961142592279535,0.6492285331616452,0.2360755766175315,0.5791014354401713,0.11225026252199446,0.5572710323922953,0.24667688782013053,0.5389405534030792,-0.3800055182338765,0.5664554065650439,0.30843525123218807,1.0,0.158296501395854,0.2876303298185597,0.2696831351040958
0.7886023622122526,0.6149625166511153,0.8921782689119602,0.6389717981016221,0.5623144877319646,0.4327707891315948,0.2818215481572044,0.30853304752088323,0.06145316930177966,0.05615165285175503,0.1948973251085181,0.2610953377876526,0.1574651336115592,0.10877947077266571,0.14608317754045208,0.158296501395854,1.0,0.5233679055005142,0.24369410404653014
0.34606702421508445,0.3841594495763777,0.44993245131491044,0.47560406243902786,0.7767715772733621,0.5903700807110391,0.6707863882079498,0.7169340330643768,0.3354674414383194,0.4392428168245986,0.025202875069392176,0.11912792712965525,0.20904624480966041,0.08015559393989952,0.36373519297250995,0.2876303298185597,0.5233679055005142,1.0,0.6510383800541174
0.13976114625972172,0.09398179272880242,0.18837321357765274,0.1601669707466954,0.6700129109031987,0.3457511090863561,0.8111036792643639,0.5804084099734982,0.6420045664988857,0.5471721022663343,-0.11576655774416517,0.05952562794123654,0.1479148770666219,0.014100850781232726,0.4157316357394647,0.2696831351040958,0.24369410404653014,0.6510383800541174,1.0
