0,1,2,3,4,5,6,7,8,9,10,11,12,13,14,15,16,17,18
1.0,0.6068037486962543,0.9094731552852046,0.4273373472190534,0.529822311999697,0.36115096162516525,0.24333684376874146,0.2739955692773256,0.00523529718844428,0.1424758852125664,0.26628333756717953,0.44565580010900513,0.2646754784688885,0.2624888050575676,0.15508180214126197,0.14822618108483565,0.7978646240456364,0.42325874764675064,0.16114934575899748
0.6068037486962543,1.0,0.5528468343320067,0.5479640177703058,0.21787374211730198,0.4403116055311772,0.047293950890106705,0.3520128482538309,-0.011805186346479955,0.2609850802773491,0.2949299401407736,0.6767378832516632,0.006335924352964571,0.4077064219934381,0.2969639249789663,0.26623258124035043,0.5183646180433533,0.3595482986011276,0.04064999254274027
0.9094731552852046,0.5528468343320067,1.0,0.40649160532323453,0.647516819780939,0.4488953199115747,0.38948053595279863,0.304897823341095,0.1356772076674926,0.1799317318254252,0.3883726651174411,0.40107813365965206,0.23483526113228265,0.29199442361824496,0.29446844282905177,0.1843261898336304,0.8868370038213148,0.46878082415081024,0.3113861249461606
0.4273373472190534,0.5479640177703058,0.40649160532323453,1.0,0.26438561270652516,0.5648883601094122,0.17959170816974526,0.4771908633785796,0.03461797541960165,0.28479056489881355,0.2813874620263914,0.5718140803463555,-0.05517719847166556,0.46579274776688034,0.06361280137565929,0.36916487003946585,0.4777319226482434,0.3771923205048316,0.16731919803851894
0.529822311999697,0.21787374211730198,0.647516819780939,0.26438561270652516,1.0,0.49703079645180304,0.8244694954927485,0.43843615687120824,0.3655967661438843,0.314107874140496,0.24577718894066727,0.18885562393022975,0.355303635095795,0.19332975182207782,0.3566119855440057,0.2884145755275345,0.6193503406315243,0.674815398570462,0.6633583276913403
0.36115096162516525,0.4403116055311772,0.4488953199115747,0.5648883601094122,0.49703079645180304,1.0,0.3363661908235817,0.8221758023524371,0.10354041151481098,0.5831902064887373,0.39864842198825207,0.3238526997185396,-0.03995218509468012,0.6951404415004547,0.3262689105142633,0.6818512776570028,0.49122852292668434,0.6582943735806916,0.3779778336302708
0.24333684376874146,0.047293950890106705,0.38948053595279863,0.17959170816974526,0.8244694954927485,0.3363661908235817,1.0,0.37521179951463296,0.5736239018452284,0.33413443945698573,0.21432388168780125,0.11379200220949427,0.2592539495509036,0.08927141969443282,0.4048573272201226,0.26505099928570836,0.3308652080061096,0.5130486911048263,0.793962611872447
0.2739955692773256,0.3520128482538309,0.304897823341095,0.4771908633785796,0.43843615687120824,0.8221758023524371,0.37521179951463296,1.0,0.18756924380973586,0.7530814098713328,0.1833726843662517,0.31546645341707064,0.07519846067066958,0.4699638620090103,0.2338827513271175,0.723587243587705,0.3556680813596761,0.6495496941607608,0.4175568948160859
0.00523529718844428,-0.011805186346479955,0.1356772076674926,0.03461797541960165,0.3655967661438843,0.10354041151481098,0.5736239018452284,0.18756924380973586,1.0,0.3825949227452755,0.06863035048192587,0.08777569055185167,0.029279775117685564,-0.031900813585255795,0.42603950696151516,0.17388923340943616,0.14351239533773089,0.23281264439589044,0.666250209291813
0.1424758852125664,0.2609850802773491,0.1799317318254252,0.28479056489881355,0.314107874140496,0.5831902064887373,0.33413443945698573,0.7530814098713328,0.3825949227452755,1.0,0.09366697748142437,0.20096201434883526,0.06275012827934379,0.3058437216794507,0.3245486606187258,0.7099245516999858,0.22172232206525705,0.5073158801024666,0.49075319106630455
0.26628333756717953,0.2949299401407736,0.3883726651174411,0.2813874620263914,0.24577718894066727,0.39864842198825207,0.21432388168780125,0.1833726843662517,0.06863035048192587,0.09366697748142437,1.0,0.23433825982861925,-0.5784784846617318,0.45236592589773833,0.3537151890504576,0.2375631740483331,0.2842618317322258,0.12698759513963992,0.1709163338677476
0.44565580010900513,0.6767378832516632,0.40107813365965206,0.5718140803463555,0.18885562393022975,0.3238526997185396,0.11379200220949427,0.31546645341707064,0.08777569055185167,0.20096201434883526,0.23433825982861925,1.0,-0.30052569031031795,0.3577606532461481,0.26699701000602755,0.25311781351351453,0.39750898759984243,0.20626444360885476,0.0656995141052963
0.2646754784688885,0.006335924352964571,0.23483526113228265,-0.05517719847166556,0.355303635095795,-0.03995218509468012,0.2592539495509036,0.07519846067066958,0.029279775117685564,0.06275012827934379,-0.5784784846617318,-0.30052569031031795,1.0,-0.38825765803475737,0.05586136770949694,-0.08371076343345485,0.22769367346815372,0.21541328896613451,0.09051999612283268
0.2624888050575676,0.4077064219934381,0.29199442361824496,0.46579274776688034,0.19332975182207782,0.6951404415004547,0.08927141969443282,0.4699638620090103,-0.031900813585255795,0.3058437216794507,0.45236592589773833,0.3577606532461481,-0.38825765803475737,1.0,0.29721007821020057,0.5975132357233928,0.30063456745888917,0.2769241485431483,0.12222339613667435
0.15508180214126197,0.2969639249789663,0.29446844282905177,0.06361280137565929,0.3566119855440057,0.3262689105142633,0.4048573272201226,0.2338827513271175,0.42603950696151516,0.3245486606187258,0.3537151890504576,0.26699701000602755,0.05586136770949694,0.29721007821020057,1.0,0.31749770240653663,0.2255925310723404,0.1589383708818188,0.35888568854733227
0.14822618108483565,0.26623258124035043,0.1843261898336304,0.36916487003946585,0.2884145755275345,0.6818512776570028,0.26505099928570836,0.723587243587705,0.17388923340943616,0.7099245516999858,0.2375631740483331,0.25311781351351453,-0.08371076343345485,0.5975132357233928,0.31749770240653663,1.0,0.1906522530424718,0.3937506829900589,0.3039954452633176
0.7978646240456364,0.5183646180433533,0.8868370038213148,0.4777319226482434,0.6193503406315243,0.49122852292668434,0.3308652080061096,0.3556680813596761,0.14351239533773089,0.22172232206525705,0.2842618317322258,0.39750898759984243,0.22769367346815372,0.30063456745888917,0.2255925310723404,0.1906522530424718,1.0,0.5128272653571809,0.34473592010548065
0.42325874764675064,0.3595482986011276,0.46878082415081024,0.3771923205048316,0.674815398570462,0.6582943735806916,0.5130486911048263,0.6495496941607608,0.23281264439589044,0.5073158801024666,0.12698759513963992,0.20626444360885476,0.21541328896613451,0.2769241485431483,0.1589383708818188,0.3937506829900589,0.5128272653571809,1.0,0.5721547881740169
0.16114934575899748,0.04064999254274027,0.3113861249461606,0.16731919803851894,0.6633583276913403,0.3779778336302708,0.793962611872447,0.4175568948160859,0.666250209291813,0.49075319106630455,0.1709163338677476,0.0656995141052963,0.09051999612283268,0.12222339613667435,0.35888568854733227,0.3039954452633176,0.34473592010548065,0.5721547881740169,1.0
