0,1,2,3,4,5,6,7,8,9,10,11,12,13,14,15,16,17,18
1.0,0.687662149749849,0.9043429817746028,0.5280989058223293,0.5296179436967157,0.4711717631753581,0.32272601653022637,0.29425540712294146,0.08618860039814927,0.11514659840331884,0.524584054615289,0.5331710379103188,0.5431732028993971,0.42801214139879135,0.24042643856482465,0.18318512944227705,0.7287107743179451,0.392389623630926,0.195058754960221
0.687662149749849,1.0,0.5977338172930794,0.7853138290379281,0.32065850315256217,0.5202834175268576,0.18862942328387408,0.34496761177910296,-0.022285389386437066,0.13868425338084217,0.25618387828680617,0.8341237972479041,0.34249459152327133,0.563532516182498,0.20610392938824257,0.2627387170695908,0.5824959604850215,0.4041627669400542,0.057956279850725156
0.9043429817746028,0.5977338172930794,1.0,0.569052757001252,0.6404900396218943,0.5609197761533837,0.41775596440233803,0.3868025880422967,0.1393143557388372,0.1702127189265239,0.6190638831927938,0.452611436516152,0.5872707481138327,0.43232146279601885,0.3012264841914139,0.19091487328501502,0.8505993706732312,0.5254699358369443,0.28106032771497763
0.5280989058223293,0.7853138290379281,0.569052757001252,1.0,0.2918396836970368,0.6094789820171634,0.14543607853110188,0.38004161775340006,-0.09922670005513398,0.10852366489267148,0.3625610361934503,0.7261156705032695,0.2611801668229366,0.5688015110173322,0.10074715957474703,0.25717138621339947,0.6015635151804692,0.43551910452030396,0.019532457694129417
0.5296179436967157,0.32065850315256217,0.6404900396218943,0.2918396836970368,1.0,0.6121529953151552,0.8539229186654336,0.5455044173644241,0.43432095425807393,0.4184579017644408,0.332656760687088,0.17789547691760296,0.7480808179585755,0.3495662131180041,0.5293151647473348,0.2859767249387887,0.6370000279261658,0.7591556883171953,0.6961658167529386
0.4711717631753581,0.5202834175268576,0.5609197761533837,0.6094789820171634,0.6121529953151552,1.0,0.5135133841690094,0.8251718245864673,0.16209082543969638,0.4953779630679705,0.341332690294217,0.3984474012635566,0.49575817391448057,0.6377010464837147,0.33720030047267185,0.5020160177965691,0.5648406779124374,0.7347243598652565,0.4071305158889955
0.32272601653022637,0.18862942328387408,0.41775596440233803,0.14543607853110188,0.8539229186654336,0.5135133841690094,1.0,0.563496908389055,0.6254822732205437,0.5161624940960324,0.2617864231648651,0.10237787740889956,0.5931765966803508,0.2940275787477126,0.6040680791091783,0.31359081568296876,0.4057932177452441,0.6600685326258915,0.8325495423653925
0.29425540712294146,0.34496761177910296,0.3868025880422967,0.38004161775340006,0.5455044173644241,0.8251718245864673,0.563496908389055,1.0,0.2427507686158224,0.7921328960271712,0.2872472061042502,0.23382678594695872,0.4298551639405355,0.4229641515162762,0.35981544329798243,0.574031581003406,0.35542078064820243,0.6987387548527494,0.537291242370307
0.08618860039814927,-0.022285389386437066,0.1393143557388372,-0.09922670005513398,0.43432095425807393,0.16209082543969638,0.6254822732205437,0.2427507686158224,1.0,0.35417009761966617,0.07451485759457058,-0.12970862581110187,0.2933513277158569,0.029017733795365742,0.523772131282509,0.23465161859871567,0.11995140904434903,0.2849105769050582,0.6364743983432882
0.11514659840331884,0.13868425338084217,0.1702127189265239,0.10852366489267148,0.4184579017644408,0.4953779630679705,0.5161624940960324,0.7921328960271712,0.35417009761966617,1.0,0.18263145431447622,0.05112060199026274,0.30865525765078344,0.22177746499630407,0.43437100414526275,0.6137452191664486,0.11151044042624685,0.4934440860338894,0.5394427360511017
0.524584054615289,0.25618387828680617,0.6190638831927938,0.3625610361934503,0.332656760687088,0.341332690294217,0.2617864231648651,0.2872472061042502,0.07451485759457058,0.18263145431447622,1.0,0.1732268137998225,0.13377010428297137,0.2902192667404325,0.2876794084136206,0.12936893143166575,0.43221791844270296,0.30164523441805696,0.08145645674119734
0.5331710379103188,0.8341237972479041,0.452611436516152,0.7261156705032695,0.17789547691760296,0.3984474012635566,0.10237787740889956,0.23382678594695872,-0.12970862581110187,0.05112060199026274,0.1732268137998225,1.0,0.011909295227971774,0.5723698796441256,0.12110393264381893,0.21157229659097043,0.4629812739568848,0.19268522592171616,-0.045619950963328354
0.5431732028993971,0.34249459152327133,0.5872707481138327,0.2611801668229366,0.7480808179585755,0.49575817391448057,0.5931765966803508,0.4298551639405355,0.2933513277158569,0.30865525765078344,0.13377010428297137,0.011909295227971774,1.0,0.09130403908512758,0.516745753225503,0.24187411020776134,0.4847344526949231,0.5847511604612631,0.3974137173573766
0.42801214139879135,0.563532516182498,0.43232146279601885,0.5688015110173322,0.3495662131180041,0.6377010464837147,0.2940275787477126,0.4229641515162762,0.029017733795365742,0.22177746499630407,0.2902192667404325,0.5723698796441256,0.09130403908512758,1.0,0.2849405117657097,0.5072607232169182,0.4834475447403768,0.31988419626877207,0.1375604224491363
0.24042643856482465,0.20610392938824257,0.3012264841914139,0.10074715957474703,0.5293151647473348,0.33720030047267185,0.6040680791091783,0.35981544329798243,0.523772131282509,0.43437100414526275,0.2876794084136206,0.12110393264381893,0.516745753225503,0.2849405117657097,1.0,0.41254756503219014,0.1711803445027796,0.3889048350345226,0.4096971150052199
0.18318512944227705,0.2627387170695908,0.19091487328501502,0.25717138621339947,0.2859767249387887,0.5020160177965691,0.31359081568296876,0.574031581003406,0.23465161859871567,0.6137452191664486,0.12936893143166575,0.21157229659097043,0.24187411020776134,0.5072607232169182,0.41254756503219014,1.0,0.14861774955645943,0.3220777181499911,0.2581969383436864
0.7287107743179451,0.5824959604850215,0.8505993706732312,0.6015635151804692,0.6370000279261658,0.5648406779124374,0.4057932177452441,0.35542078064820243,0.11995140904434903,0.11151044042624685,0.43221791844270296,0.4629812739568848,0.4847344526949231,0.4834475447403768,0.1711803445027796,0.14861774955645943,1.0,0.5554493533931903,0.3366075803376487
0.392389623630926,0.4041627669400542,0.5254699358369443,0.43551910452030396,0.7591556883171953,0.7347243598652565,0.6600685326258915,0.6987387548527494,0.2849105769050582,0.4934440860338894,0.30164523441805696,0.19268522592171616,0.5847511604612631,0.31988419626877207,0.3889048350345226,0.3220777181499911,0.5554493533931903,1.0,0.6046229692057088
0.195058754960221,0.057956279850725156,0.28106032771497763,0.019532457694129417,0.6961658167529386,0.4071305158889955,0.8325495423653925,0.537291242370307,0.6364743983432882,0.5394427360511017,0.08145645674119734,-0.045619950963328354,0.3974137173573766,0.1375604224491363,0.4096971150052199,0.2581969383436864,0.3366075803376487,0.6046229692057088,1.0
