0,1,2,3,4,5,6,7,8,9,10,11,12,13,14,15,16,17,18
1.0,0.6252311544350925,0.9310027287888325,0.5618421903463421,0.648530596190165,0.4670131676257383,0.49702462744988635,0.40030623076144234,0.20191932658688236,0.25724802844888206,0.19234535387560056,0.33122474941434915,0.4336607610986399,0.1478471142247284,0.3359805602796269,0.22589790477850977,0.8514237092549398,0.5055783884035965,0.40130974011480486
0.6252311544350925,1.0,0.5074669594769963,0.7849439201692022,0.3761901435671364,0.589830029796547,0.28840442286427015,0.5123634192653116,0.16505014567199425,0.35622905086596685,0.12250812605022818,0.6894209778238155,0.11605085039548796,0.2603818504717169,0.17816787134889317,0.30649119551484877,0.5679141482265972,0.5241664389129842,0.20521679402217807
0.9310027287888325,0.5074669594769963,1.0,0.532411882958219,0.7150498923321729,0.49333941343950205,0.5393916515941853,0.3841064121043668,0.2043120727142214,0.21561848671468917,0.16327444422467746,0.26914097683074495,0.45959987503863736,0.1771723857167702,0.35334279611005764,0.20321301697239305,0.9071044816118664,0.524357994545485,0.4488527130819508
0.5618421903463421,0.7849439201692022,0.532411882958219,1.0,0.4062661068585509,0.7491891236855016,0.32381868773069533,0.5305067566329155,0.1137084197253918,0.3693488871782543,0.4455261976933081,0.5958544478617033,-0.1598646748998891,0.574486944346868,0.3066007918756886,0.4305167795941972,0.5856661513269051,0.5141752980511485,0.24852563702033645
0.648530596190165,0.3761901435671364,0.7150498923321729,0.4062661068585509,1.0,0.549306758519817,0.8882224899401188,0.5594805554552096,0.44178585669700016,0.4176666546988243,0.08315456903793013,0.1834138142143877,0.5036626398340737,0.19924653470587358,0.5281787672948012,0.33352584808216673,0.6957684124122954,0.745898738476183,0.7382277657139861
0.4670131676257383,0.589830029796547,0.49333941343950205,0.7491891236855016,0.549306758519817,1.0,0.49131980631676214,0.8312542178567848,0.2223831310829112,0.5857895084208142,0.2831619370631783,0.40681805288168843,0.008277127184093694,0.5890343542498995,0.353771077844503,0.6102590490221145,0.5172817939532918,0.6587424119823446,0.42777498538205727
0.49702462744988635,0.28840442286427015,0.5393916515941853,0.32381868773069533,0.8882224899401188,0.49131980631676214,1.0,0.5636179882293965,0.6181919639385529,0.5087904284622026,0.13119381790765977,0.08959757951958763,0.40916488435415743,0.25382123872457923,0.6349820692096089,0.3951679207829643,0.5164517696903305,0.6421442904022812,0.8197751251348483
0.40030623076144234,0.5123634192653116,0.3841064121043668,0.5305067566329155,0.5594805554552096,0.8312542178567848,0.5636179882293965,1.0,0.3666279702523237,0.8181769892440348,0.04152136318004377,0.3435608826774113,0.24048039899662102,0.27509101566119387,0.33123408477287125,0.5999843092457462,0.416852851733967,0.7026098107469672,0.5482227257989516
0.20191932658688236,0.16505014567199425,0.2043120727142214,0.1137084197253918,0.44178585669700016,0.2223831310829112,0.6181919639385529,0.3666279702523237,1.0,0.47506550636920947,-0.02765242098745065,0.009470830232551703,0.27245206575027126,0.02715255613283597,0.5125389941197743,0.270158014808611,0.22491526046952892,0.31702530357568665,0.6315997131705446
0.25724802844888206,0.35622905086596685,0.21561848671468917,0.3693488871782543,0.4176666546988243,0.5857895084208142,0.5087904284622026,0.8181769892440348,0.47506550636920947,1.0,0.10692119295319866,0.1436526403105106,0.14970462794010295,0.26960857798202925,0.43527553208456954,0.6351544574506335,0.22500460095206468,0.4959232044924819,0.5377385565136715
0.19234535387560056,0.12250812605022818,0.16327444422467746,0.4455261976933081,0.08315456903793013,0.2831619370631783,0.13119381790765977,0.04152136318004377,-0.02765242098745065,0.10692119295319866,1.0,-0.17868525166786897,-0.5778602115344653,0.6735971398636394,0.3794159960758179,0.22806991754364686,0.12751678128973343,0.07433701973427494,0.04431733187378973
0.33122474941434915,0.6894209778238155,0.26914097683074495,0.5958544478617033,0.1834138142143877,0.40681805288168843,0.08959757951958763,0.3435608826774113,0.009470830232551703,0.1436526403105106,-0.17868525166786897,1.0,-0.07127309042306841,0.1392907498669168,0.028939765548730213,0.21375575645528552,0.3528058858866893,0.3008524764143321,0.023489169328913602
0.4336607610986399,0.11605085039548796,0.45959987503863736,-0.1598646748998891,0.5036626398340737,0.008277127184093694,0.40916488435415743,0.24048039899662102,0.27245206575027126,0.14970462794010295,-0.5778602115344653,-0.07127309042306841,1.0,-0.5902784206268812,0.11955482957331648,-0.08004438042996394,0.3967665006477655,0.2988394922140173,0.3151149845806269
0.1478471142247284,0.2603818504717169,0.1771723857167702,0.574486944346868,0.19924653470587358,0.5890343542498995,0.25382123872457923,0.27509101566119387,0.02715255613283597,0.26960857798202925,0.6735971398636394,0.1392907498669168,-0.5902784206268812,1.0,0.37602046742843115,0.5364328444278571,0.16773387168050063,0.18014252512192885,0.16242905760932705
0.3359805602796269,0.17816787134889317,0.35334279611005764,0.3066007918756886,0.5281787672948012,0.353771077844503,0.6349820692096089,0.33123408477287125,0.5125389941197743,0.43527553208456954,0.3794159960758179,0.028939765548730213,0.11955482957331648,0.37602046742843115,1.0,0.35932944255272625,0.3000721920327454,0.3217808117869009,0.47804175222775364
0.22589790477850977,0.30649119551484877,0.20321301697239305,0.4305167795941972,0.33352584808216673,0.6102590490221145,0.3951679207829643,0.5999843092457462,0.270158014808611,0.6351544574506335,0.22806991754364686,0.21375575645528552,-0.08004438042996394,0.5364328444278571,0.35932944255272625,1.0,0.1992319137881722,0.28348963125019716,0.32834220670024683
0.8514237092549398,0.5679141482265972,0.9071044816118664,0.5856661513269051,0.6957684124122954,0.5172817939532918,0.5164517696903305,0.416852851733967,0.22491526046952892,0.22500460095206468,0.12751678128973343,0.3528058858866893,0.3967665006477655,0.16773387168050063,0.3000721920327454,0.1992319137881722,1.0,0.5766015670097842,0.503605734858585
0.5055783884035965,0.5241664389129842,0.524357994545485,0.5141752980511485,0.745898738476183,0.6587424119823446,0.6421442904022812,0.7026098107469672,0.31702530357568665,0.4959232044924819,0.07433701973427494,0.3008524764143321,0.2988394922140173,0.18014252512192885,0.3217808117869009,0.28348963125019716,0.5766015670097842,1.0,0.6396842331895336
0.40130974011480486,0.20521679402217807,0.4488527130819508,0.24852563702033645,0.7382277657139861,0.42777498538205727,0.8197751251348483,0.5482227257989516,0.6315997131705446,0.5377385565136715,0.04431733187378973,0.023489169328913602,0.3151149845806269,0.16242905760932705,0.47804175222775364,0.32834220670024683,0.503605734858585,0.6396842331895336,1.0
