0,1,2,3,4,5,6,7,8,9,10,11,12,13,14,15,16,17,18
1.0,0.7391632192565392,0.8182349858280585,0.6960529219725966,0.6426929025293171,0.37137464723985114,0.08155249832010238,-0.0823612915719099,-0.12032825213234025,-0.13484496903839174,0.8707090710185715,0.4203836903260887,0.7801529296247262,0.2247105818675039,0.25009573475120556,0.0028343676914526043,0.9220481655162727,0.4907519649730057,0.2658694337373676
0.7391632192565392,1.0,0.5275096083551845,0.7544608072784204,0.3735366423415225,0.5515571365895487,0.17977687532782557,0.1083733870107032,0.1403069857472437,0.04567216710045328,0.6157532441382662,0.6950850225715891,0.5054917490799337,0.46202036630608645,-0.10260060532966066,0.07913634558573002,0.7765694550699025,0.5432678702546075,0.0043296896982811
0.8182349858280585,0.5275096083551845,1.0,0.7446891494587682,0.8883011656115499,0.50992147681095,0.08407270372873778,-0.11451304136940553,-0.17009050650997454,-0.1774401819447975,0.7687797667615,0.3983772277547546,0.8561987593757154,0.30388684659947546,0.32251125361540045,0.02439581792483154,0.8015367388940142,0.6514162142662099,0.3829007121788672
0.6960529219725966,0.7544608072784204,0.7446891494587682,1.0,0.6622384516411844,0.7386932646859483,0.1983796423315543,0.06665760948038445,0.05092669551834562,-0.004110381661304866,0.6375337381634508,0.7276958303588291,0.7002160174887437,0.5742696357076726,0.04543274263122728,0.0932692748726638,0.7226061676907524,0.7095319615711819,0.1647733536145225
0.6426929025293171,0.3735366423415225,0.8883011656115499,0.6622384516411844,1.0,0.5374992661757155,0.15844222330357974,-0.037930737822891004,-0.1654649612417184,-0.10683505371789964,0.6232684069046909,0.37448139460964197,0.805342205101236,0.35342059303958806,0.3192899190608561,0.07534057854957917,0.6370108923717809,0.694417826065067,0.48037988119704755
0.37137464723985114,0.5515571365895487,0.50992147681095,0.7386932646859483,0.5374992661757155,1.0,0.4812698263851823,0.2789655035592876,0.32625423804116027,0.13008571297706809,0.45858947470826855,0.7288685212665631,0.5347186148333906,0.9106926050271631,-0.24198058028605582,0.11568737857035366,0.4764753988320956,0.7129606736781529,0.2626009214468671
0.08155249832010238,0.17977687532782557,0.08407270372873778,0.1983796423315543,0.15844222330357974,0.4812698263851823,1.0,0.36923667164761476,0.8259487488357585,0.23643987899440094,0.22913856142888542,0.29097953180034397,0.14572453013262496,0.5728114797358292,-0.5360446187873076,0.2718568433434868,0.23897849530816276,0.1811418796999849,0.5750975490255681
-0.0823612915719099,0.1083733870107032,-0.11451304136940553,0.06665760948038445,-0.037930737822891004,0.2789655035592876,0.36923667164761476,1.0,0.24118676175346593,0.8852175181435444,-0.04115449332901802,0.09568539027081234,-0.06380304816843689,0.2923268653179804,-0.16420360339274326,0.5059820528714439,-0.08355179504970445,0.23002741321682343,0.3432064078738561
-0.12032825213234025,0.1403069857472437,-0.17009050650997454,0.05092669551834562,-0.1654649612417184,0.32625423804116027,0.8259487488357585,0.24118676175346593,1.0,0.15183389391092358,0.0770305261182922,0.14484053890001072,-0.11536185122134514,0.4426168011888107,-0.8689117099389534,0.17560479009816052,0.07323247122330549,0.05247072279838705,0.1434388658966123
-0.13484496903839174,0.04567216710045328,-0.1774401819447975,-0.004110381661304866,-0.10683505371789964,0.13008571297706809,0.23643987899440094,0.8852175181435444,0.15183389391092358,1.0,-0.10698331870875241,0.021116609896184788,-0.15050219435917794,0.14019045800145033,-0.12103239918547214,0.5217500200634532,-0.14913099276348113,0.11391181742014585,0.27559856103069963
0.8707090710185715,0.6157532441382662,0.7687797667615,0.6375337381634508,0.6232684069046909,0.45858947470826855,0.22913856142888542,-0.04115449332901802,0.0770305261182922,-0.10698331870875241,1.0,0.3182713339276292,0.849204466202837,0.3162187556492374,0.07375715449275967,0.05564999629902959,0.8661302397878837,0.5389901293650109,0.29505577348601847
0.4203836903260887,0.6950850225715891,0.3983772277547546,0.7276958303588291,0.37448139460964197,0.7288685212665631,0.29097953180034397,0.09568539027081234,0.14484053890001072,0.021116609896184788,0.3182713339276292,1.0,0.34929631463487154,0.7270954979929612,-0.13928939453839972,0.08135691917364327,0.5091418047359443,0.4429437640596267,0.1407480215721766
0.7801529296247262,0.5054917490799337,0.8561987593757154,0.7002160174887437,0.805342205101236,0.5347186148333906,0.14572453013262496,-0.06380304816843689,-0.11536185122134514,-0.15050219435917794,0.849204466202837,0.34929631463487154,1.0,0.33342215340609344,0.2631919795795166,0.04690644148371087,0.7782577623367075,0.6661912676430385,0.4442856058933422
0.2247105818675039,0.46202036630608645,0.30388684659947546,0.5742696357076726,0.35342059303958806,0.9106926050271631,0.5728114797358292,0.2923268653179804,0.4426168011888107,0.14019045800145033,0.3162187556492374,0.7270954979929612,0.33342215340609344,1.0,-0.3853157854244776,0.0578292898881497,0.366690251698764,0.508215462993854,0.24703030332787584
0.25009573475120556,-0.10260060532966066,0.32251125361540045,0.04543274263122728,0.3192899190608561,-0.24198058028605582,-0.5360446187873076,-0.16420360339274326,-0.8689117099389534,-0.12103239918547214,0.07375715449275967,-0.13928939453839972,0.2631919795795166,-0.3853157854244776,1.0,-0.06839352446907748,0.10419022732382124,0.00792362367309997,0.23919466509943194
0.0028343676914526043,0.07913634558573002,0.02439581792483154,0.0932692748726638,0.07534057854957917,0.11568737857035366,0.2718568433434868,0.5059820528714439,0.17560479009816052,0.5217500200634532,0.05564999629902959,0.08135691917364327,0.04690644148371087,0.0578292898881497,-0.06839352446907748,1.0,0.0005689160867665882,0.10365601918057843,0.2105112636735056
0.9220481655162727,0.7765694550699025,0.8015367388940142,0.7226061676907524,0.6370108923717809,0.4764753988320956,0.23897849530816276,-0.08355179504970445,0.07323247122330549,-0.14913099276348113,0.8661302397878837,0.5091418047359443,0.7782577623367075,0.366690251698764,0.10419022732382124,0.0005689160867665882,1.0,0.5062320690513824,0.30679373294934037
0.4907519649730057,0.5432678702546075,0.6514162142662099,0.7095319615711819,0.694417826065067,0.7129606736781529,0.1811418796999849,0.23002741321682343,0.05247072279838705,0.11391181742014585,0.5389901293650109,0.4429437640596267,0.6661912676430385,0.508215462993854,0.00792362367309997,0.10365601918057843,0.5062320690513824,1.0,0.14868795096461657
0.2658694337373676,0.0043296896982811,0.3829007121788672,0.1647733536145225,0.48037988119704755,0.2626009214468671,0.5750975490255681,0.3432064078738561,0.1434388658966123,0.27559856103069963,0.29505577348601847,0.1407480215721766,0.4442856058933422,0.24703030332787584,0.23919466509943194,0.2105112636735056,0.30679373294934037,0.14868795096461657,1.0
