0,1,2,3,4,5,6,7,8,9,10,11,12,13,14,15,16,17,18
1.0,0.620077173208983,0.8405570010581909,0.7520014739296605,0.7961774809878016,0.5529027505337368,0.5623078832408913,-0.04744514861807225,0.0008388799638583547,-0.05225315938833034,0.8227696405019812,0.5973198737131905,0.707866635177684,0.5035366195406548,0.5153378214922314,0.11361615936220135,0.9233580975866261,0.10694614243852782,0.6929994995873646
0.620077173208983,1.0,0.3927486800306029,0.7605600030859053,0.41317339529425834,0.41094728524248386,0.3694766592366358,0.030379883892707866,0.21878786360144356,0.002150211119860537,0.39258784824762,0.7432402059622276,0.43709701266478457,0.2857394804541042,0.04581371503895832,0.1434482895632065,0.5451527215333101,0.30787347293326733,0.3240008351823475
0.8405570010581909,0.3927486800306029,1.0,0.6753972700374447,0.8607607345635463,0.5133463073353621,0.5739951920221197,-0.02591908774662508,0.02835217538551314,-0.045630998109848005,0.8058028713990502,0.4490935178169697,0.7339864152727068,0.43322959351543594,0.47707029734293366,0.09633334149465334,0.8447375211772414,0.25737882454808886,0.7346758376039518
0.7520014739296605,0.7605600030859053,0.6753972700374447,1.0,0.7669977255928236,0.5844147042032539,0.6213703477507972,0.0698714227928589,0.30141439201096204,0.0470664598171514,0.6611447518452019,0.7031178916858968,0.5801545520620062,0.45949890825500744,0.19551539576602908,0.18675520504523024,0.6945168369482347,0.34743643530370333,0.544462952404928
0.7961774809878016,0.41317339529425834,0.8607607345635463,0.7669977255928236,1.0,0.5700926260606792,0.6667038508744915,-0.014045593395185343,0.03587742313454952,-0.02737628239870557,0.8034767725184196,0.4827972093807946,0.7814625714180473,0.5024455816308461,0.45223721088347907,0.07669942032621721,0.7506774006722752,0.3151291565875592,0.7636971269786553
0.5529027505337368,0.41094728524248386,0.5133463073353621,0.5844147042032539,0.5700926260606792,1.0,0.5867214048587914,0.17142745145007035,0.21826915739305744,0.09326076783840898,0.6876793044924719,0.7779293420089816,0.3708738476873628,0.9429890514611653,0.28601502917493626,0.20700517554519354,0.6544848570325679,0.10704892034026112,0.5372792431688095
0.5623078832408913,0.3694766592366358,0.5739951920221197,0.6213703477507972,0.6667038508744915,0.5867214048587914,1.0,0.2691020582474214,0.6272422208472335,0.18784939407554307,0.6569579676122422,0.518389015656545,0.46115354853985546,0.5321353964121119,-0.017275555665493422,0.25178245008189426,0.6240251240035168,0.11023208482218719,0.7973139737690788
-0.04744514861807225,0.030379883892707866,-0.02591908774662508,0.0698714227928589,-0.014045593395185343,0.17142745145007035,0.2691020582474214,1.0,0.27073329653841266,0.8798804045984353,-0.04964930522576901,0.0672204821286959,-0.1110558909875934,0.09292259943344018,-0.13321826633821038,0.5903805346932359,0.01810212096420148,0.1784434701912504,0.27268984410470315
0.0008388799638583547,0.21878786360144356,0.02835217538551314,0.30141439201096204,0.03587742313454952,0.21826915739305744,0.6272422208472335,0.27073329653841266,1.0,0.18936212673208408,0.06468379547828157,0.23948954230121255,-0.16786145123201407,0.17054552714529997,-0.647518239970887,0.24517925004888277,0.11987725130071958,0.04618030752084377,0.22119918082276832
-0.05225315938833034,0.002150211119860537,-0.045630998109848005,0.0470664598171514,-0.02737628239870557,0.09326076783840898,0.18784939407554307,0.8798804045984353,0.18936212673208408,1.0,-0.04816518458562737,0.009893973904955528,-0.13793742963322175,0.04163703681840558,-0.09649688708484344,0.6133803339331263,0.008858319228281737,0.06641428391065274,0.22795525906521863
0.8227696405019812,0.39258784824762,0.8058028713990502,0.6611447518452019,0.8034767725184196,0.6876793044924719,0.6569579676122422,-0.04964930522576901,0.06468379547828157,-0.04816518458562737,1.0,0.5685919306781783,0.7400910485999898,0.654625306978637,0.5165997605481939,0.08010942193154477,0.8421552901201022,0.03386035832073755,0.7556255267533001
0.5973198737131905,0.7432402059622276,0.4490935178169697,0.7031178916858968,0.4827972093807946,0.7779293420089816,0.518389015656545,0.0672204821286959,0.23948954230121255,0.009893973904955528,0.5685919306781783,1.0,0.37314269371078745,0.6964911534876737,0.1635313132711269,0.2090369318759421,0.6551520382292931,0.09878240035167249,0.48008309310199154
0.707866635177684,0.43709701266478457,0.7339864152727068,0.5801545520620062,0.7814625714180473,0.3708738476873628,0.46115354853985546,-0.1110558909875934,-0.16786145123201407,-0.13793742963322175,0.7400910485999898,0.37314269371078745,1.0,0.25777251650294997,0.40433850894561935,-0.0010414152434797773,0.6190098477706087,0.37211917386010995,0.678048993202486
0.5035366195406548,0.2857394804541042,0.43322959351543594,0.45949890825500744,0.5024455816308461,0.9429890514611653,0.5321353964121119,0.09292259943344018,0.17054552714529997,0.04163703681840558,0.654625306978637,0.6964911534876737,0.25777251650294997,1.0,0.3106896467021028,0.12834736792543858,0.6197298767484849,-0.09435816515461934,0.48749109965364734
0.5153378214922314,0.04581371503895832,0.47707029734293366,0.19551539576602908,0.45223721088347907,0.28601502917493626,-0.017275555665493422,-0.13321826633821038,-0.647518239970887,-0.09649688708484344,0.5165997605481939,0.1635313132711269,0.40433850894561935,0.3106896467021028,1.0,0.0041319372786029806,0.48093037632464053,-0.056194040961387644,0.39625525342647916
0.11361615936220135,0.1434482895632065,0.09633334149465334,0.18675520504523024,0.07669942032621721,0.20700517554519354,0.25178245008189426,0.5903805346932359,0.24517925004888277,0.6133803339331263,0.08010942193154477,0.2090369318759421,-0.0010414152434797773,0.12834736792543858,0.0041319372786029806,1.0,0.18130364849520333,0.04555345973619095,0.2614726064593651
0.9233580975866261,0.5451527215333101,0.8447375211772414,0.6945168369482347,0.7506774006722752,0.6544848570325679,0.6240251240035168,0.01810212096420148,0.11987725130071958,0.008858319228281737,0.8421552901201022,0.6551520382292931,0.6190098477706087,0.6197298767484849,0.48093037632464053,0.18130364849520333,1.0,0.01043500135888026,0.7214204513015697
0.10694614243852782,0.30787347293326733,0.25737882454808886,0.34743643530370333,0.3151291565875592,0.10704892034026112,0.11023208482218719,0.1784434701912504,0.04618030752084377,0.06641428391065274,0.03386035832073755,0.09878240035167249,0.37211917386010995,-0.09435816515461934,-0.056194040961387644,0.04555345973619095,0.01043500135888026,1.0,0.08949842642283759
0.6929994995873646,0.3240008351823475,0.7346758376039518,0.544462952404928,0.7636971269786553,0.5372792431688095,0.7973139737690788,0.27268984410470315,0.22119918082276832,0.22795525906521863,0.7556255267533001,0.48008309310199154,0.678048993202486,0.48749109965364734,0.39625525342647916,0.2614726064593651,0.7214204513015697,0.08949842642283759,1.0
