0,1,2,3,4,5,6,7,8,9,10,11,12,13,14,15,16,17,18
1.0,0.715891563510972,0.8735327244756738,0.5638898748750215,0.8101368452672622,0.6507248022628883,0.5280253732207021,0.113111244465854,0.04225770632778927,0.0746803697271919,0.8671807005440642,0.44636255700712507,0.8167856881404005,0.5647148041554534,0.34436613666603405,0.17915482999838475,0.9222412328138483,0.3351975759685517,0.5771092700805234
0.715891563510972,1.0,0.5939201456600847,0.6999365719687564,0.5770087268445038,0.7348203454016637,0.4502139581111871,0.20646315065930174,0.13708679688077394,0.20567375796992304,0.6455847924354977,0.7532833002870025,0.627433777318755,0.6683775666079618,0.15620206433882794,0.2698440780616391,0.7220362305826619,0.32796439405036915,0.24745923501058537
0.8735327244756738,0.5939201456600847,1.0,0.5649422771863271,0.9194425834767325,0.5476730779714488,0.46086764300043404,0.08483188682328544,-0.047097485081980174,0.04857911775715846,0.7415019942678007,0.35681913090394607,0.7891620001287023,0.4269264627241498,0.4063069743977558,0.12779458989848785,0.8242178276971702,0.35525179590931205,0.6089776704687115
0.5638898748750215,0.6999365719687564,0.5649422771863271,1.0,0.6528438517087171,0.7567259088095878,0.5115415060860085,0.1639458832785029,0.1530518751637744,0.18407975005009355,0.619945566793489,0.5995735061100351,0.7350209650081622,0.712027447134173,0.20220054917685115,0.27458154209303615,0.6251208137078977,-0.09480943143578868,0.3248417116723784
0.8101368452672622,0.5770087268445038,0.9194425834767325,0.6528438517087171,1.0,0.6210902842923809,0.5131791559888709,0.12494972811243397,-0.04190841347423513,0.10799725269828625,0.7407576759018508,0.35864201892953784,0.8446734210277853,0.5173309507545003,0.3750549983141575,0.16543867270587848,0.7607356130102176,0.3544352118966861,0.5985817776163856
0.6507248022628883,0.7348203454016637,0.5476730779714488,0.7567259088095878,0.6210902842923809,1.0,0.5721535793062464,0.2907580076000501,0.14637355947447012,0.25938858618314775,0.761563219574937,0.7308241202620517,0.780048120700043,0.9631474802785648,0.23413872303926198,0.385736003542353,0.7352477228144672,0.2900090560450296,0.39580430279774287
0.5280253732207021,0.4502139581111871,0.46086764300043404,0.5115415060860085,0.5131791559888709,0.5721535793062464,1.0,0.41817235748886883,0.6897736642646932,0.362390410758448,0.546043914626699,0.3488993215104962,0.5574872722553104,0.5215000341049154,-0.12601212895386657,0.3681576642305255,0.5894113168703213,0.23725427862815657,0.6852752439444381
0.113111244465854,0.20646315065930174,0.08483188682328544,0.1639458832785029,0.12494972811243397,0.2907580076000501,0.41817235748886883,1.0,0.25430011543172054,0.9031712190582869,0.1483524147880003,0.14352439076212953,0.16440375568359494,0.23803150450730984,0.03693550933130771,0.6840311378249122,0.158162670574406,0.24940892874212814,0.4603887494943141
0.04225770632778927,0.13708679688077394,-0.047097485081980174,0.1530518751637744,-0.04190841347423513,0.14637355947447012,0.6897736642646932,0.25430011543172054,1.0,0.2038375031955341,0.06356767083717979,0.07219268044415939,0.01563850714531857,0.11745133712589037,-0.6980110029558633,0.20387763487481095,0.10811896919860978,0.09500910475713963,0.20021474627627855
0.0746803697271919,0.20567375796992304,0.04857911775715846,0.18407975005009355,0.10799725269828625,0.25938858618314775,0.362390410758448,0.9031712190582869,0.2038375031955341,1.0,0.13292432915959057,0.1319159717111405,0.14886068377313305,0.22237021276928773,0.04037244219831118,0.655380782591855,0.12938505964374483,0.20790378017762728,0.40686023545086586
0.8671807005440642,0.6455847924354977,0.7415019942678007,0.619945566793489,0.7407576759018508,0.761563219574937,0.546043914626699,0.1483524147880003,0.06356767083717979,0.13292432915959057,1.0,0.4325146538163089,0.9084350437107026,0.7223531637558283,0.38000357640884863,0.24759466320456847,0.8975021154521228,0.28110649640472796,0.5857885535166186
0.44636255700712507,0.7532833002870025,0.35681913090394607,0.5995735061100351,0.35864201892953784,0.7308241202620517,0.3488993215104962,0.14352439076212953,0.07219268044415939,0.1319159717111405,0.4325146538163089,1.0,0.4372777232463694,0.718614470070213,0.09810711899342439,0.22908588483371634,0.540240760889195,0.14488065539042552,0.17798896558956598
0.8167856881404005,0.627433777318755,0.7891620001287023,0.7350209650081622,0.8446734210277853,0.780048120700043,0.5574872722553104,0.16440375568359494,0.01563850714531857,0.14886068377313305,0.9084350437107026,0.4372777232463694,1.0,0.7254466366319217,0.40819952041343993,0.2833173462577004,0.8648827875181746,0.30969659771192337,0.6374771005343741
0.5647148041554534,0.6683775666079618,0.4269264627241498,0.712027447134173,0.5173309507545003,0.9631474802785648,0.5215000341049154,0.23803150450730984,0.11745133712589037,0.22237021276928773,0.7223531637558283,0.718614470070213,0.7254466366319217,1.0,0.21503187448424005,0.35020323621828026,0.6727637680175989,0.20722953907068742,0.3350490507736464
0.34436613666603405,0.15620206433882794,0.4063069743977558,0.20220054917685115,0.3750549983141575,0.23413872303926198,-0.12601212895386657,0.03693550933130771,-0.6980110029558633,0.04037244219831118,0.38000357640884863,0.09810711899342439,0.40819952041343993,0.21503187448424005,1.0,0.10584654942788185,0.3766949996212975,0.05936346782901972,0.4068266108845208
0.17915482999838475,0.2698440780616391,0.12779458989848785,0.27458154209303615,0.16543867270587848,0.385736003542353,0.3681576642305255,0.6840311378249122,0.20387763487481095,0.655380782591855,0.24759466320456847,0.22908588483371634,0.2833173462577004,0.35020323621828026,0.10584654942788185,1.0,0.24909579036653834,0.20968071773736702,0.3338041021996449
0.9222412328138483,0.7220362305826619,0.8242178276971702,0.6251208137078977,0.7607356130102176,0.7352477228144672,0.5894113168703213,0.158162670574406,0.10811896919860978,0.12938505964374483,0.8975021154521228,0.540240760889195,0.8648827875181746,0.6727637680175989,0.3766949996212975,0.24909579036653834,1.0,0.2995424214087441,0.6376398405303253
0.3351975759685517,0.32796439405036915,0.35525179590931205,-0.09480943143578868,0.3544352118966861,0.2900090560450296,0.23725427862815657,0.24940892874212814,0.09500910475713963,0.20790378017762728,0.28110649640472796,0.14488065539042552,0.30969659771192337,0.20722953907068742,0.05936346782901972,0.20968071773736702,0.2995424214087441,1.0,0.21615799795585994
0.5771092700805234,0.24745923501058537,0.6089776704687115,0.3248417116723784,0.5985817776163856,0.39580430279774287,0.6852752439444381,0.4603887494943141,0.20021474627627855,0.40686023545086586,0.5857885535166186,0.17798896558956598,0.6374771005343741,0.3350490507736464,0.4068266108845208,0.3338041021996449,0.6376398405303253,0.21615799795585994,1.0
