0,1,2,3,4,5,6,7,8,9,10,11,12,13,14,15,16,17,18
1.0,0.6493129676399532,0.8287969379727015,0.5867011361813672,0.6618352964291631,0.12852977763678486,0.200113178513837,-0.08845632256655044,-0.11377374070491933,-0.13812686039897676,0.6332650170473149,0.3184765217186419,0.6397778114838314,-0.0170498770645504,0.2329660819071324,-0.16333157481251584,0.8901269409538874,0.3352256240322929,0.37204754020385833
0.6493129676399532,1.0,0.4742209464776502,0.788961407083156,0.3815676121056929,0.12010089620566322,-0.12504623194086037,-0.0847631559163964,-0.1714205461743187,-0.08711892728672299,0.2863544317678432,0.6243043972775687,0.37279449218268446,-0.04533530879175129,0.12154669323004316,-0.15058062098344055,0.5652802354652078,0.40392125047394356,-0.03582214851127396
0.8287969379727015,0.4742209464776502,1.0,0.6171776792746444,0.8644172711030224,0.2328633940265796,0.25976025518246504,-0.10797712746040851,-0.06825946929188882,-0.1574293446701459,0.5763840732598111,0.27945925041516784,0.6805372986689217,0.012633906454885825,0.20441278331189214,-0.1625406611174092,0.8401054619516916,0.526945906281642,0.4065374433657272
0.5867011361813672,0.788961407083156,0.6171776792746444,1.0,0.5679937095717231,0.3509493835903101,-0.00016302644618524823,-0.014805482089198749,-0.04827859162460353,-0.030535070459064704,0.3410115040842493,0.6674928861249946,0.5282652090780144,0.08569573762796562,0.04992577154103584,-0.07885684417053937,0.5627648271804078,0.6130635923766866,0.07742056458419191
0.6618352964291631,0.3815676121056929,0.8644172711030224,0.5679937095717231,1.0,0.3381678647317643,0.2759322203702032,-0.04183183063913379,-0.09334043065958231,-0.10497310618717465,0.5444855309689388,0.26052781086472476,0.6682872381655663,0.12439467177461622,0.21986682382138245,-0.07446132806128795,0.660085087801405,0.6428802742349348,0.42373557064970546
0.12852977763678486,0.12010089620566322,0.2328633940265796,0.3509493835903101,0.3381678647317643,1.0,0.2761894601114446,0.23837866050386405,0.09510425276461816,0.1257806688306022,0.47496953775947853,0.5145782861709036,0.23800727798234414,0.8671997497164864,0.0703703489158116,0.20123612924559137,0.24355375309888735,0.27701964890059344,0.2557153051579708
0.200113178513837,-0.12504623194086037,0.25976025518246504,-0.00016302644618524823,0.2759322203702032,0.2761894601114446,1.0,0.24583643985378836,0.7170633514480179,0.18137272560980525,0.3144170241265045,0.0640690677906282,0.13830056673050894,0.23300530914130096,-0.33266304040189415,0.14230286997670805,0.2528343358939749,0.07644029968683312,0.6675265362408193
-0.08845632256655044,-0.0847631559163964,-0.10797712746040851,-0.014805482089198749,-0.04183183063913379,0.23837866050386405,0.24583643985378836,1.0,-0.013113383667813859,0.9086170013509486,0.02249296153106922,0.018105060401934273,-0.07820084696070992,0.1552321156623445,0.21448263477405696,0.6885519318533891,-0.05213484512523682,0.11379089895863972,0.4723873506234383
-0.11377374070491933,-0.1714205461743187,-0.06825946929188882,-0.04827859162460353,-0.09334043065958231,0.09510425276461816,0.7170633514480179,-0.013113383667813859,1.0,0.004662322131943649,-0.02164478270367065,-0.00047436040053602184,-0.1436463317458138,0.09170038458780748,-0.8388663100727848,-0.0070504492853841385,-0.10166286923135255,-0.010499680408180227,0.16482464983621536
-0.13812686039897676,-0.08711892728672299,-0.1574293446701459,-0.030535070459064704,-0.10497310618717465,0.1257806688306022,0.18137272560980525,0.9086170013509486,0.004662322131943649,1.0,-0.06846443231469868,0.007136491302647488,-0.15516819836916432,0.05766248268043424,0.1321029426504796,0.6411473710320786,-0.09979414261429172,0.06689289173340734,0.3968070415482755
0.6332650170473149,0.2863544317678432,0.5763840732598111,0.3410115040842493,0.5444855309689388,0.47496953775947853,0.3144170241265045,0.02249296153106922,-0.02164478270367065,-0.06846443231469868,1.0,0.27373369929118896,0.6628294570714404,0.3837578101837628,0.27773685736583714,0.03827295166039928,0.7135215438537793,0.22167029331455113,0.4762363829235859
0.3184765217186419,0.6243043972775687,0.27945925041516784,0.6674928861249946,0.26052781086472476,0.5145782861709036,0.0640690677906282,0.018105060401934273,-0.00047436040053602184,0.007136491302647488,0.27373369929118896,1.0,0.11377547207611587,0.4151715386899638,-0.00020492141334726947,0.0014450256572262534,0.3767934941330555,0.24283931057876681,0.05402090666595553
0.6397778114838314,0.37279449218268446,0.6805372986689217,0.5282652090780144,0.6682872381655663,0.23800727798234414,0.13830056673050894,-0.07820084696070992,-0.1436463317458138,-0.15516819836916432,0.6628294570714404,0.11377547207611587,1.0,-0.006778087933344385,0.2802196618122431,-0.07003398750930465,0.6689289009639757,0.5561376648296836,0.48021511645737514
-0.0170498770645504,-0.04533530879175129,0.012633906454885825,0.08569573762796562,0.12439467177461622,0.8671997497164864,0.23300530914130096,0.1552321156623445,0.09170038458780748,0.05766248268043424,0.3837578101837628,0.4151715386899638,-0.006778087933344385,1.0,0.03910592135509598,0.12882562631688801,0.09747426734573116,-0.0653110189910432,0.17953827168869677
0.2329660819071324,0.12154669323004316,0.20441278331189214,0.04992577154103584,0.21986682382138245,0.0703703489158116,-0.33266304040189415,0.21448263477405696,-0.8388663100727848,0.1321029426504796,0.27773685736583714,-0.00020492141334726947,0.2802196618122431,0.03910592135509598,1.0,0.19378691626335912,0.3241683346806436,0.04423212544209477,0.2879628015531892
-0.16333157481251584,-0.15058062098344055,-0.1625406611174092,-0.07885684417053937,-0.07446132806128795,0.20123612924559137,0.14230286997670805,0.6885519318533891,-0.0070504492853841385,0.6411473710320786,0.03827295166039928,0.0014450256572262534,-0.07003398750930465,0.12882562631688801,0.19378691626335912,1.0,-0.11651071137192094,0.04115611347518936,0.3001611640900611
0.8901269409538874,0.5652802354652078,0.8401054619516916,0.5627648271804078,0.660085087801405,0.24355375309888735,0.2528343358939749,-0.05213484512523682,-0.10166286923135255,-0.09979414261429172,0.7135215438537793,0.3767934941330555,0.6689289009639757,0.09747426734573116,0.3241683346806436,-0.11651071137192094,1.0,0.32229627138943384,0.46819090696639976
0.3352256240322929,0.40392125047394356,0.526945906281642,0.6130635923766866,0.6428802742349348,0.27701964890059344,0.07644029968683312,0.11379089895863972,-0.010499680408180227,0.06689289173340734,0.22167029331455113,0.24283931057876681,0.5561376648296836,-0.0653110189910432,0.04423212544209477,0.04115611347518936,0.32229627138943384,1.0,0.12067796971199403
0.37204754020385833,-0.03582214851127396,0.4065374433657272,0.07742056458419191,0.42373557064970546,0.2557153051579708,0.6675265362408193,0.4723873506234383,0.16482464983621536,0.3968070415482755,0.4762363829235859,0.05402090666595553,0.48021511645737514,0.17953827168869677,0.2879628015531892,0.3001611640900611,0.46819090696639976,0.12067796971199403,1.0
