0,1,2,3,4,5,6,7,8,9,10,11,12,13,14,15,16,17,18
1.0,0.2626782020751547,0.8167634246855652,0.29097892990733704,0.7040876593788902,0.1844650745299907,0.060950137202558576,0.022861655089771803,-0.24211596683548836,-0.03406563618503183,0.830865577255689,0.17242252136656191,0.7785600640745051,0.11242098317477539,0.29902729102466236,0.04160451836542999,0.8730475855737846,0.17029919401983865,0.4915190011273427
0.2626782020751547,1.0,0.13437420572840225,0.9445691744501573,0.059893673354262426,0.8716132618374346,0.25161878132792065,0.6852252328727029,0.24229377698278232,0.6171713355001482,0.20017140282843468,0.9453399476914913,0.05940489256648182,0.7806922956124721,-0.0951394228526537,0.6916289187567743,0.3191007613047633,0.8028076839382027,0.06512594072741361
0.8167634246855652,0.13437420572840225,1.0,0.24045017157084256,0.884340280198941,0.16660986356256513,0.11195886353182938,-0.057180031864842495,-0.173256689041802,-0.1075712081913269,0.7311227167132099,0.042966767080067816,0.7781647406022845,0.06879559440042474,0.21794127972412145,-0.03387144578077178,0.7806031976536034,0.22478354401298836,0.4813699127382913
0.29097892990733704,0.9445691744501573,0.24045017157084256,1.0,0.16709040539601477,0.9095612930986255,0.3320350914293846,0.7106141647183254,0.2955639346002613,0.6379846220871381,0.25382043269068894,0.9188220703069089,0.156887450280226,0.807599567148791,-0.1319660702988743,0.7142078020371294,0.338364329265559,0.8667554733855866,0.15020017646892292
0.7040876593788902,0.059893673354262426,0.884340280198941,0.16709040539601477,1.0,0.11808817583648308,0.09973245951376515,-0.040876159444779146,-0.2399372590569271,-0.08883882203383138,0.6645714715748162,-0.02338219552451209,0.7424376009717859,0.038726959916799586,0.2721104788695203,-0.03142287090519396,0.6361109563191278,0.21698284259765627,0.49520804899339294
0.1844650745299907,0.8716132618374346,0.16660986356256513,0.9095612930986255,0.11808817583648308,1.0,0.3878384803028375,0.7529960075821093,0.33304337441703696,0.6596753649359183,0.19963314600267468,0.9032986693725512,0.08537445002296555,0.9222322802613404,-0.1412914019641691,0.7460839197862718,0.2701753433243309,0.8505193943159312,0.21920393210288097
0.060950137202558576,0.25161878132792065,0.11195886353182938,0.3320350914293846,0.09973245951376515,0.3878384803028375,1.0,0.4774436543974561,0.8504639381045448,0.41116175453397924,0.16083443347335205,0.313465630135292,0.039929169197887325,0.41487287230738884,-0.7107979758536997,0.4065405130480092,0.19757195233776811,0.35357006357302584,0.5180943191849322
0.022861655089771803,0.6852252328727029,-0.057180031864842495,0.7106141647183254,-0.040876159444779146,0.7529960075821093,0.4774436543974561,1.0,0.3741214384012792,0.944375619937561,0.07052560718682309,0.7315449278555087,-0.05491545647855503,0.71926949709479,-0.18791686772845292,0.845902009056477,0.08623644090938325,0.7215362409350408,0.4096691981472205
-0.24211596683548836,0.24229377698278232,-0.173256689041802,0.2955639346002613,-0.2399372590569271,0.33304337441703696,0.8504639381045448,0.3741214384012792,1.0,0.3430755224271323,-0.15564695738553488,0.30492504535400783,-0.2907576942045222,0.3674259222826446,-0.9333675701560395,0.34768310735270275,-0.08312956530798561,0.3127000190924672,0.11909198636831331
-0.03406563618503183,0.6171713355001482,-0.1075712081913269,0.6379846220871381,-0.08883882203383138,0.6596753649359183,0.41116175453397924,0.944375619937561,0.3430755224271323,1.0,0.016747989794662632,0.654399833335291,-0.10351000434659653,0.6330470209108071,-0.18704622160917017,0.8119415843372677,0.026711222258319563,0.6398870365539832,0.37817452351908004
0.830865577255689,0.20017140282843468,0.7311227167132099,0.25382043269068894,0.6645714715748162,0.19963314600267468,0.16083443347335205,0.07052560718682309,-0.15564695738553488,0.016747989794662632,1.0,0.1369927627250616,0.8441259110291823,0.15398652004696456,0.2215851490676433,0.08725008168204776,0.8057532236619033,0.17213850778449188,0.5445907095354805
0.17242252136656191,0.9453399476914913,0.042966767080067816,0.9188220703069089,-0.02338219552451209,0.9032986693725512,0.313465630135292,0.7315449278555087,0.30492504535400783,0.654399833335291,0.1369927627250616,1.0,-0.023560464150338245,0.8543790709749995,-0.14605539175645713,0.7379370461616447,0.28105352227424335,0.7851765715844207,0.10978983692799137
0.7785600640745051,0.05940489256648182,0.7781647406022845,0.156887450280226,0.7424376009717859,0.08537445002296555,0.039929169197887325,-0.05491545647855503,-0.2907576942045222,-0.10351000434659653,0.8441259110291823,-0.023560464150338245,1.0,-0.03029146253359683,0.3024524752939659,-0.020629229080049633,0.7014577227851154,0.14714922197166722,0.543257023873676
0.11242098317477539,0.7806922956124721,0.06879559440042474,0.807599567148791,0.038726959916799586,0.9222322802613404,0.41487287230738884,0.71926949709479,0.3674259222826446,0.6330470209108071,0.15398652004696456,0.8543790709749995,-0.03029146253359683,1.0,-0.19281212684390345,0.6994081194874743,0.23760059558024624,0.7075055417560889,0.20997474536658858
0.29902729102466236,-0.0951394228526537,0.21794127972412145,-0.1319660702988743,0.2721104788695203,-0.1412914019641691,-0.7107979758536997,-0.18791686772845292,-0.9333675701560395,-0.18704622160917017,0.2215851490676433,-0.14605539175645713,0.3024524752939659,-0.19281212684390345,1.0,-0.16484033104336543,0.19064595041693985,-0.13504349432805265,0.09445620217106593
0.04160451836542999,0.6916289187567743,-0.03387144578077178,0.7142078020371294,-0.03142287090519396,0.7460839197862718,0.4065405130480092,0.845902009056477,0.34768310735270275,0.8119415843372677,0.08725008168204776,0.7379370461616447,-0.020629229080049633,0.6994081194874743,-0.16484033104336543,1.0,0.09311855707358284,0.6831995578077796,0.295463852219272
0.8730475855737846,0.3191007613047633,0.7806031976536034,0.338364329265559,0.6361109563191278,0.2701753433243309,0.19757195233776811,0.08623644090938325,-0.08312956530798561,0.026711222258319563,0.8057532236619033,0.28105352227424335,0.7014577227851154,0.23760059558024624,0.19064595041693985,0.09311855707358284,1.0,0.2021273163807456,0.5427018327854526
0.17029919401983865,0.8028076839382027,0.22478354401298836,0.8667554733855866,0.21698284259765627,0.8505193943159312,0.35357006357302584,0.7215362409350408,0.3127000190924672,0.6398870365539832,0.17213850778449188,0.7851765715844207,0.14714922197166722,0.7075055417560889,-0.13504349432805265,0.6831995578077796,0.2021273163807456,1.0,0.19706510626883855
0.4915190011273427,0.06512594072741361,0.4813699127382913,0.15020017646892292,0.49520804899339294,0.21920393210288097,0.5180943191849322,0.4096691981472205,0.11909198636831331,0.37817452351908004,0.5445907095354805,0.10978983692799137,0.543257023873676,0.20997474536658858,0.09445620217106593,0.295463852219272,0.5427018327854526,0.19706510626883855,1.0
