0,1,2,3,4,5,6,7,8,9,10,11,12,13,14,15,16,17,18
1.0,0.23656448074648598,0.6502811025747226,0.5932986321547027,0.5255898393320986,0.57785860456543,0.34530580283164214,0.3922595252332572,0.1472513557764348,0.2502279289669905,0.9259215522411035,-0.5808450430244018,0.6684604912392964,0.31833368230122433,0.2647192957221981,0.4072533633437012,0.42824782370214165,0.5513087850511622,0.11576578453608644
0.23656448074648598,1.0,0.4810744269022546,0.8126751032010215,0.309972883678019,0.42757529894650065,0.16392027325816425,0.19993327469647829,-0.0663310003368513,0.006134519586742199,0.2184785072957887,0.30830401992679995,0.32091754080012724,0.4996908415676077,0.1499686349871383,0.1925787165383485,0.5849801620106332,0.4640343162296011,0.06599436225294628
0.6502811025747226,0.4810744269022546,1.0,0.6527785715929427,0.6599142850491839,0.5218638562448761,0.41586469028512274,0.4016384935784447,0.11064834212662013,0.2237010158144525,0.5294745986394779,-0.07848500721553467,0.7004984917601884,0.4502605987004735,0.29280956107672057,0.40405112850506947,0.8016353639109829,0.5559657658568286,0.288371083292124
0.5932986321547027,0.8126751032010215,0.6527785715929427,1.0,0.4788629997344935,0.682953663255929,0.30506132344529124,0.4112391862538317,0.07192186206312925,0.19187055573555228,0.4575670432495947,0.11476085830153969,0.47272293133403104,0.5560197832908167,0.21568190581479274,0.3656002051665182,0.6772244458939406,0.6353378862986955,0.25366592443429303
0.5255898393320986,0.309972883678019,0.6599142850491839,0.4788629997344935,1.0,0.6173134192895857,0.7410561228585782,0.45666462375419,0.4440007767349006,0.2863440903227086,0.412263844299899,-0.0929169071549907,0.703877311279857,0.41856582747063503,0.4900081426259458,0.39235673859252873,0.5133821414138655,0.6128989406528075,0.4836456936455684
0.57785860456543,0.42757529894650065,0.5218638562448761,0.682953663255929,0.6173134192895857,1.0,0.545375549522654,0.730021825092867,0.32111329222573115,0.45496707015143273,0.4621573281469498,-0.08976284558840018,0.4791895478456449,0.7039897519528631,0.23846849901299616,0.614233214159311,0.4183290921964801,0.7029784158103131,0.5130746637636406
0.34530580283164214,0.16392027325816425,0.41586469028512274,0.30506132344529124,0.7410561228585782,0.545375549522654,1.0,0.4766950538999574,0.6897922530310259,0.3333076238452416,0.29255335671552496,-0.12336093854376855,0.5988375420333508,0.33685526858565,0.6075990095667833,0.4024511694480244,0.28275378878882346,0.47732641628510086,0.5430544421693884
0.3922595252332572,0.19993327469647829,0.4016384935784447,0.4112391862538317,0.45666462375419,0.730021825092867,0.4766950538999574,1.0,0.3363823794220345,0.8023888889733801,0.38977164196580083,-0.24428029336387955,0.414966706260841,0.5431434841990845,0.2181713973554434,0.8337808340964852,0.2619969061012776,0.5277463246742685,0.4966260108134121
0.1472513557764348,-0.0663310003368513,0.11064834212662013,0.07192186206312925,0.4440007767349006,0.32111329222573115,0.6897922530310259,0.3363823794220345,1.0,0.35925025431832447,0.1118299866097975,-0.13075864851385025,0.32029406939695715,0.15474794586222274,0.5973511611024489,0.30693416531239265,0.05466697678860261,0.17413772711117836,0.32925711904972316
0.2502279289669905,0.006134519586742199,0.2237010158144525,0.19187055573555228,0.2863440903227086,0.45496707015143273,0.3333076238452416,0.8023888889733801,0.35925025431832447,1.0,0.283677489689942,-0.3221532629728154,0.27211206865548465,0.2261061062730222,0.14854711735052886,0.7345735933498533,0.08068843210673053,0.32989364829876766,0.2886636384529684
0.9259215522411035,0.2184785072957887,0.5294745986394779,0.4575670432495947,0.412263844299899,0.4621573281469498,0.29255335671552496,0.38977164196580083,0.1118299866097975,0.283677489689942,1.0,-0.6235912503599881,0.6446129648719299,0.25579216322098575,0.21485250081533674,0.37966560325770515,0.25250290188900487,0.5064625513107679,0.0769471513040769
-0.5808450430244018,0.30830401992679995,-0.07848500721553467,0.11476085830153969,-0.0929169071549907,-0.08976284558840018,-0.12336093854376855,-0.24428029336387955,-0.13075864851385025,-0.3221532629728154,-0.6235912503599881,1.0,-0.2294802855948444,0.2442837915096845,-0.04114619659473418,-0.22695989704817976,0.11755097703109932,-0.23895187568137083,-0.03108461313310293
0.6684604912392964,0.32091754080012724,0.7004984917601884,0.47272293133403104,0.703877311279857,0.4791895478456449,0.5988375420333508,0.414966706260841,0.32029406939695715,0.27211206865548465,0.6446129648719299,-0.2294802855948444,1.0,0.3702199450080657,0.46581675552364576,0.4153114631125494,0.46461302329734605,0.48158535384217505,0.28266284503301525
0.31833368230122433,0.4996908415676077,0.4502605987004735,0.5560197832908167,0.41856582747063503,0.7039897519528631,0.33685526858565,0.5431434841990845,0.15474794586222274,0.2261061062730222,0.25579216322098575,0.2442837915096845,0.3702199450080657,1.0,0.17748024503405407,0.5316463862048718,0.42273166528348766,0.4738322023610774,0.3017661607177817
0.2647192957221981,0.1499686349871383,0.29280956107672057,0.21568190581479274,0.4900081426259458,0.23846849901299616,0.6075990095667833,0.2181713973554434,0.5973511611024489,0.14854711735052886,0.21485250081533674,-0.04114619659473418,0.46581675552364576,0.17748024503405407,1.0,0.2606302794381522,0.2440772299613655,0.2009773344899889,0.22578294991054246
0.4072533633437012,0.1925787165383485,0.40405112850506947,0.3656002051665182,0.39235673859252873,0.614233214159311,0.4024511694480244,0.8337808340964852,0.30693416531239265,0.7345735933498533,0.37966560325770515,-0.22695989704817976,0.4153114631125494,0.5316463862048718,0.2606302794381522,1.0,0.29222280800608685,0.3531648275171824,0.2777780728984367
0.42824782370214165,0.5849801620106332,0.8016353639109829,0.6772244458939406,0.5133821414138655,0.4183290921964801,0.28275378878882346,0.2619969061012776,0.05466697678860261,0.08068843210673053,0.25250290188900487,0.11755097703109932,0.46461302329734605,0.42273166528348766,0.2440772299613655,0.29222280800608685,1.0,0.4980072148250283,0.26745940160904924
0.5513087850511622,0.4640343162296011,0.5559657658568286,0.6353378862986955,0.6128989406528075,0.7029784158103131,0.47732641628510086,0.5277463246742685,0.17413772711117836,0.32989364829876766,0.5064625513107679,-0.23895187568137083,0.48158535384217505,0.4738322023610774,0.2009773344899889,0.3531648275171824,0.4980072148250283,1.0,0.5281916864836605
0.11576578453608644,0.06599436225294628,0.288371083292124,0.25366592443429303,0.4836456936455684,0.5130746637636406,0.5430544421693884,0.4966260108134121,0.32925711904972316,0.2886636384529684,0.0769471513040769,-0.03108461313310293,0.28266284503301525,0.3017661607177817,0.22578294991054246,0.2777780728984367,0.26745940160904924,0.5281916864836605,1.0
