0,1,2,3,4,5,6,7,8,9,10,11,12,13,14,15,16,17,18
1.0,0.2798444875628468,0.6252322199364871,0.5535654004713951,0.4602704490585419,0.4946191814313909,0.18358756138271015,0.2568944062567269,0.070958524508102,0.030384346450722036,0.8178556633005438,-0.2695602725748838,0.5710175413454511,0.3680988442589917,0.30854101504209674,0.2746083691200194,0.44715818039475924,0.46121524159745453,0.05123844556582273
0.2798444875628468,1.0,0.5052119492790026,0.8154070473312993,0.40826666633629133,0.5542892866087183,0.2158429699428966,0.2461331276256605,0.09619851505192449,-0.053633590544886374,0.2817060393041512,0.4623877917445963,0.2719214309927012,0.5403763151964728,0.14728982424861395,0.20165088821239413,0.6089927201275125,0.4466943741337193,0.12008950179087603
0.6252322199364871,0.5052119492790026,1.0,0.637301998232831,0.6400118234650024,0.5190141814925098,0.37554624085896066,0.2664350328882837,0.2176632010024439,0.04438070635375052,0.4307153237060904,0.22105985173855444,0.6210261960513388,0.4456378056074018,0.33249381134648126,0.29357033271934135,0.8178678417612835,0.5337558401893332,0.3381214768045324
0.5535654004713951,0.8154070473312993,0.637301998232831,1.0,0.6084282941987433,0.7000030999955628,0.3725389621331345,0.3688468414397748,0.28866330117355876,0.11627833460986055,0.3001831377508553,0.4225203734156548,0.35323316325047266,0.5822776801514713,0.30827769006094347,0.3649680984033372,0.7144362134394958,0.5779231777349436,0.28399670713280356
0.4602704490585419,0.40826666633629133,0.6400118234650024,0.6084282941987433,1.0,0.6330626737073216,0.676373529456634,0.327382785168401,0.4762190901876542,0.12984399820662085,0.187760802022171,0.3498314253451284,0.6217340271361612,0.49329359715963267,0.49753626270817186,0.3548953958597083,0.5781005644726498,0.5525020386974734,0.5274665720704389
0.4946191814313909,0.5542892866087183,0.5190141814925098,0.7000030999955628,0.6330626737073216,1.0,0.45299634972902647,0.6351769762460538,0.3097315482775721,0.24470132585946872,0.28499247037473435,0.2627964417689433,0.39983423747460384,0.7284219892755603,0.29927386893883784,0.5769364803309835,0.5183479052507313,0.6776509725987407,0.4382511815798048
0.18358756138271015,0.2158429699428966,0.37554624085896066,0.3725389621331345,0.676373529456634,0.45299634972902647,1.0,0.4379407949645343,0.7943724204974895,0.27164430064278444,0.03886991710180093,0.21153923976173972,0.48063434365270225,0.36958690152332124,0.6496477954187949,0.43585872919281227,0.3803051792209956,0.3800850458954135,0.5866182215311658
0.2568944062567269,0.2461331276256605,0.2664350328882837,0.3688468414397748,0.327382785168401,0.6351769762460538,0.4379407949645343,1.0,0.3931335063985535,0.6429579215051499,0.25575546383949654,-0.055046884308698904,0.29654362004008483,0.5529459770886053,0.2562401073005233,0.8058889334014773,0.2576787502048181,0.4689063567140015,0.4402117010150927
0.070958524508102,0.09619851505192449,0.2176632010024439,0.28866330117355876,0.4762190901876542,0.3097315482775721,0.7943724204974895,0.3931335063985535,1.0,0.39242151491644256,-0.08097420907306267,0.1437835246864447,0.29572484530029053,0.2492444809467403,0.6670317439301799,0.43084808899366783,0.25464348917313395,0.22502130911599805,0.4183387810205318
0.030384346450722036,-0.053633590544886374,0.04438070635375052,0.11627833460986055,0.12984399820662085,0.24470132585946872,0.27164430064278444,0.6429579215051499,0.39242151491644256,1.0,-0.004810605722160087,-0.19724391093789956,0.09494112622989372,0.1662446951056845,0.17039460947222182,0.6744631149823547,0.07273730444342238,0.19305847597290038,0.31169723112673303
0.8178556633005438,0.2817060393041512,0.4307153237060904,0.3001831377508553,0.187760802022171,0.28499247037473435,0.03886991710180093,0.25575546383949654,-0.08097420907306267,-0.004810605722160087,1.0,-0.32438318129616817,0.466447220399276,0.2576764894760884,0.17414958779493844,0.19680725378030953,0.216519264178957,0.32006936616662374,-0.076711533150411
-0.2695602725748838,0.4623877917445963,0.22105985173855444,0.4225203734156548,0.3498314253451284,0.2627964417689433,0.21153923976173972,-0.055046884308698904,0.1437835246864447,-0.19724391093789956,-0.32438318129616817,1.0,0.007771181098090834,0.3587425861031202,0.10095726203207589,-0.009547809444695254,0.3663176695261049,0.05080323321049674,0.1133235155009547
0.5710175413454511,0.2719214309927012,0.6210261960513388,0.35323316325047266,0.6217340271361612,0.39983423747460384,0.48063434365270225,0.29654362004008483,0.29572484530029053,0.09494112622989372,0.466447220399276,0.007771181098090834,1.0,0.38789776597165043,0.4391446935499728,0.31466739035150326,0.5224166909155906,0.42456706022457696,0.28587375025131834
0.3680988442589917,0.5403763151964728,0.4456378056074018,0.5822776801514713,0.49329359715963267,0.7284219892755603,0.36958690152332124,0.5529459770886053,0.2492444809467403,0.1662446951056845,0.2576764894760884,0.3587425861031202,0.38789776597165043,1.0,0.20907604336570637,0.5670891822252748,0.47413524164448917,0.5288812162616338,0.2892927406186806
0.30854101504209674,0.14728982424861395,0.33249381134648126,0.30827769006094347,0.49753626270817186,0.29927386893883784,0.6496477954187949,0.2562401073005233,0.6670317439301799,0.17039460947222182,0.17414958779493844,0.10095726203207589,0.4391446935499728,0.20907604336570637,1.0,0.32290717140006464,0.2861526484502254,0.22532624934792303,0.3299887165085673
0.2746083691200194,0.20165088821239413,0.29357033271934135,0.3649680984033372,0.3548953958597083,0.5769364803309835,0.43585872919281227,0.8058889334014773,0.43084808899366783,0.6744631149823547,0.19680725378030953,-0.009547809444695254,0.31466739035150326,0.5670891822252748,0.32290717140006464,1.0,0.27072751690274827,0.4001481722140742,0.38855654337108003
0.44715818039475924,0.6089927201275125,0.8178678417612835,0.7144362134394958,0.5781005644726498,0.5183479052507313,0.3803051792209956,0.2576787502048181,0.25464348917313395,0.07273730444342238,0.216519264178957,0.3663176695261049,0.5224166909155906,0.47413524164448917,0.2861526484502254,0.27072751690274827,1.0,0.5564906485615705,0.39012063543677333
0.46121524159745453,0.4466943741337193,0.5337558401893332,0.5779231777349436,0.5525020386974734,0.6776509725987407,0.3800850458954135,0.4689063567140015,0.22502130911599805,0.19305847597290038,0.32006936616662374,0.05080323321049674,0.42456706022457696,0.5288812162616338,0.22532624934792303,0.4001481722140742,0.5564906485615705,1.0,0.4732645103450891
0.05123844556582273,0.12008950179087603,0.3381214768045324,0.28399670713280356,0.5274665720704389,0.4382511815798048,0.5866182215311658,0.4402117010150927,0.4183387810205318,0.31169723112673303,-0.076711533150411,0.1133235155009547,0.28587375025131834,0.2892927406186806,0.3299887165085673,0.38855654337108003,0.39012063543677333,0.4732645103450891,1.0
