0,1,2,3,4,5,6,7,8,9,10,11,12,13,14,15,16,17,18
1.0,-0.046322501158870745,0.4921886330237405,0.4413394919948888,0.2948692399384491,0.2717303566857412,0.1542152650080447,0.029490682897534655,0.03389506566145683,-0.01925248437204171,0.6956472068056215,-0.1687826358728477,0.4300301327172964,0.16595937644941658,0.21959378571700938,0.10222693898709329,0.3876195148741597,0.22910363604489006,-0.024313063282527535
-0.046322501158870745,1.0,0.4009781139555626,0.7054869972816159,0.19943615093788136,0.4350616653953431,0.08733115191248826,0.10051205964344408,-0.10322766551973162,-0.15168703520184204,0.11452801048322858,0.4808782009732762,0.26008964380754535,0.4598938058854916,-0.0007909343123141142,0.03457010407020228,0.5344560842728716,0.28948523550396565,-0.06586643810110422
0.4921886330237405,0.4009781139555626,1.0,0.5377500510499151,0.3422392818896712,0.3007709415322063,0.22939854163004808,0.061060089101261726,0.024537031747464903,0.0009347102805947538,0.4111967800381914,0.26485363141177237,0.5220310631394058,0.22985404520332267,0.22665252970384284,0.07123339984982557,0.6906896297001126,0.35814575108789737,0.09486272192969218
0.4413394919948888,0.7054869972816159,0.5377500510499151,1.0,0.45550649510109664,0.540360887472517,0.21582676632676476,0.16424866124476423,0.023692267950314632,-0.023975128053825116,0.20617919886350955,0.5222048805553463,0.3565333832104249,0.4892243167277319,0.14718730680515255,0.15766718954658815,0.6618560885497747,0.42662511657263097,0.0662984477553677
0.2948692399384491,0.19943615093788136,0.3422392818896712,0.45550649510109664,1.0,0.34724114568551234,0.5861982858881548,0.21022330348463694,0.2646783337683801,0.17734864585700677,-0.041099672911082304,0.2713978832958492,0.4804521845541265,0.22636587157649798,0.2986436329128907,0.17319952317449663,0.3357014249310056,0.362131013911485,0.26556527527759344
0.2717303566857412,0.4350616653953431,0.3007709415322063,0.540360887472517,0.34724114568551234,1.0,0.3461624193810036,0.5732576323186218,0.18801143348382385,0.20503702153142228,0.21775695452372343,0.3071980650553354,0.33621705253916306,0.743079902119621,0.22798758063112196,0.4498811242164225,0.3245028150855084,0.5758057684181385,0.298758456026498
0.1542152650080447,0.08733115191248826,0.22939854163004808,0.21582676632676476,0.5861982858881548,0.3461624193810036,1.0,0.3479440287178526,0.7202435646265605,0.2927863974875196,0.043672624978037054,0.039142847690959014,0.4984513370643399,0.3012608752890556,0.5786071134946681,0.2819970192863372,0.19948486620359393,0.3776284722972273,0.3877118589162411
0.029490682897534655,0.10051205964344408,0.061060089101261726,0.16424866124476423,0.21022330348463694,0.5732576323186218,0.3479440287178526,1.0,0.22847306218754418,0.6702430253380455,0.10020197412801289,-0.06727419783759822,0.22718469286007958,0.44613049399228744,0.2573470152807919,0.7581728312477257,0.10762571344498369,0.3511439313788818,0.3259054519789206
0.03389506566145683,-0.10322766551973162,0.024537031747464903,0.023692267950314632,0.2646783337683801,0.18801143348382385,0.7202435646265605,0.22847306218754418,1.0,0.3133149167385954,-0.05071177522964212,-0.08035737605010534,0.2261612833381406,0.16009001497502978,0.6061683242718973,0.2511060560682597,0.010492109166697822,0.1490365325672581,0.27274697863460934
-0.01925248437204171,-0.15168703520184204,0.0009347102805947538,-0.023975128053825116,0.17734864585700677,0.20503702153142228,0.2927863974875196,0.6702430253380455,0.3133149167385954,1.0,-0.022644520637787217,-0.19753737330256846,0.1301003949539487,0.07036569209951346,0.2662465231978873,0.6479890515810819,-0.04641599162115161,0.09642884782658835,0.18509735273066474
0.6956472068056215,0.11452801048322858,0.4111967800381914,0.20617919886350955,-0.041099672911082304,0.21775695452372343,0.043672624978037054,0.10020197412801289,-0.05071177522964212,-0.022644520637787217,1.0,-0.08415183628583608,0.3798281452546823,0.13927607421235194,0.13439093368309088,0.07983681781406377,0.27373771719388335,0.19989459684352712,-0.031907579447095186
-0.1687826358728477,0.4808782009732762,0.26485363141177237,0.5222048805553463,0.2713978832958492,0.3071980650553354,0.039142847690959014,-0.06727419783759822,-0.08035737605010534,-0.19753737330256846,-0.08415183628583608,1.0,0.12557349848121882,0.3718929275890181,0.038483462118743775,-0.020569536407002896,0.3768949125113118,0.12340437561450553,-0.1171983541264864
0.4300301327172964,0.26008964380754535,0.5220310631394058,0.3565333832104249,0.4804521845541265,0.33621705253916306,0.4984513370643399,0.22718469286007958,0.2261612833381406,0.1301003949539487,0.3798281452546823,0.12557349848121882,1.0,0.2718101717624914,0.37516812221751467,0.20826308634926177,0.4272664229806285,0.35414703332717334,0.158971176997111
0.16595937644941658,0.4598938058854916,0.22985404520332267,0.4892243167277319,0.22636587157649798,0.743079902119621,0.3012608752890556,0.44613049399228744,0.16009001497502978,0.07036569209951346,0.13927607421235194,0.3718929275890181,0.2718101717624914,1.0,0.17432229776046643,0.4028338650487706,0.355736719787058,0.49023761416248873,0.18014447748161655
0.21959378571700938,-0.0007909343123141142,0.22665252970384284,0.14718730680515255,0.2986436329128907,0.22798758063112196,0.5786071134946681,0.2573470152807919,0.6061683242718973,0.2662465231978873,0.13439093368309088,0.038483462118743775,0.37516812221751467,0.17432229776046643,1.0,0.2928504814065708,0.16163674666900613,0.1160276863530742,0.2297481601649129
0.10222693898709329,0.03457010407020228,0.07123339984982557,0.15766718954658815,0.17319952317449663,0.4498811242164225,0.2819970192863372,0.7581728312477257,0.2511060560682597,0.6479890515810819,0.07983681781406377,-0.020569536407002896,0.20826308634926177,0.4028338650487706,0.2928504814065708,1.0,0.12162383448526327,0.16905276522767868,0.16053953739462795
0.3876195148741597,0.5344560842728716,0.6906896297001126,0.6618560885497747,0.3357014249310056,0.3245028150855084,0.19948486620359393,0.10762571344498369,0.010492109166697822,-0.04641599162115161,0.27373771719388335,0.3768949125113118,0.4272664229806285,0.355736719787058,0.16163674666900613,0.12162383448526327,1.0,0.37787082437980535,0.10068186384497217
0.22910363604489006,0.28948523550396565,0.35814575108789737,0.42662511657263097,0.362131013911485,0.5758057684181385,0.3776284722972273,0.3511439313788818,0.1490365325672581,0.09642884782658835,0.19989459684352712,0.12340437561450553,0.35414703332717334,0.49023761416248873,0.1160276863530742,0.16905276522767868,0.37787082437980535,1.0,0.4069310491640144
-0.024313063282527535,-0.06586643810110422,0.09486272192969218,0.0662984477553677,0.26556527527759344,0.298758456026498,0.3877118589162411,0.3259054519789206,0.27274697863460934,0.18509735273066474,-0.031907579447095186,-0.1171983541264864,0.158971176997111,0.18014447748161655,0.2297481601649129,0.16053953739462795,0.10068186384497217,0.4069310491640144,1.0
