0,1,2,3,4,5,6,7,8,9,10,11,12,13,14,15,16,17,18
1.0,0.09713408955082477,0.5110470822905736,0.4191084685301763,0.41192683444367867,0.3425857896243086,0.08956951076181574,0.13470031718407197,-0.06460953439121102,0.0381695441923435,0.8549909999713406,-0.42627209107888986,0.16341904050396117,0.12468681175415451,0.14372218980133522,0.0943837451352724,0.41904614754434993,0.29743696006815146,0.04048773912477877
0.09713408955082477,1.0,0.4235518017729987,0.7816583560358107,0.28485296598357085,0.36798393525690865,0.11390603093774693,0.07884638396643041,-0.022069276271575445,-0.09162143743557205,0.16237753610810116,0.4334458741760251,0.3138176764965063,0.36431307164886784,0.12753168224347206,0.08529377931411823,0.5426235868709129,0.20565177967748172,0.12507081626497935
0.5110470822905736,0.4235518017729987,1.0,0.4787981099264796,0.505621077219668,0.27579852547651956,0.3134318518619636,0.11130466286808223,0.10423824227245962,-0.027918185317484523,0.43120967433305263,0.06010886155683082,0.27517307538895747,0.21101603430589908,0.18011849834494734,0.05941895205499102,0.725642144044877,0.28786047517264973,0.28373756672536143
0.4191084685301763,0.7816583560358107,0.4787981099264796,1.0,0.4432376893656762,0.5063712805503929,0.19099685609551084,0.2587350136621116,0.07567161700551789,0.09597181223399935,0.26066736096992665,0.3276222898771788,0.2354924416560777,0.3202133447896532,0.17395512753718947,0.2149975959160515,0.6571365550127097,0.3173226040285068,0.25158516982412404
0.41192683444367867,0.28485296598357085,0.505621077219668,0.4432376893656762,1.0,0.4223318965881652,0.5745047753764311,0.21682342227830598,0.2508367125005215,0.0700610739197494,0.22772150848025186,0.1424236398147769,0.2927565918169092,0.2365359079269752,0.32981725743191864,0.18710454114595446,0.5313507754464942,0.37258861601690724,0.3927345982103777
0.3425857896243086,0.36798393525690865,0.27579852547651956,0.5063712805503929,0.4223318965881652,1.0,0.2516219187523975,0.6224823458197548,0.0998085507779499,0.30738791407819244,0.24748883414666106,0.06907304264150285,0.143258705578089,0.5991892548759147,0.11822568065911548,0.482964730273354,0.26229757990474956,0.493206144117794,0.45122671621950994
0.08956951076181574,0.11390603093774693,0.3134318518619636,0.19099685609551084,0.5745047753764311,0.2516219187523975,1.0,0.3635256419744357,0.7197490265313349,0.2828287259678424,0.07081143733308938,-0.02598324273410141,0.19100835798741225,0.12008725965773344,0.6128964579357261,0.2953712611187703,0.2520052398851852,0.2624259815926094,0.5515122333451735
0.13470031718407197,0.07884638396643041,0.11130466286808223,0.2587350136621116,0.21682342227830598,0.6224823458197548,0.3635256419744357,1.0,0.280807210882642,0.7834277843807749,0.15048271733614374,-0.22650904724107676,0.09936991766971687,0.3309591744776923,0.17265926563846132,0.8244153630526874,0.057593568224116966,0.30837996661705563,0.49383583565683775
-0.06460953439121102,-0.022069276271575445,0.10423824227245962,0.07567161700551789,0.2508367125005215,0.0998085507779499,0.7197490265313349,0.280807210882642,1.0,0.3755792183282529,-0.07344974406157388,-0.06810595480888197,0.04243047613082621,0.02636199093236569,0.563316993982999,0.23412879693937136,0.07015571876457292,-0.005146987138319818,0.4011989304526653
0.0381695441923435,-0.09162143743557205,-0.027918185317484523,0.09597181223399935,0.0700610739197494,0.30738791407819244,0.2828287259678424,0.7834277843807749,0.3755792183282529,1.0,0.09516175190383755,-0.3044053833320813,0.01861347276365295,0.09457403034445486,0.13158289155460334,0.7125375329240878,-0.0835752415143194,0.10764856268862522,0.32341679704518417
0.8549909999713406,0.16237753610810116,0.43120967433305263,0.26066736096992665,0.22772150848025186,0.24748883414666106,0.07081143733308938,0.15048271733614374,-0.07344974406157388,0.09516175190383755,1.0,-0.43516821406182504,0.15596744427482837,0.0946054663539109,0.13199296751038583,0.12693414159072264,0.2446180598638456,0.2921636813315569,0.023072804747198226
-0.42627209107888986,0.4334458741760251,0.06010886155683082,0.3276222898771788,0.1424236398147769,0.06907304264150285,-0.02598324273410141,-0.22650904724107676,-0.06810595480888197,-0.3044053833320813,-0.43516821406182504,1.0,0.2037803166457877,0.2930498779128065,0.003593508732331611,-0.142977999649284,0.2776898578280158,-0.10751159934636993,-0.07488266078600501
0.16341904050396117,0.3138176764965063,0.27517307538895747,0.2354924416560777,0.2927565918169092,0.143258705578089,0.19100835798741225,0.09936991766971687,0.04243047613082621,0.01861347276365295,0.15596744427482837,0.2037803166457877,1.0,0.1780050891473392,0.2019468892237265,0.06738879723364889,0.21606909238329752,0.16021645693081948,0.16218458809570296
0.12468681175415451,0.36431307164886784,0.21101603430589908,0.3202133447896532,0.2365359079269752,0.5991892548759147,0.12008725965773344,0.3309591744776923,0.02636199093236569,0.09457403034445486,0.0946054663539109,0.2930498779128065,0.1780050891473392,1.0,-0.016458596642728522,0.2834238132370915,0.254844132462885,0.3550373431393404,0.19386930709359576
0.14372218980133522,0.12753168224347206,0.18011849834494734,0.17395512753718947,0.32981725743191864,0.11822568065911548,0.6128964579357261,0.17265926563846132,0.563316993982999,0.13158289155460334,0.13199296751038583,0.003593508732331611,0.2019468892237265,-0.016458596642728522,1.0,0.16391925351467193,0.1594868460106132,0.07207184076998545,0.25860280162719324
0.0943837451352724,0.08529377931411823,0.05941895205499102,0.2149975959160515,0.18710454114595446,0.482964730273354,0.2953712611187703,0.8244153630526874,0.23412879693937136,0.7125375329240878,0.12693414159072264,-0.142977999649284,0.06738879723364889,0.2834238132370915,0.16391925351467193,1.0,0.04792789412524251,0.13859668612737408,0.34543022430864817
0.41904614754434993,0.5426235868709129,0.725642144044877,0.6571365550127097,0.5313507754464942,0.26229757990474956,0.2520052398851852,0.057593568224116966,0.07015571876457292,-0.0835752415143194,0.2446180598638456,0.2776898578280158,0.21606909238329752,0.254844132462885,0.1594868460106132,0.04792789412524251,1.0,0.21569789594891614,0.23668318587425502
0.29743696006815146,0.20565177967748172,0.28786047517264973,0.3173226040285068,0.37258861601690724,0.493206144117794,0.2624259815926094,0.30837996661705563,-0.005146987138319818,0.10764856268862522,0.2921636813315569,-0.10751159934636993,0.16021645693081948,0.3550373431393404,0.07207184076998545,0.13859668612737408,0.21569789594891614,1.0,0.39353147328114646
0.04048773912477877,0.12507081626497935,0.28373756672536143,0.25158516982412404,0.3927345982103777,0.45122671621950994,0.5515122333451735,0.49383583565683775,0.4011989304526653,0.32341679704518417,0.023072804747198226,-0.07488266078600501,0.16218458809570296,0.19386930709359576,0.25860280162719324,0.34543022430864817,0.23668318587425502,0.39353147328114646,1.0
