0,1,2,3,4,5,6,7,8,9,10,11,12,13,14,15,16,17,18
1.0,0.09479313480278213,0.4778047714670504,0.4400572170914022,0.14543973936178778,0.20396145111992242,-0.05270922140955068,0.09786337552311829,-0.1274742358522809,0.02363595417877856,0.8788001851839147,-0.492002961741638,0.45748918431450497,0.14773887479748604,0.11027260598924464,0.17362354174980432,0.23466099150490707,0.21713260844004778,-0.25413067738418754
0.09479313480278213,1.0,0.45145615242829645,0.7678421212328871,0.2521257011452053,0.300079635232673,-0.020864222753979582,-0.020279853257288285,-0.15836793848621325,-0.25627737690044394,0.13962185997972562,0.40024138459366737,0.2766433476012608,0.46436369841060754,-0.009614719537531879,-0.05662878461839522,0.5472358650423311,0.3167476497756914,-0.03597729466353335
0.4778047714670504,0.45145615242829645,1.0,0.5911080702230318,0.6194619760531787,0.2978925364283118,0.22799527893963123,0.050242189310205104,-0.008889923320274409,-0.12164207393858936,0.2702920551510786,0.16830456287559892,0.5920340579451007,0.3606424106544458,0.11819294469253544,0.07235733806039187,0.8062810352548085,0.39116292300581323,0.13094970499157743
0.4400572170914022,0.7678421212328871,0.5911080702230318,1.0,0.3331420416130064,0.45856494293647404,0.03569242751417185,0.13087064772733115,-0.0562600226474761,-0.09635811577753169,0.2733806669961061,0.3138694287314608,0.30352659148002176,0.5026577054038464,0.04559415535143485,0.12090631345966191,0.6805953874264465,0.45196470682934176,0.06999347292111104
0.14543973936178778,0.2521257011452053,0.6194619760531787,0.3331420416130064,1.0,0.3782357435992757,0.600758625642307,0.14888140670442232,0.2650918593942755,0.017138627364160643,-0.04602897125238008,0.2305393583460856,0.4997873801168278,0.31285796280263456,0.34628173589982625,0.14577443511835167,0.5328349587270674,0.5385650833129065,0.4268160829818893
0.20396145111992242,0.300079635232673,0.2978925364283118,0.45856494293647404,0.3782357435992757,1.0,0.20740714408915834,0.5607315897352246,0.12698131037299176,0.2337827059140253,0.06871143691519867,0.22404257340621667,0.18305780917479594,0.6948696116357882,0.15597362798163072,0.47923117790905173,0.3297113617006953,0.5426333969085072,0.29869535849610934
-0.05270922140955068,-0.020864222753979582,0.22799527893963123,0.03569242751417185,0.600758625642307,0.20740714408915834,1.0,0.32006111801308285,0.7370018525315273,0.3009654218466899,-0.11408580573015045,-0.04315089107525314,0.2687734795375335,0.10056357558324687,0.5752798343453226,0.29978983013403904,0.2075598509733257,0.32420679177336437,0.547210783084236
0.09786337552311829,-0.020279853257288285,0.050242189310205104,0.13087064772733115,0.14888140670442232,0.5607315897352246,0.32006111801308285,1.0,0.37617031821205626,0.7661355572284148,0.14908457353520363,-0.21828202275770958,0.07335967145090443,0.3912136433080033,0.18181670093640934,0.8127875293572256,0.06740763137489687,0.35222919626014954,0.3749626155270534
-0.1274742358522809,-0.15836793848621325,-0.008889923320274409,-0.0562600226474761,0.2650918593942755,0.12698131037299176,0.7370018525315273,0.37617031821205626,1.0,0.4688217038282186,-0.138716654361618,-0.1304533349271557,-0.0013735174976000656,-0.011700514688796512,0.5616923188597264,0.37445066326307447,0.020289206411301292,0.11044778058713965,0.41692397051840624
0.02363595417877856,-0.25627737690044394,-0.12164207393858936,-0.09635811577753169,0.017138627364160643,0.2337827059140253,0.3009654218466899,0.7661355572284148,0.4688217038282186,1.0,0.10293197732448352,-0.38512803049656186,-0.08311235358295513,-0.027753544003855213,0.1616154039021777,0.7265849871031586,-0.15743956247307425,0.09899602510807444,0.24060009411110175
0.8788001851839147,0.13962185997972562,0.2702920551510786,0.2733806669961061,-0.04602897125238008,0.06871143691519867,-0.11408580573015045,0.14908457353520363,-0.138716654361618,0.10293197732448352,1.0,-0.5678549709501175,0.39789355695259415,0.05875822201468964,0.04763621014402896,0.18785507801605755,0.0009932390426965825,0.12403520597017408,-0.314783415674287
-0.492002961741638,0.40024138459366737,0.16830456287559892,0.3138694287314608,0.2305393583460856,0.22404257340621667,-0.04315089107525314,-0.21828202275770958,-0.1304533349271557,-0.38512803049656186,-0.5678549709501175,1.0,0.016966709286296427,0.39692886561045015,-0.07211054248088548,-0.21560963715430653,0.387608775726951,0.008689041178932972,0.07314972632218847
0.45748918431450497,0.2766433476012608,0.5920340579451007,0.30352659148002176,0.4997873801168278,0.18305780917479594,0.2687734795375335,0.07335967145090443,-0.0013735174976000656,-0.08311235358295513,0.39789355695259415,0.016966709286296427,1.0,0.2755154811920336,0.28914052397864937,0.0950316765971972,0.3874305688345971,0.27593914208649556,-0.00580918110559377
0.14773887479748604,0.46436369841060754,0.3606424106544458,0.5026577054038464,0.31285796280263456,0.6948696116357882,0.10056357558324687,0.3912136433080033,-0.011700514688796512,-0.027753544003855213,0.05875822201468964,0.39692886561045015,0.2755154811920336,1.0,0.10557961610365181,0.3462730286473648,0.4369201659626148,0.40820005196166165,0.19443454422202236
0.11027260598924464,-0.009614719537531879,0.11819294469253544,0.04559415535143485,0.34628173589982625,0.15597362798163072,0.5752798343453226,0.18181670093640934,0.5616923188597264,0.1616154039021777,0.04763621014402896,-0.07211054248088548,0.28914052397864937,0.10557961610365181,1.0,0.25304598097787956,0.0611366697683228,0.14337895683660923,0.2140181941765123
0.17362354174980432,-0.05662878461839522,0.07235733806039187,0.12090631345966191,0.14577443511835167,0.47923117790905173,0.29978983013403904,0.8127875293572256,0.37445066326307447,0.7265849871031586,0.18785507801605755,-0.21560963715430653,0.0950316765971972,0.3462730286473648,0.25304598097787956,1.0,0.051316233873714305,0.2501233006950981,0.2373364586926414
0.23466099150490707,0.5472358650423311,0.8062810352548085,0.6805953874264465,0.5328349587270674,0.3297113617006953,0.2075598509733257,0.06740763137489687,0.020289206411301292,-0.15743956247307425,0.0009932390426965825,0.387608775726951,0.3874305688345971,0.4369201659626148,0.0611366697683228,0.051316233873714305,1.0,0.41643571710896155,0.250783292196133
0.21713260844004778,0.3167476497756914,0.39116292300581323,0.45196470682934176,0.5385650833129065,0.5426333969085072,0.32420679177336437,0.35222919626014954,0.11044778058713965,0.09899602510807444,0.12403520597017408,0.008689041178932972,0.27593914208649556,0.40820005196166165,0.14337895683660923,0.2501233006950981,0.41643571710896155,1.0,0.49650682369960075
-0.25413067738418754,-0.03597729466353335,0.13094970499157743,0.06999347292111104,0.4268160829818893,0.29869535849610934,0.547210783084236,0.3749626155270534,0.41692397051840624,0.24060009411110175,-0.314783415674287,0.07314972632218847,-0.00580918110559377,0.19443454422202236,0.2140181941765123,0.2373364586926414,0.250783292196133,0.49650682369960075,1.0
