0,1,2,3,4,5,6,7,8,9,10,11,12,13,14,15,16,17,18
1.0,0.6759445221877968,0.7188959867176901,0.39867225808477896,0.6127718839381605,0.15400531788386307,0.49261552619340127,0.33077466512678955,0.1715666991403794,0.09719546080785094,0.8242055637220064,0.4356289237871019,0.1966880613797861,0.2645436061677841,0.2936422159627828,0.3164505080035675,0.7734293597211565,0.4731757227111673,0.42974832731053886
0.6759445221877968,1.0,0.6592436917997185,0.7195244660615401,0.3934074343661748,0.15260742863613558,0.2746295483147955,0.2839645109270789,0.03843046710547909,0.10207673406840626,0.5889029164998105,0.7779570978175538,0.2999937557065489,0.35215921676195067,0.15631076845592823,0.4265621135990728,0.6366704058920118,0.5554842084249092,0.2211180821187457
0.7188959867176901,0.6592436917997185,1.0,0.7738507331617973,0.43709164649112225,-0.30694509642513534,0.31047482874883753,-0.014742920798894235,0.154548466026757,-0.06832715591025626,0.6556789422073223,0.7338921794223829,0.6701960910157362,0.6950386710877747,0.26420204575301137,0.4202056130867026,0.6428223069609478,0.3435167686291129,0.27776883538037944
0.39867225808477896,0.7195244660615401,0.7738507331617973,1.0,0.10856295080836015,-0.31828423379094556,-0.004240541432250915,-0.14385552510529862,-0.054912105816083454,-0.0954214244760944,0.35364681353619104,0.9692742221304306,0.7484750104840766,0.7256626213410987,0.06944705140699155,0.4382007777659147,0.35871260698365875,0.3182782090738323,-0.030488433850376476
0.6127718839381605,0.3934074343661748,0.43709164649112225,0.10856295080836015,1.0,0.30102353269562176,0.9052476188084697,0.5471473682081037,0.48573993535389004,0.29006611609778954,0.4763928765381409,0.10989453236195625,0.042462330090728084,0.11817322360793818,0.5322174255231833,0.32314877163923517,0.7253990964289342,0.6296367733374935,0.7180393222987007
0.15400531788386307,0.15260742863613558,-0.30694509642513534,-0.31828423379094556,0.30102353269562176,1.0,0.2880729449993552,0.6672145032281784,0.006586552225095224,0.3394556782673374,0.09173584459997013,-0.20852390984137092,-0.5694252228421455,-0.5107033964034374,0.0686859127723736,0.07350344029149436,0.2133238860190869,0.40146595369332705,0.22226821712932848
0.49261552619340127,0.2746295483147955,0.31047482874883753,-0.004240541432250915,0.9052476188084697,0.2880729449993552,1.0,0.5353090674693468,0.6851871749873961,0.4216802831182993,0.362950482193489,-0.013192275276101834,0.031146835039342742,0.04042963066693675,0.6265782303065464,0.33309417968409355,0.6222336052947453,0.5255006043453537,0.7640883234585858
0.33077466512678955,0.2839645109270789,-0.014742920798894235,-0.14385552510529862,0.5471473682081037,0.6672145032281784,0.5353090674693468,1.0,0.23248802788667955,0.4795034867040878,0.3380386319929618,-0.091805935426977,-0.4905782388413092,-0.12872332728795158,0.20199996406524537,0.3428757234570266,0.3146413166459398,0.35618106406905947,0.34392978538597396
0.1715666991403794,0.03843046710547909,0.154548466026757,-0.054912105816083454,0.48573993535389004,0.006586552225095224,0.6851871749873961,0.23248802788667955,1.0,0.5158049274687461,0.08271396896867181,-0.1213247427587875,0.134215814881632,0.09441592684469537,0.6455955718903856,0.3551587659755891,0.2771353016034641,0.21305514762573396,0.5450358951036848
0.09719546080785094,0.10207673406840626,-0.06832715591025626,-0.0954214244760944,0.29006611609778954,0.3394556782673374,0.4216802831182993,0.4795034867040878,0.5158049274687461,1.0,0.06643187858422242,-0.09012566147925592,-0.09159084068417574,-0.11682090998306685,0.332946684922719,0.51874670468127,0.0748427228101969,0.41130274213391554,0.40310753800369115
0.8242055637220064,0.5889029164998105,0.6556789422073223,0.35364681353619104,0.4763928765381409,0.09173584459997013,0.362950482193489,0.3380386319929618,0.08271396896867181,0.06643187858422242,1.0,0.3614915952900567,0.1591943293277335,0.24817247380861202,0.1986500145752668,0.252166884667997,0.5909524455005825,0.39577563553242817,0.3059292490984461
0.4356289237871019,0.7779570978175538,0.7338921794223829,0.9692742221304306,0.10989453236195625,-0.20852390984137092,-0.013192275276101834,-0.091805935426977,-0.1213247427587875,-0.09012566147925592,0.3614915952900567,1.0,0.6759239944345982,0.6354260945627697,0.027416786386187064,0.4170023678957037,0.3823438258384658,0.3400982699900899,-0.04258445115723333
0.1966880613797861,0.2999937557065489,0.6701960910157362,0.7484750104840766,0.042462330090728084,-0.5694252228421455,0.031146835039342742,-0.4905782388413092,0.134215814881632,-0.09159084068417574,0.1591943293277335,0.6759239944345982,1.0,0.7775073406923314,0.261101742096877,0.38862399652148555,0.1393480967784789,0.052733863754722055,-0.036586623919265766
0.2645436061677841,0.35215921676195067,0.6950386710877747,0.7256626213410987,0.11817322360793818,-0.5107033964034374,0.04042963066693675,-0.12872332728795158,0.09441592684469537,-0.11682090998306685,0.24817247380861202,0.6354260945627697,0.7775073406923314,1.0,0.22957573775037912,0.4178995042850399,0.15522349886671075,0.07314346245781168,0.011692915457728091
0.2936422159627828,0.15631076845592823,0.26420204575301137,0.06944705140699155,0.5322174255231833,0.0686859127723736,0.6265782303065464,0.20199996406524537,0.6455955718903856,0.332946684922719,0.1986500145752668,0.027416786386187064,0.261101742096877,0.22957573775037912,1.0,0.3958393534533094,0.3318549610503642,0.23886977441636337,0.44235832796011926
0.3164505080035675,0.4265621135990728,0.4202056130867026,0.4382007777659147,0.32314877163923517,0.07350344029149436,0.33309417968409355,0.3428757234570266,0.3551587659755891,0.51874670468127,0.252166884667997,0.4170023678957037,0.38862399652148555,0.4178995042850399,0.3958393534533094,1.0,0.2887058012537431,0.4444768469170218,0.24474860967978437
0.7734293597211565,0.6366704058920118,0.6428223069609478,0.35871260698365875,0.7253990964289342,0.2133238860190869,0.6222336052947453,0.3146413166459398,0.2771353016034641,0.0748427228101969,0.5909524455005825,0.3823438258384658,0.1393480967784789,0.15522349886671075,0.3318549610503642,0.2887058012537431,1.0,0.5470630884479828,0.5428691570467518
0.4731757227111673,0.5554842084249092,0.3435167686291129,0.3182782090738323,0.6296367733374935,0.40146595369332705,0.5255006043453537,0.35618106406905947,0.21305514762573396,0.41130274213391554,0.39577563553242817,0.3400982699900899,0.052733863754722055,0.07314346245781168,0.23886977441636337,0.4444768469170218,0.5470630884479828,1.0,0.5171404573117657
0.42974832731053886,0.2211180821187457,0.27776883538037944,-0.030488433850376476,0.7180393222987007,0.22226821712932848,0.7640883234585858,0.34392978538597396,0.5450358951036848,0.40310753800369115,0.3059292490984461,-0.04258445115723333,-0.036586623919265766,0.011692915457728091,0.44235832796011926,0.24474860967978437,0.5428691570467518,0.5171404573117657,1.0
