0,1,2,3,4,5,6,7,8,9,10,11,12,13,14,15,16,17,18
1.0,0.6499412360377104,0.8261066638355717,0.5581219987090628,0.4288046822666875,0.42132795634513964,0.38645074702169,0.39346531287582154,0.21035737691403358,0.19978916781892575,0.6419096142958087,0.5719204684742177,0.25605444303600006,0.21401769353486674,0.0811806855822424,0.2811565947027899,0.7173077664401871,0.32418453014678267,0.30480157508397954
0.6499412360377104,1.0,0.6868990107110835,0.8622848795861426,0.45945127960763577,0.5306008982513832,0.4087265608144225,0.4410104502085626,0.19626459377521807,0.16963833246091825,0.4139777446155081,0.8880624395433058,0.35237597519475156,0.36099375943970624,0.12210654840416148,0.29229420599952627,0.7411557085099252,0.4525543327677046,0.27997992024777174
0.8261066638355717,0.6868990107110835,1.0,0.7262374288746275,0.5283656008997399,0.43520858925346684,0.4628988833622712,0.4158668060584354,0.2442208005879438,0.19456064310860346,0.5758506436018603,0.7006717752784432,0.5325851664523997,0.47576143484953504,0.12003762062127471,0.3645999365714998,0.798313656846768,0.44716556253253575,0.33166921885218503
0.5581219987090628,0.8622848795861426,0.7262374288746275,1.0,0.45007669871926226,0.5356876345828524,0.3960613644444934,0.4101819468774436,0.19954464071774497,0.15217230592948894,0.3763358535772263,0.9443108137403966,0.5765201294907207,0.6369705532892977,0.1405066882346827,0.37519106839122585,0.731314324234102,0.5564587283747667,0.24718879951078673
0.4288046822666875,0.45945127960763577,0.5283656008997399,0.45007669871926226,1.0,0.6748309586844037,0.9171333966852468,0.6561372935157448,0.6087559283573708,0.360442522221762,0.16503089375689914,0.4508678346993555,0.45517117947654673,0.2438980252894932,0.524407688872897,0.45451024666349116,0.6217900963484136,0.638706439651942,0.6745394881386856
0.42132795634513964,0.5306008982513832,0.43520858925346684,0.5356876345828524,0.6748309586844037,1.0,0.6479802000638023,0.7162087315483061,0.3785754076535512,0.4287733533951743,0.2967638450795244,0.5071052275513912,0.1840113225018088,0.23176397458533898,0.3142915581196899,0.49646819005534704,0.5769088732987814,0.6543013208631068,0.49319197394745
0.38645074702169,0.4087265608144225,0.4628988833622712,0.3960613644444934,0.9171333966852468,0.6479802000638023,1.0,0.7333544900186513,0.7564265224985676,0.4721152514386671,0.10931947152521718,0.4015193523052298,0.40914684248344907,0.2362036520985694,0.644949082091626,0.5163503950182101,0.5450511423380684,0.5574206044628585,0.7464637120370969
0.39346531287582154,0.4410104502085626,0.4158668060584354,0.4101819468774436,0.6561372935157448,0.7162087315483061,0.7333544900186513,1.0,0.46218614844503897,0.646623868824196,0.3329555703706595,0.40737424273135686,0.20849410427374598,0.20478874999948846,0.3969554810909443,0.7289458399274459,0.4329661785515574,0.3107430097141709,0.4522369743495427
0.21035737691403358,0.19626459377521807,0.2442208005879438,0.19954464071774497,0.6087559283573708,0.3785754076535512,0.7564265224985676,0.46218614844503897,1.0,0.467899957404995,-0.04496630714218679,0.21974547645505807,0.2714253727380538,0.19358338743566403,0.6653912730059507,0.41441916176264715,0.32045170862994077,0.39987554572304834,0.626722129573489
0.19978916781892575,0.16963833246091825,0.19456064310860346,0.15217230592948894,0.360442522221762,0.4287733533951743,0.4721152514386671,0.646623868824196,0.467899957404995,1.0,0.1250485892506812,0.11361674909468311,0.12520106367006045,0.14374884466797716,0.2763153725520358,0.5994007392897307,0.14773434699288868,0.4071993063632504,0.4921475677071439
0.6419096142958087,0.4139777446155081,0.5758506436018603,0.3763358535772263,0.16503089375689914,0.2967638450795244,0.10931947152521718,0.3329555703706595,-0.04496630714218679,0.1250485892506812,1.0,0.33180786020372466,0.18948600686121897,0.13890474233514633,-0.11704393057008991,0.15247339820509748,0.36717994523170466,0.21996039548917637,-0.04185595119766887
0.5719204684742177,0.8880624395433058,0.7006717752784432,0.9443108137403966,0.4508678346993555,0.5071052275513912,0.4015193523052298,0.40737424273135686,0.21974547645505807,0.11361674909468311,0.33180786020372466,1.0,0.5166172374005518,0.5701875917565639,0.1667333965628979,0.33099824224647073,0.7289791771157431,0.48275292102021977,0.2589563869133639
0.25605444303600006,0.35237597519475156,0.5325851664523997,0.5765201294907207,0.45517117947654673,0.1840113225018088,0.40914684248344907,0.20849410427374598,0.2714253727380538,0.12520106367006045,0.18948600686121897,0.5166172374005518,1.0,0.8416465413811837,0.3702093118754444,0.4552497308169877,0.34567605539856205,0.42996326993764733,0.14807341880136787
0.21401769353486674,0.36099375943970624,0.47576143484953504,0.6369705532892977,0.2438980252894932,0.23176397458533898,0.2362036520985694,0.20478874999948846,0.19358338743566403,0.14374884466797716,0.13890474233514633,0.5701875917565639,0.8416465413811837,1.0,0.20083934827059785,0.47351371491204036,0.2884970753424808,0.44379294610386655,0.10597895885164335
0.0811806855822424,0.12210654840416148,0.12003762062127471,0.1405066882346827,0.524407688872897,0.3142915581196899,0.644949082091626,0.3969554810909443,0.6653912730059507,0.2763153725520358,-0.11704393057008991,0.1667333965628979,0.3702093118754444,0.20083934827059785,1.0,0.42572551780668855,0.19139529392832189,0.19605126089247582,0.3886799851155175
0.2811565947027899,0.29229420599952627,0.3645999365714998,0.37519106839122585,0.45451024666349116,0.49646819005534704,0.5163503950182101,0.7289458399274459,0.41441916176264715,0.5994007392897307,0.15247339820509748,0.33099824224647073,0.4552497308169877,0.47351371491204036,0.42572551780668855,1.0,0.3253287923355956,0.34123499391524476,0.35309793228568853
0.7173077664401871,0.7411557085099252,0.798313656846768,0.731314324234102,0.6217900963484136,0.5769088732987814,0.5450511423380684,0.4329661785515574,0.32045170862994077,0.14773434699288868,0.36717994523170466,0.7289791771157431,0.34567605539856205,0.2884970753424808,0.19139529392832189,0.3253287923355956,1.0,0.4626924232840124,0.4199636748832555
0.32418453014678267,0.4525543327677046,0.44716556253253575,0.5564587283747667,0.638706439651942,0.6543013208631068,0.5574206044628585,0.3107430097141709,0.39987554572304834,0.4071993063632504,0.21996039548917637,0.48275292102021977,0.42996326993764733,0.44379294610386655,0.19605126089247582,0.34123499391524476,0.4626924232840124,1.0,0.48382660501782737
0.30480157508397954,0.27997992024777174,0.33166921885218503,0.24718879951078673,0.6745394881386856,0.49319197394745,0.7464637120370969,0.4522369743495427,0.626722129573489,0.4921475677071439,-0.04185595119766887,0.2589563869133639,0.14807341880136787,0.10597895885164335,0.3886799851155175,0.35309793228568853,0.4199636748832555,0.48382660501782737,1.0
