0,1,2,3,4,5,6,7,8,9,10,11,12,13,14,15,16,17,18
1.0,0.8871598595272611,0.9125090722158874,0.8181643901351147,0.7354959872452481,0.36405175679628327,0.6881097123571349,0.44405387618499315,0.36325240605186115,0.36730297343772766,0.9540150439779276,0.8589805813676757,0.472813103335158,0.22059131113182087,0.5871467124904809,0.609502059987261,0.8495079329389004,0.6380082233844256,0.5295027455172229
0.8871598595272611,1.0,0.825122426516703,0.9344682344166009,0.7095141657872256,0.432311260059006,0.6590849185714165,0.5422411162816805,0.2933998009013307,0.40572185362301844,0.8541011853110708,0.9641987932156342,0.43258544270810323,0.26020020431059204,0.5222596299214947,0.6641232484624902,0.8520024430744694,0.7037671190553098,0.4636698063447311
0.9125090722158874,0.825122426516703,1.0,0.8200547922864158,0.7196085876881728,0.19945770679251928,0.6281231773982631,0.2887822121373355,0.362226611346173,0.28957181566759116,0.8910694349728383,0.8279535796506187,0.6443119796645154,0.42422298205415415,0.5709874896630189,0.598689737484606,0.8571042176776889,0.624663376648786,0.5257772320721834
0.8181643901351147,0.9344682344166009,0.8200547922864158,1.0,0.6627626224462094,0.3364086688923005,0.5892446069394479,0.4752817521128968,0.22236189952379826,0.3470190909756161,0.7959460413047682,0.9746084553570183,0.5415789070355969,0.43038276497987804,0.46236340363916484,0.6991984094322564,0.8319480684794628,0.7079264762407534,0.42810456163356814
0.7354959872452481,0.7095141657872256,0.7196085876881728,0.6627626224462094,1.0,0.5511782701529283,0.9303062410746342,0.524786874611523,0.5266380086952193,0.4359857114430252,0.7246422841494087,0.6709575443853392,0.4329248014071511,0.08868656023246017,0.7350936265333784,0.5838033475386453,0.8132567289617135,0.7403972860022994,0.6936801609155082
0.36405175679628327,0.432311260059006,0.19945770679251928,0.3364086688923005,0.5511782701529283,1.0,0.5302530218823952,0.7442929965101501,0.1004665422903529,0.35283591237712786,0.3337914156837759,0.3616625394461264,-0.30279772203938654,-0.48833096015229127,0.29218290592288193,0.2973156791176766,0.47240444359160777,0.4112004161569784,0.3645307080876247
0.6881097123571349,0.6590849185714165,0.6281231773982631,0.5892446069394479,0.9303062410746342,0.5302530218823952,1.0,0.591242830183319,0.6531463089895665,0.5154243291653589,0.68182761034406,0.6105710361465694,0.36536902471765814,0.055815593175049,0.758148336835807,0.5907732041308195,0.7038384012168755,0.6753433650849396,0.7593069587331781
0.44405387618499315,0.5422411162816805,0.2887822121373355,0.4752817521128968,0.524786874611523,0.7442929965101501,0.591242830183319,1.0,0.24320537132234948,0.555552039097907,0.4335521999174889,0.5069281497662936,-0.24439684996748973,-0.1593237647787301,0.28779317514467334,0.5579605852339466,0.41998402486597625,0.36085658230924944,0.3774898321430174
0.36325240605186115,0.2933998009013307,0.362226611346173,0.22236189952379826,0.5266380086952193,0.1004665422903529,0.6531463089895665,0.24320537132234948,1.0,0.569270935306602,0.38254413283410743,0.2617356865600649,0.3146106115527535,0.1692980963876138,0.6911137148398023,0.35066424938753793,0.2784692846637171,0.3922002420811876,0.6124966509146271
0.36730297343772766,0.40572185362301844,0.28957181566759116,0.3470190909756161,0.4359857114430252,0.35283591237712786,0.5154243291653589,0.555552039097907,0.569270935306602,1.0,0.4164168845205086,0.37875660728280175,0.15257406891361455,0.05810146590464173,0.4280657973287952,0.5546594634190838,0.26653401068666854,0.49373062775670656,0.5552765022948815
0.9540150439779276,0.8541011853110708,0.8910694349728383,0.7959460413047682,0.7246422841494087,0.3337914156837759,0.68182761034406,0.4335521999174889,0.38254413283410743,0.4164168845205086,1.0,0.830676658035553,0.5090036760125356,0.2340483681593556,0.600158492668616,0.6155124826777184,0.8032759202710965,0.6532003718192387,0.5320523769366804
0.8589805813676757,0.9641987932156342,0.8279535796506187,0.9746084553570183,0.6709575443853392,0.3616625394461264,0.6105710361465694,0.5069281497662936,0.2617356865600649,0.37875660728280175,0.830676658035553,1.0,0.510924698362798,0.37989076645993036,0.4886646725116868,0.6845686860475467,0.8279611761044818,0.6870282572171482,0.43591017186727177
0.472813103335158,0.43258544270810323,0.6443119796645154,0.5415789070355969,0.4329248014071511,-0.30279772203938654,0.36536902471765814,-0.24439684996748973,0.3146106115527535,0.15257406891361455,0.5090036760125356,0.510924698362798,1.0,0.7352326843155005,0.47106965860893396,0.4704075465418052,0.47152985404049186,0.4273171397123095,0.29666858938535334
0.22059131113182087,0.26020020431059204,0.42422298205415415,0.43038276497987804,0.08868656023246017,-0.48833096015229127,0.055815593175049,-0.1593237647787301,0.1692980963876138,0.05810146590464173,0.2340483681593556,0.37989076645993036,0.7352326843155005,1.0,0.1470215896957173,0.45205369380664656,0.21255830777355972,0.29482357789010116,0.11843093553863032
0.5871467124904809,0.5222596299214947,0.5709874896630189,0.46236340363916484,0.7350936265333784,0.29218290592288193,0.758148336835807,0.28779317514467334,0.6911137148398023,0.4280657973287952,0.600158492668616,0.4886646725116868,0.47106965860893396,0.1470215896957173,1.0,0.5262926667488245,0.5716005289494422,0.5330247511179865,0.5575280345717527
0.609502059987261,0.6641232484624902,0.598689737484606,0.6991984094322564,0.5838033475386453,0.2973156791176766,0.5907732041308195,0.5579605852339466,0.35066424938753793,0.5546594634190838,0.6155124826777184,0.6845686860475467,0.4704075465418052,0.45205369380664656,0.5262926667488245,1.0,0.6068256200450349,0.6607536480072473,0.47308231139332263
0.8495079329389004,0.8520024430744694,0.8571042176776889,0.8319480684794628,0.8132567289617135,0.47240444359160777,0.7038384012168755,0.41998402486597625,0.2784692846637171,0.26653401068666854,0.8032759202710965,0.8279611761044818,0.47152985404049186,0.21255830777355972,0.5716005289494422,0.6068256200450349,1.0,0.6974366812565777,0.5121754952618365
0.6380082233844256,0.7037671190553098,0.624663376648786,0.7079264762407534,0.7403972860022994,0.4112004161569784,0.6753433650849396,0.36085658230924944,0.3922002420811876,0.49373062775670656,0.6532003718192387,0.6870282572171482,0.4273171397123095,0.29482357789010116,0.5330247511179865,0.6607536480072473,0.6974366812565777,1.0,0.5886129164031517
0.5295027455172229,0.4636698063447311,0.5257772320721834,0.42810456163356814,0.6936801609155082,0.3645307080876247,0.7593069587331781,0.3774898321430174,0.6124966509146271,0.5552765022948815,0.5320523769366804,0.43591017186727177,0.29666858938535334,0.11843093553863032,0.5575280345717527,0.47308231139332263,0.5121754952618365,0.5886129164031517,1.0
