0,1,2,3,4,5,6,7,8,9,10,11,12,13,14,15,16,17,18
1.0,0.522417140192215,0.8444755856579679,0.48640673005134893,0.3861660885463715,0.18135683034890707,0.22649546322734362,0.020529790132267165,-0.09034511179523845,-0.17257612323742014,0.7012115926800959,0.508973945560212,0.4426278916268869,0.24102307051954716,-0.03661599245007331,-0.009737891539846966,0.6498167570324319,0.26382493282546976,0.18699881947365876
0.522417140192215,1.0,0.5799469747877982,0.8786467799342923,0.3151305525360919,0.42130943502666846,0.1833474356105807,0.2502436470686702,-0.044967250174643154,-0.07267404732281499,0.3974992288810602,0.9230424186030506,0.31715015884729203,0.4740800048150821,0.014442582125632536,0.16163343043114012,0.6943523783925022,0.32626376967891235,0.1873032839240554
0.8444755856579679,0.5799469747877982,1.0,0.5601628140987456,0.5079178388966774,0.25099189014060563,0.3199345574803224,0.0994049879521329,-0.04119733070812899,-0.13784686001593377,0.649032444138211,0.5581354140537589,0.5598971971067008,0.30595496461781857,0.05018978134489776,0.07197072753605296,0.7679559084584001,0.3299580215361193,0.2485386875889227
0.48640673005134893,0.8786467799342923,0.5601628140987456,1.0,0.3754260699610234,0.6010985575868407,0.24929398478176193,0.389796433164411,-0.009285763054532206,0.01853701047962322,0.36177824195850716,0.9365038522963927,0.35446959027463654,0.6507161906462732,0.09641829387025741,0.2954477183950717,0.7401839416111702,0.41353889580026426,0.2605804432085428
0.3861660885463715,0.3151305525360919,0.5079178388966774,0.3754260699610234,1.0,0.5349439326806561,0.8551675889842534,0.44178634962177726,0.37826544850367305,0.14447777040565868,0.23980444521708008,0.35454376857137204,0.6797384898048638,0.46564852096512843,0.39278559216722003,0.2941871987059442,0.5402703008832402,0.6944206558289591,0.6047679583467117
0.18135683034890707,0.42130943502666846,0.25099189014060563,0.6010985575868407,0.5349439326806561,1.0,0.4443099697318503,0.6708386964952818,0.16042273923860947,0.3828919934336428,0.15186882278866096,0.5158764676671435,0.27729170187568,0.906135353064077,0.2084582949446451,0.615061710948588,0.42115148320141665,0.7327142487439685,0.46503289858371755
0.22649546322734362,0.1833474356105807,0.3199345574803224,0.24929398478176193,0.8551675889842534,0.4443099697318503,1.0,0.544599290647707,0.661105875887449,0.2693499125762741,0.07410043026789022,0.2333153294833461,0.5475610301043918,0.38225612300386763,0.5391218594781039,0.35974214703728163,0.40110893368769224,0.556997929356632,0.6852403723833342
0.020529790132267165,0.2502436470686702,0.0994049879521329,0.389796433164411,0.44178634962177726,0.6708386964952818,0.544599290647707,1.0,0.4406947497256842,0.6232789934370979,0.0909270045716575,0.329347064931791,0.11430863729652846,0.6556300863972677,0.2969266970057469,0.7994297571816739,0.2239496648487717,0.3392712702388517,0.3812560627337751
-0.09034511179523845,-0.044967250174643154,-0.04119733070812899,-0.009285763054532206,0.37826544850367305,0.16042273923860947,0.661105875887449,0.4406947497256842,1.0,0.4548603859097217,-0.20049388297441245,-0.0055478030491451415,0.1158354881355733,0.10219520341570167,0.5628670725198995,0.3269557832635758,0.08157287637099372,0.171748102323329,0.4705059940730548
-0.17257612323742014,-0.07267404732281499,-0.13784686001593377,0.01853701047962322,0.14447777040565868,0.3828919934336428,0.2693499125762741,0.6232789934370979,0.4548603859097217,1.0,-0.12482571808228644,-0.04604518818356338,-0.018298765343232846,0.30353975783466425,0.26066695997518835,0.6259195723739216,-0.02811110456722279,0.3527796501157901,0.41496286289184814
0.7012115926800959,0.3974992288810602,0.649032444138211,0.36177824195850716,0.23980444521708008,0.15186882278866096,0.07410043026789022,0.0909270045716575,-0.20049388297441245,-0.12482571808228644,1.0,0.34701611353170553,0.36912005701213024,0.16567220438954347,-0.12711442261740769,-0.007136780740523965,0.3970300167646459,0.20665736133934567,0.0996042312852666
0.508973945560212,0.9230424186030506,0.5581354140537589,0.9365038522963927,0.35454376857137204,0.5158764676671435,0.2333153294833461,0.329347064931791,-0.0055478030491451415,-0.04604518818356338,0.34701611353170553,1.0,0.3315481981919809,0.5833260482994199,0.056903639244071345,0.2382012765320668,0.7178943460855435,0.37022488340993864,0.23745640600219844
0.4426278916268869,0.31715015884729203,0.5598971971067008,0.35446959027463654,0.6797384898048638,0.27729170187568,0.5475610301043918,0.11430863729652846,0.1158354881355733,-0.018298765343232846,0.36912005701213024,0.3315481981919809,1.0,0.33380807629555675,0.3711746677902285,0.1776533662826467,0.5080784786524869,0.38747125193229187,0.27617302957763634
0.24102307051954716,0.4740800048150821,0.30595496461781857,0.6507161906462732,0.46564852096512843,0.906135353064077,0.38225612300386763,0.6556300863972677,0.10219520341570167,0.30353975783466425,0.16567220438954347,0.5833260482994199,0.33380807629555675,1.0,0.23991802634525386,0.6771729750644782,0.5040058226872441,0.6083609963298774,0.37464352558907654
-0.03661599245007331,0.014442582125632536,0.05018978134489776,0.09641829387025741,0.39278559216722003,0.2084582949446451,0.5391218594781039,0.2969266970057469,0.5628670725198995,0.26066695997518835,-0.12711442261740769,0.056903639244071345,0.3711746677902285,0.23991802634525386,1.0,0.3639138035052087,0.16974290669245704,0.2003044241379832,0.2594012037527352
-0.009737891539846966,0.16163343043114012,0.07197072753605296,0.2954477183950717,0.2941871987059442,0.615061710948588,0.35974214703728163,0.7994297571816739,0.3269557832635758,0.6259195723739216,-0.007136780740523965,0.2382012765320668,0.1776533662826467,0.6771729750644782,0.3639138035052087,1.0,0.2505684058924938,0.3757428227093987,0.3383460851234044
0.6498167570324319,0.6943523783925022,0.7679559084584001,0.7401839416111702,0.5402703008832402,0.42115148320141665,0.40110893368769224,0.2239496648487717,0.08157287637099372,-0.02811110456722279,0.3970300167646459,0.7178943460855435,0.5080784786524869,0.5040058226872441,0.16974290669245704,0.2505684058924938,1.0,0.4155284017117444,0.3494534073146605
0.26382493282546976,0.32626376967891235,0.3299580215361193,0.41353889580026426,0.6944206558289591,0.7327142487439685,0.556997929356632,0.3392712702388517,0.171748102323329,0.3527796501157901,0.20665736133934567,0.37022488340993864,0.38747125193229187,0.6083609963298774,0.2003044241379832,0.3757428227093987,0.4155284017117444,1.0,0.5736698549039771
0.18699881947365876,0.1873032839240554,0.2485386875889227,0.2605804432085428,0.6047679583467117,0.46503289858371755,0.6852403723833342,0.3812560627337751,0.4705059940730548,0.41496286289184814,0.0996042312852666,0.23745640600219844,0.27617302957763634,0.37464352558907654,0.2594012037527352,0.3383460851234044,0.3494534073146605,0.5736698549039771,1.0
