0,1,2,3,4,5,6,7,8,9,10,11,12,13,14,15,16,17,18
1.0,0.17985463301511118,0.8168919998366685,0.46657688927928326,0.4618472989487728,0.25938285895584456,0.41503682215609095,0.20378043141858201,0.21684840955143792,0.04438357940125597,0.516592774727771,-0.04397924561295343,0.4874946253538595,0.15602368937169514,0.3833751671998815,0.06293320805794748,0.7543071371712345,0.3195657101158658,0.4059537096176302
0.17985463301511118,1.0,0.3138039645638654,0.5913836335988596,0.1335964802832306,0.3507656707029851,-0.03340641130616922,0.21873549238187834,-0.2226788206209704,-0.04387832581042276,0.12339015418369781,0.05346908189341472,0.22139237810261464,0.3362706866585972,0.17051430253947678,0.1630008702188174,0.5363109652824354,0.2839475056075642,-0.008305446054552868
0.8168919998366685,0.3138039645638654,1.0,0.5478118301210239,0.5843909919097485,0.28657065475822124,0.5431438622429792,0.27853670859400464,0.36185234049749604,0.09302134798423156,0.48980477670130496,0.11632032507205822,0.6084224182833246,0.22722631494755324,0.48219125520042694,0.08612424753347389,0.7763982189949477,0.36691245051157767,0.48122673183913506
0.46657688927928326,0.5913836335988596,0.5478118301210239,1.0,0.3291787629537011,0.5893372201677428,0.28953264108479193,0.5039361249279368,0.20874185472304144,0.3106220179134537,0.28922141202677115,-0.02263725102808596,0.3206059109667689,0.41447670555898364,0.22491505314756557,0.31891826487631797,0.6824711942093342,0.5456996270938514,0.3024337407741196
0.4618472989487728,0.1335964802832306,0.5843909919097485,0.3291787629537011,1.0,0.46409819154517756,0.8917413664946536,0.5362444425708893,0.6311699722031519,0.3378268218746604,0.24287574997374833,0.01187079662616958,0.7936955961331874,0.2900780925318522,0.6068206118183562,0.22824164443695372,0.5316182236307548,0.5843490081468947,0.7615407565690859
0.25938285895584456,0.3507656707029851,0.28657065475822124,0.5893372201677428,0.46409819154517756,1.0,0.440815515927514,0.8064800099903467,0.2674286225211762,0.4793286951767854,0.19103851881147454,-0.10152966211679736,0.4012855587641493,0.5990398317787861,0.2981399450711075,0.5762137255167413,0.35741955844334683,0.6768876614135436,0.47982382697552584
0.41503682215609095,-0.03340641130616922,0.5431438622429792,0.28953264108479193,0.8917413664946536,0.440815515927514,1.0,0.5654896282497024,0.7961302457661441,0.44281266723975016,0.20787959641490888,-0.02221325773414118,0.7656454985632031,0.2531141304047017,0.6556491454203933,0.20707876871213027,0.49174233824023195,0.55772994603801,0.8738123787382251
0.20378043141858201,0.21873549238187834,0.27853670859400464,0.5039361249279368,0.5362444425708893,0.8064800099903467,0.5654896282497024,1.0,0.4028100204505785,0.6039713048747891,0.15275586557743853,-0.19139864825788072,0.4137945438163902,0.43569268410911055,0.3567881619436069,0.609462622110754,0.3056622862868194,0.678042398987096,0.631020626057485
0.21684840955143792,-0.2226788206209704,0.36185234049749604,0.20874185472304144,0.6311699722031519,0.2674286225211762,0.7961302457661441,0.4028100204505785,1.0,0.5478643995677847,0.07653883412229903,-0.0331964057715996,0.576867373611278,0.19090006958719757,0.599091364352749,0.1858191792463909,0.35333850388899024,0.3287876937496767,0.730650846252375
0.04438357940125597,-0.04387832581042276,0.09302134798423156,0.3106220179134537,0.3378268218746604,0.4793286951767854,0.44281266723975016,0.6039713048747891,0.5478643995677847,1.0,0.10022163714525022,-0.3269930979293638,0.2907277184555813,0.2701482333385187,0.33698635003774086,0.5999600002448867,0.08372177887117513,0.43642236087603403,0.4597035382329936
0.516592774727771,0.12339015418369781,0.48980477670130496,0.28922141202677115,0.24287574997374833,0.19103851881147454,0.20787959641490888,0.15275586557743853,0.07653883412229903,0.10022163714525022,1.0,-0.08936125886707275,0.4534948490667744,0.15441353262301374,0.44799934050213464,0.17215933131354746,0.33615468857470526,0.1969825518864956,0.17686215112857798
-0.04397924561295343,0.05346908189341472,0.11632032507205822,-0.02263725102808596,0.01187079662616958,-0.10152966211679736,-0.02221325773414118,-0.19139864825788072,-0.0331964057715996,-0.3269930979293638,-0.08936125886707275,1.0,0.06605053682614533,0.1414680038263898,0.04552528898910961,-0.22097078059144024,0.2226183991037123,-0.17955666498100678,0.009353195711501614
0.4874946253538595,0.22139237810261464,0.6084224182833246,0.3206059109667689,0.7936955961331874,0.4012855587641493,0.7656454985632031,0.4137945438163902,0.576867373611278,0.2907277184555813,0.4534948490667744,0.06605053682614533,1.0,0.3222594881385218,0.8495195369480265,0.24782014361173269,0.4610992286883209,0.4014623842705355,0.5930865157561847
0.15602368937169514,0.3362706866585972,0.22722631494755324,0.41447670555898364,0.2900780925318522,0.5990398317787861,0.2531141304047017,0.43569268410911055,0.19090006958719757,0.2701482333385187,0.15441353262301374,0.1414680038263898,0.3222594881385218,1.0,0.2630730681337234,0.546279128345142,0.2522440481333176,0.39228431516487616,0.25688072798857037
0.3833751671998815,0.17051430253947678,0.48219125520042694,0.22491505314756557,0.6068206118183562,0.2981399450711075,0.6556491454203933,0.3567881619436069,0.599091364352749,0.33698635003774086,0.44799934050213464,0.04552528898910961,0.8495195369480265,0.2630730681337234,1.0,0.28888789596038145,0.36788993506277246,0.30305179806579907,0.5246973085440715
0.06293320805794748,0.1630008702188174,0.08612424753347389,0.31891826487631797,0.22824164443695372,0.5762137255167413,0.20707876871213027,0.609462622110754,0.1858191792463909,0.5999600002448867,0.17215933131354746,-0.22097078059144024,0.24782014361173269,0.546279128345142,0.28888789596038145,1.0,0.07919960026356582,0.4003929436758063,0.23645717999462013
0.7543071371712345,0.5363109652824354,0.7763982189949477,0.6824711942093342,0.5316182236307548,0.35741955844334683,0.49174233824023195,0.3056622862868194,0.35333850388899024,0.08372177887117513,0.33615468857470526,0.2226183991037123,0.4610992286883209,0.2522440481333176,0.36788993506277246,0.07919960026356582,1.0,0.41830349509301895,0.5422751485398336
0.3195657101158658,0.2839475056075642,0.36691245051157767,0.5456996270938514,0.5843490081468947,0.6768876614135436,0.55772994603801,0.678042398987096,0.3287876937496767,0.43642236087603403,0.1969825518864956,-0.17955666498100678,0.4014623842705355,0.39228431516487616,0.30305179806579907,0.4003929436758063,0.41830349509301895,1.0,0.6396289333564164
0.4059537096176302,-0.008305446054552868,0.48122673183913506,0.3024337407741196,0.7615407565690859,0.47982382697552584,0.8738123787382251,0.631020626057485,0.730650846252375,0.4597035382329936,0.17686215112857798,0.009353195711501614,0.5930865157561847,0.25688072798857037,0.5246973085440715,0.23645717999462013,0.5422751485398336,0.6396289333564164,1.0
