0,1,2,3,4,5,6,7,8,9,10,11,12,13,14,15,16,17,18
1.0,0.2072967931980142,0.7284384707276303,0.5002264023529405,0.3673092165923178,0.23958824307588095,0.2763119776993626,0.14099593515030479,0.08667621430320355,-0.04661824662025168,0.5763935048809199,0.16705894323904777,0.36423219570054605,0.2931357792842072,0.2072992550423134,0.06816172259938068,0.6757367493243286,0.22630263712125415,0.23650349539143425
0.2072967931980142,1.0,0.4527495566261778,0.7104826025744567,0.18309446018158773,0.3492187703657147,0.015099085867849549,0.22045853350521316,-0.1992769383071678,-0.03528211536714173,0.168824412320828,0.027654252184016674,0.1359761495238801,0.35647623476457974,0.013872861047436355,0.06663179143778165,0.6246622315106114,0.3116318561869533,0.023494775454905924
0.7284384707276303,0.4527495566261778,1.0,0.676498909363669,0.5942397728256147,0.3867839793269863,0.5252327966995347,0.29134542090551496,0.326675385692041,0.032605506714819245,0.5349268032573249,0.4153951893634166,0.5916704847818179,0.4914411670643115,0.4418373354113853,0.22033598240727442,0.8373839444352612,0.402930476740077,0.46256277897293346
0.5002264023529405,0.7104826025744567,0.676498909363669,1.0,0.41968035833024137,0.568983599225683,0.34537829381116536,0.48974665584925603,0.19583740285042714,0.2110466858714491,0.3854616015997774,0.19481297382667306,0.36669108836155856,0.5968535694125255,0.28498883665267316,0.30685975651344805,0.787044845756242,0.5732162619314294,0.356197541834794
0.3673092165923178,0.18309446018158773,0.5942397728256147,0.41968035833024137,1.0,0.59038302627102,0.896415679703193,0.5372505682872981,0.6515011210448808,0.26194144860804547,0.30240280611211606,0.30791678932599115,0.847079679983628,0.5416023614714738,0.7169446421475218,0.3822804256728449,0.5775249932521378,0.6803554153607503,0.7527280017826379
0.23958824307588095,0.3492187703657147,0.3867839793269863,0.568983599225683,0.59038302627102,1.0,0.5443667861906448,0.8434873652211253,0.39534974349321705,0.46812608411805007,0.20091222111032386,0.057096880465869464,0.5097178661320307,0.7279206748716699,0.4163210454652535,0.592169070662114,0.4235015673480303,0.7178820379911306,0.589440492246548
0.2763119776993626,0.015099085867849549,0.5252327966995347,0.34537829381116536,0.896415679703193,0.5443667861906448,1.0,0.5706366716719479,0.821334038474295,0.3208956961762781,0.20686014290980148,0.29994130007712694,0.8156990854325666,0.47950689603251867,0.7862729407261585,0.3998009388335439,0.5207111259917576,0.6430693362241218,0.8729919719042546
0.14099593515030479,0.22045853350521316,0.29134542090551496,0.48974665584925603,0.5372505682872981,0.8434873652211253,0.5706366716719479,1.0,0.4632776048453363,0.6552106091756795,0.18541818197182294,-0.06362839177829656,0.43805068392141405,0.6587660705289311,0.39957720241254746,0.6895116407386719,0.30341923665237297,0.7520983080011122,0.6853880014344413
0.08667621430320355,-0.1992769383071678,0.326675385692041,0.19583740285042714,0.6515011210448808,0.39534974349321705,0.821334038474295,0.4632776048453363,1.0,0.4518506389970207,0.06697347007861809,0.18152503633695824,0.6275068281641708,0.3355436504381353,0.7373263759134344,0.39971491654918595,0.3312187300282702,0.4496707924073341,0.7471928051994469
-0.04661824662025168,-0.03528211536714173,0.032605506714819245,0.2110466858714491,0.26194144860804547,0.46812608411805007,0.3208956961762781,0.6552106091756795,0.4518506389970207,1.0,0.06132618776140665,-0.29341799086515785,0.1765579808163046,0.3457688541149508,0.21837095876308324,0.6784913687667171,-0.0027914512887776475,0.483262229215309,0.47083967942104515
0.5763935048809199,0.168824412320828,0.5349268032573249,0.3854616015997774,0.30240280611211606,0.20091222111032386,0.20686014290980148,0.18541818197182294,0.06697347007861809,0.06132618776140665,1.0,0.13174591619816664,0.3972678623695733,0.3672038238664829,0.26220388139126743,0.17927952914241632,0.4150228132865535,0.2519287326535133,0.18033108310214327
0.16705894323904777,0.027654252184016674,0.4153951893634166,0.19481297382667306,0.30791678932599115,0.057096880465869464,0.29994130007712694,-0.06362839177829656,0.18152503633695824,-0.29341799086515785,0.13174591619816664,1.0,0.3831670257839001,0.24436578580821125,0.4082051802010064,-0.0212038077048243,0.47317357957064976,0.049056815546217714,0.23838375690658964
0.36423219570054605,0.1359761495238801,0.5916704847818179,0.36669108836155856,0.847079679983628,0.5097178661320307,0.8156990854325666,0.43805068392141405,0.6275068281641708,0.1765579808163046,0.3972678623695733,0.3831670257839001,1.0,0.5270767192096478,0.8564824698831437,0.35224018071426694,0.49442547557791633,0.4988441230635608,0.6245500470358685
0.2931357792842072,0.35647623476457974,0.4914411670643115,0.5968535694125255,0.5416023614714738,0.7279206748716699,0.47950689603251867,0.6587660705289311,0.3355436504381353,0.3457688541149508,0.3672038238664829,0.24436578580821125,0.5270767192096478,1.0,0.4535833247856343,0.5724911663896833,0.47106934864144945,0.5965026164742013,0.5246543158312671
0.2072992550423134,0.013872861047436355,0.4418373354113853,0.28498883665267316,0.7169446421475218,0.4163210454652535,0.7862729407261585,0.39957720241254746,0.7373263759134344,0.21837095876308324,0.26220388139126743,0.4082051802010064,0.8564824698831437,0.4535833247856343,1.0,0.4051499372764089,0.41014798271241204,0.41858559145025404,0.6041868638370371
0.06816172259938068,0.06663179143778165,0.22033598240727442,0.30685975651344805,0.3822804256728449,0.592169070662114,0.3998009388335439,0.6895116407386719,0.39971491654918595,0.6784913687667171,0.17927952914241632,-0.0212038077048243,0.35224018071426694,0.5724911663896833,0.4051499372764089,1.0,0.1814470177150546,0.49971627016367065,0.4809929131541498
0.6757367493243286,0.6246622315106114,0.8373839444352612,0.787044845756242,0.5775249932521378,0.4235015673480303,0.5207111259917576,0.30341923665237297,0.3312187300282702,-0.0027914512887776475,0.4150228132865535,0.47317357957064976,0.49442547557791633,0.47106934864144945,0.41014798271241204,0.1814470177150546,1.0,0.45890075118354867,0.4895685884619835
0.22630263712125415,0.3116318561869533,0.402930476740077,0.5732162619314294,0.6803554153607503,0.7178820379911306,0.6430693362241218,0.7520983080011122,0.4496707924073341,0.483262229215309,0.2519287326535133,0.049056815546217714,0.4988441230635608,0.5965026164742013,0.41858559145025404,0.49971627016367065,0.45890075118354867,1.0,0.7221759255859788
0.23650349539143425,0.023494775454905924,0.46256277897293346,0.356197541834794,0.7527280017826379,0.589440492246548,0.8729919719042546,0.6853880014344413,0.7471928051994469,0.47083967942104515,0.18033108310214327,0.23838375690658964,0.6245500470358685,0.5246543158312671,0.6041868638370371,0.4809929131541498,0.4895685884619835,0.7221759255859788,1.0
