0,1,2,3,4,5,6,7,8,9,10,11,12,13,14,15,16,17,18
1.0,0.4572740428747883,0.8144103396151704,0.6328175950402269,0.2853552282383326,0.21529497812966597,0.147260287808204,0.07946956386624528,-0.001845294080109295,-0.10733405112409111,0.6080528942407398,0.24429195399158432,0.3028117936710687,0.31720942412275865,0.15524908423385625,0.022085824891315466,0.7703441252749337,0.17034682733908144,0.1121046595224834
0.4572740428747883,1.0,0.5670797062793684,0.771924495822242,0.19600698150120063,0.2719187713351726,-0.03352878303456938,0.0977284399584797,-0.2503953875866065,-0.16626434935316375,0.31646771803238843,0.3552024797760999,0.14292687919846403,0.4002148755443441,-0.03424643049816746,-0.0369261901992894,0.7987585423911154,0.22093203067979375,-0.041550342711314706
0.8144103396151704,0.5670797062793684,1.0,0.6958313995040742,0.49730064978940575,0.291731459976056,0.36361275139279475,0.16747622758682837,0.184832676247051,-0.03379988797463417,0.5059996052573622,0.32505114710506094,0.4934380468123949,0.3640970116179575,0.3122932311435914,0.06262049239949213,0.7854954761647103,0.32083516478556645,0.2643713702355324
0.6328175950402269,0.771924495822242,0.6958313995040742,1.0,0.31413121631725066,0.3843910615835937,0.18324561555880703,0.23352561115657533,0.02120206068469596,0.014534270454981122,0.43080722234059243,0.36513879637898133,0.23884889622982616,0.4928453813049392,0.10847387930537068,0.06369794916942088,0.8358929983160589,0.37148073834272977,0.14693670931492064
0.2853552282383326,0.19600698150120063,0.49730064978940575,0.31413121631725066,1.0,0.500498740761109,0.8711849863567646,0.46514795877501947,0.5875834608340097,0.25973617179948344,0.18556177533545046,0.22195805790469847,0.8307129279366336,0.41073199830567714,0.5873832616109489,0.33668265661482893,0.4244429997045271,0.6250278411374843,0.6780220885787002
0.21529497812966597,0.2719187713351726,0.291731459976056,0.3843910615835937,0.500498740761109,1.0,0.44566664421054747,0.8087642873578432,0.28993131452679083,0.3765501731712582,0.19809503292265712,0.14684025437724516,0.3807245559613519,0.7749710864565221,0.22548121410185687,0.5803079127177387,0.3294407831838157,0.6158663896557948,0.5337611043686802
0.147260287808204,-0.03352878303456938,0.36361275139279475,0.18324561555880703,0.8711849863567646,0.44566664421054747,1.0,0.5178078167508031,0.7834308437411562,0.4037259927702679,0.025458669801999453,0.1372306039017146,0.7785490422433324,0.32463987612634776,0.6750220516366171,0.34579229417551155,0.29323211725447906,0.6017023709557525,0.8546382149918368
0.07946956386624528,0.0977284399584797,0.16747622758682837,0.23352561115657533,0.46514795877501947,0.8087642873578432,0.5178078167508031,1.0,0.4139972586557431,0.5363387187257255,0.09145342569824771,0.013932968551534551,0.3545936678500196,0.579223610487743,0.2793599616422971,0.6547835190076696,0.1928005721957902,0.6209081143282476,0.6516475436324989
-0.001845294080109295,-0.2503953875866065,0.184832676247051,0.02120206068469596,0.5875834608340097,0.28993131452679083,0.7834308437411562,0.4139972586557431,1.0,0.5635640550284937,-0.15655093808469062,-0.00956902939025997,0.570928451745967,0.23863065110870418,0.7191853847110447,0.37234547620225755,0.11727774719723369,0.3291033497120467,0.7045695839607367
-0.10733405112409111,-0.16626434935316375,-0.03379988797463417,0.014534270454981122,0.25973617179948344,0.3765501731712582,0.4037259927702679,0.5363387187257255,0.5635640550284937,1.0,-0.14815180259051747,-0.0891798242963283,0.24580506395982768,0.3073452225643056,0.365874832752636,0.586979825466642,-0.04350451380879548,0.2872319430035961,0.4961231458608484
0.6080528942407398,0.31646771803238843,0.5059996052573622,0.43080722234059243,0.18556177533545046,0.19809503292265712,0.025458669801999453,0.09145342569824771,-0.15655093808469062,-0.14815180259051747,1.0,-0.012274270388508257,0.2791217443888038,0.215164484169251,0.12448047142717425,0.016267407087497972,0.40130080706024224,0.14615643813857584,-0.07321330310046464
0.24429195399158432,0.3552024797760999,0.32505114710506094,0.36513879637898133,0.22195805790469847,0.14684025437724516,0.1372306039017146,0.013932968551534551,-0.00956902939025997,-0.0891798242963283,-0.012274270388508257,1.0,0.16104109700843375,0.3650895982279826,0.07377661758916983,-0.02590296608766339,0.4858735040744285,0.06216730863076721,0.12954628710084096
0.3028117936710687,0.14292687919846403,0.4934380468123949,0.23884889622982616,0.8307129279366336,0.3807245559613519,0.7785490422433324,0.3545936678500196,0.570928451745967,0.24580506395982768,0.2791217443888038,0.16104109700843375,1.0,0.33676205953659233,0.790291917128284,0.311289331691435,0.29814127401310514,0.37188018137635487,0.5024298841183347
0.31720942412275865,0.4002148755443441,0.3640970116179575,0.4928453813049392,0.41073199830567714,0.7749710864565221,0.32463987612634776,0.579223610487743,0.23863065110870418,0.3073452225643056,0.215164484169251,0.3650895982279826,0.33676205953659233,1.0,0.25952229884973593,0.5654451361559819,0.46012884332013826,0.4431261826163198,0.3852263132924057
0.15524908423385625,-0.03424643049816746,0.3122932311435914,0.10847387930537068,0.5873832616109489,0.22548121410185687,0.6750220516366171,0.2793599616422971,0.7191853847110447,0.365874832752636,0.12448047142717425,0.07377661758916983,0.790291917128284,0.25952229884973593,1.0,0.3766769329780065,0.15026438160056965,0.21543587467703185,0.45742301355603593
0.022085824891315466,-0.0369261901992894,0.06262049239949213,0.06369794916942088,0.33668265661482893,0.5803079127177387,0.34579229417551155,0.6547835190076696,0.37234547620225755,0.586979825466642,0.016267407087497972,-0.02590296608766339,0.311289331691435,0.5654451361559819,0.3766769329780065,1.0,0.05767123566023514,0.3301485090621844,0.42757711985440794
0.7703441252749337,0.7987585423911154,0.7854954761647103,0.8358929983160589,0.4244429997045271,0.3294407831838157,0.29323211725447906,0.1928005721957902,0.11727774719723369,-0.04350451380879548,0.40130080706024224,0.4858735040744285,0.29814127401310514,0.46012884332013826,0.15026438160056965,0.05767123566023514,1.0,0.34053573413530086,0.296047928366565
0.17034682733908144,0.22093203067979375,0.32083516478556645,0.37148073834272977,0.6250278411374843,0.6158663896557948,0.6017023709557525,0.6209081143282476,0.3291033497120467,0.2872319430035961,0.14615643813857584,0.06216730863076721,0.37188018137635487,0.4431261826163198,0.21543587467703185,0.3301485090621844,0.34053573413530086,1.0,0.6927750527080443
0.1121046595224834,-0.041550342711314706,0.2643713702355324,0.14693670931492064,0.6780220885787002,0.5337611043686802,0.8546382149918368,0.6516475436324989,0.7045695839607367,0.4961231458608484,-0.07321330310046464,0.12954628710084096,0.5024298841183347,0.3852263132924057,0.45742301355603593,0.42757711985440794,0.296047928366565,0.6927750527080443,1.0
