0,1,2,3,4,5,6,7,8,9,10,11,12,13,14,15,16,17,18
1.0,0.2695585693862675,0.820824400108158,0.48812754659651175,0.4599075912689658,0.20174423177432227,0.32923022226367077,0.15004670708021509,0.22190135207707704,-0.10173403764359316,0.036276282687867575,0.25595546750016385,0.4318164168854993,0.26501351646239,0.2420202361505303,0.01266311286192456,0.7431605679435426,0.19701813300020524,0.2969629500471836
0.2695585693862675,1.0,0.3599885493193004,0.6371288980769495,0.10285841556583972,0.24025877515877023,-0.10031038329094595,0.1108214594436661,-0.24353282558248895,-0.0924111435026237,-0.2567075466062558,0.3236410966499588,0.16690174202134953,0.37001926060551055,0.01815048353366726,0.0693695151593667,0.6437119001564933,0.18993477392195068,-0.11247034904091943
0.820824400108158,0.3599885493193004,1.0,0.5923711956533336,0.6238944842063718,0.3025900907804265,0.49765999357319224,0.25643302095421633,0.4096257814983989,0.01525292204068645,0.0670646548200945,0.3046206524328935,0.582495195082088,0.3695440109095103,0.3805903868605227,0.10829229899488318,0.7669572022598979,0.36513568524085227,0.43327614005283255
0.48812754659651175,0.6371288980769495,0.5923711956533336,1.0,0.33547741278661675,0.3864436778262467,0.22214519324755297,0.2939861848900258,0.1721230341444954,0.11988378224327684,0.02059170808666824,0.39540987024880686,0.32730315847098823,0.4785814179832441,0.16986541192157195,0.18797079449945514,0.7590085687724524,0.41775003935345273,0.2100542593190259
0.4599075912689658,0.10285841556583972,0.6238944842063718,0.33547741278661675,1.0,0.48968221568234443,0.9060757162986267,0.4891666079840629,0.6932120980151927,0.21977366183249897,0.030223633856951176,0.22318231431912924,0.8623604056041823,0.3990332010092432,0.6999822440801882,0.28443892609010357,0.513214557432776,0.6787429273657424,0.7814717577030662
0.20174423177432227,0.24025877515877023,0.3025900907804265,0.3864436778262467,0.48968221568234443,1.0,0.4664210292920877,0.800505373208111,0.3690616889484905,0.434515212428055,0.05559035646811001,0.18315245889173065,0.5030686003052892,0.7304626096113013,0.4103009247025115,0.6306695230486797,0.3285274263601901,0.6562517312312692,0.5386476319921074
0.32923022226367077,-0.10031038329094595,0.49765999357319224,0.22214519324755297,0.9060757162986267,0.4664210292920877,1.0,0.516199796368083,0.8382724192526071,0.30371811701940454,0.05648900508774612,0.11275107869091223,0.8016410369371231,0.3528767113292746,0.7340672709830113,0.34025466230183077,0.40149261270879977,0.6328425610661343,0.8866288428427086
0.15004670708021509,0.1108214594436661,0.25643302095421633,0.2939861848900258,0.4891666079840629,0.800505373208111,0.516199796368083,1.0,0.42185310379879154,0.5185152767304547,0.07898362165737748,0.04265708099651662,0.45286839655123406,0.5609813223546414,0.43120367617086675,0.6928148951298019,0.2406844264719988,0.6337708195863017,0.5857753729155464
0.22190135207707704,-0.24353282558248895,0.4096257814983989,0.1721230341444954,0.6932120980151927,0.3690616889484905,0.8382724192526071,0.42185310379879154,1.0,0.3953774313015282,0.07692388063433081,0.041318101778110204,0.6439304133254141,0.2851482874894609,0.7016617950429134,0.32518057896852287,0.30829086334719064,0.41209129596487176,0.7636584043743864
-0.10173403764359316,-0.0924111435026237,0.01525292204068645,0.11988378224327684,0.21977366183249897,0.434515212428055,0.30371811701940454,0.5185152767304547,0.3953774313015282,1.0,0.028838733480512427,-0.22955998988180346,0.245051423070301,0.29025675337946605,0.2759188689048944,0.6374323295896398,-0.07236684551397977,0.3945917663658004,0.40886252389125044
0.036276282687867575,-0.2567075466062558,0.0670646548200945,0.02059170808666824,0.030223633856951176,0.05559035646811001,0.05648900508774612,0.07898362165737748,0.07692388063433081,0.028838733480512427,1.0,-0.2184431169591547,0.057300884922551046,0.013003143915588143,0.05249857352044543,0.04847979417079301,0.06665387122191523,0.03877085648538435,0.010120777422877453
0.25595546750016385,0.3236410966499588,0.3046206524328935,0.39540987024880686,0.22318231431912924,0.18315245889173065,0.11275107869091223,0.04265708099651662,0.041318101778110204,-0.22955998988180346,-0.2184431169591547,1.0,0.26390239744886795,0.39601910635003934,0.1449741830995866,0.03541576248933379,0.45512768748799526,0.12687935988459637,0.11541864193943525
0.4318164168854993,0.16690174202134953,0.582495195082088,0.32730315847098823,0.8623604056041823,0.5030686003052892,0.8016410369371231,0.45286839655123406,0.6439304133254141,0.245051423070301,0.057300884922551046,0.26390239744886795,1.0,0.4659418502346555,0.8411130350553039,0.3385297239673381,0.447330011442979,0.5406371224895332,0.6455819358517423
0.26501351646239,0.37001926060551055,0.3695440109095103,0.4785814179832441,0.3990332010092432,0.7304626096113013,0.3528767113292746,0.5609813223546414,0.2851482874894609,0.29025675337946605,0.013003143915588143,0.39601910635003934,0.4659418502346555,1.0,0.3603978943400145,0.6258515850838035,0.4393635423360114,0.48253218082924754,0.416099463775736
0.2420202361505303,0.01815048353366726,0.3805903868605227,0.16986541192157195,0.6999822440801882,0.4103009247025115,0.7340672709830113,0.43120367617086675,0.7016617950429134,0.2759188689048944,0.05249857352044543,0.1449741830995866,0.8411130350553039,0.3603978943400145,1.0,0.38470967470885153,0.26163747439104784,0.4137166485718122,0.5590227853168684
0.01266311286192456,0.0693695151593667,0.10829229899488318,0.18797079449945514,0.28443892609010357,0.6306695230486797,0.34025466230183077,0.6928148951298019,0.32518057896852287,0.6374323295896398,0.04847979417079301,0.03541576248933379,0.3385297239673381,0.6258515850838035,0.38470967470885153,1.0,0.1320395281343525,0.4316488228067099,0.42694505021561896
0.7431605679435426,0.6437119001564933,0.7669572022598979,0.7590085687724524,0.513214557432776,0.3285274263601901,0.40149261270879977,0.2406844264719988,0.30829086334719064,-0.07236684551397977,0.06665387122191523,0.45512768748799526,0.447330011442979,0.4393635423360114,0.26163747439104784,0.1320395281343525,1.0,0.350441832899676,0.37332478289277254
0.19701813300020524,0.18993477392195068,0.36513568524085227,0.41775003935345273,0.6787429273657424,0.6562517312312692,0.6328425610661343,0.6337708195863017,0.41209129596487176,0.3945917663658004,0.03877085648538435,0.12687935988459637,0.5406371224895332,0.48253218082924754,0.4137166485718122,0.4316488228067099,0.350441832899676,1.0,0.690935442739777
0.2969629500471836,-0.11247034904091943,0.43327614005283255,0.2100542593190259,0.7814717577030662,0.5386476319921074,0.8866288428427086,0.5857753729155464,0.7636584043743864,0.40886252389125044,0.010120777422877453,0.11541864193943525,0.6455819358517423,0.416099463775736,0.5590227853168684,0.42694505021561896,0.37332478289277254,0.690935442739777,1.0
