0,1,2,3,4,5,6,7,8,9,10,11,12,13,14,15,16,17,18
1.0,0.6563625658417833,0.7654735717946198,0.644369170259642,0.510204862929435,0.503886500134649,0.296243833579117,0.4206306894041463,0.09156954149694761,0.19717352498334806,0.5108922813954847,0.5520412896356471,0.3647619340466694,0.4208261122255932,0.16882219196775525,0.3248888318456759,0.7149293283262259,0.422946201214539,0.4217739248054881
0.6563625658417833,1.0,0.5727989878502153,0.8599260648019815,0.3928828273354568,0.5576888945254501,0.26152164497158054,0.41374993528682424,0.11163424611165412,0.17332362680974497,0.3529676534118694,0.7185635493910272,0.26450858395017984,0.3776908057707016,0.10230061037242803,0.1515550330415892,0.6894656640627931,0.47515495571503014,0.3633930301996737
0.7654735717946198,0.5727989878502153,1.0,0.7246873154156441,0.8248665600472161,0.7376065486345834,0.5059279720186107,0.5716047395428542,0.1813920090186332,0.2978360054663465,0.8010254731241604,0.6617738560929194,0.6458966420692339,0.5776736218902025,0.31902925160517503,0.426259438278365,0.8555004201989808,0.7364562284443392,0.5984497563962209
0.644369170259642,0.8599260648019815,0.7246873154156441,1.0,0.5556254813725866,0.7902424419827925,0.35529790888646984,0.5781766737693452,0.13367803987294247,0.24413164491866643,0.4692113036667441,0.8602176315758192,0.37705856456310155,0.5875293720531393,0.16686563430608478,0.29505539950678644,0.8739845641652172,0.6992755105253275,0.514921541232364
0.510204862929435,0.3928828273354568,0.8248665600472161,0.5556254813725866,1.0,0.757479798807563,0.7518299087484124,0.6699435553416752,0.21931515720605393,0.3226425034888103,0.8503385357147025,0.5558788712194828,0.8315198101296081,0.5924497743828704,0.49940487675657647,0.4835920458454223,0.6902542851201244,0.8026878533402493,0.7424246222667436
0.503886500134649,0.5576888945254501,0.7376065486345834,0.7902424419827925,0.757479798807563,1.0,0.5685075530989114,0.7956528139825668,0.13648003266878198,0.2663939742811616,0.609483983872635,0.7802388023493158,0.5387830651351825,0.7790093970019492,0.25676413101437573,0.46350271312432684,0.8298673603878494,0.8807750971871877,0.7829805723195069
0.296243833579117,0.26152164497158054,0.5059279720186107,0.35529790888646984,0.7518299087484124,0.5685075530989114,1.0,0.6095152528265747,0.4156461659078577,0.45970519163927887,0.5732861102509506,0.40589023476793723,0.6460418434743288,0.4501810679768389,0.6166089730567997,0.39909485633412956,0.39688130371729674,0.6134027478623647,0.7460346014461342
0.4206306894041463,0.41374993528682424,0.5716047395428542,0.5781766737693452,0.6699435553416752,0.7956528139825668,0.6095152528265747,1.0,0.16636248638179257,0.5534952387144124,0.5347523699261113,0.5583544156605039,0.5367923746556305,0.7375446618832948,0.3417667743930866,0.5751967256412065,0.6144549698467048,0.6791755827558985,0.8719492877959736
0.09156954149694761,0.11163424611165412,0.1813920090186332,0.13367803987294247,0.21931515720605393,0.13648003266878198,0.4156461659078577,0.16636248638179257,1.0,0.23301236928029928,0.17282101425822285,0.1591180169063178,0.22255725059313824,0.13758795110974725,0.1663346369902826,0.03906950559364822,0.10215405338530785,0.20042214464844896,0.22801060879706395
0.19717352498334806,0.17332362680974497,0.2978360054663465,0.24413164491866643,0.3226425034888103,0.2663939742811616,0.45970519163927887,0.5534952387144124,0.23301236928029928,1.0,0.22932249208948877,0.16381000416419433,0.25456863845859257,0.2110882980079103,0.3667428596633493,0.18090027205192893,0.27374368144211875,0.1883605274123875,0.547306667816967
0.5108922813954847,0.3529676534118694,0.8010254731241604,0.4692113036667441,0.8503385357147025,0.609483983872635,0.5732861102509506,0.5347523699261113,0.17282101425822285,0.22932249208948877,1.0,0.4748348565075462,0.8943637673193365,0.524928717620367,0.4413190882221784,0.4349574996402469,0.5823206405680423,0.6251060121839574,0.536065138511498
0.5520412896356471,0.7185635493910272,0.6617738560929194,0.8602176315758192,0.5558788712194828,0.7802388023493158,0.40589023476793723,0.5583544156605039,0.1591180169063178,0.16381000416419433,0.4748348565075462,1.0,0.3602708651381976,0.7270742904346542,0.13975091839464063,0.37272862215989166,0.8082676297146636,0.6574989215922797,0.5757023318300949
0.3647619340466694,0.26450858395017984,0.6458966420692339,0.37705856456310155,0.8315198101296081,0.5387830651351825,0.6460418434743288,0.5367923746556305,0.22255725059313824,0.25456863845859257,0.8943637673193365,0.3602708651381976,1.0,0.46506817456638183,0.5800631877535545,0.3910437648210114,0.4529876041379075,0.5730800991458747,0.5219624007191623
0.4208261122255932,0.3776908057707016,0.5776736218902025,0.5875293720531393,0.5924497743828704,0.7790093970019492,0.4501810679768389,0.7375446618832948,0.13758795110974725,0.2110882980079103,0.524928717620367,0.7270742904346542,0.46506817456638183,1.0,0.16419090612142942,0.5683796102976286,0.6715870184078939,0.6204249232365302,0.6748739316859672
0.16882219196775525,0.10230061037242803,0.31902925160517503,0.16686563430608478,0.49940487675657647,0.25676413101437573,0.6166089730567997,0.3417667743930866,0.1663346369902826,0.3667428596633493,0.4413190882221784,0.13975091839464063,0.5800631877535545,0.16419090612142942,1.0,0.12527623054075152,0.21288825721705934,0.2647660367831633,0.3895623503167017
0.3248888318456759,0.1515550330415892,0.426259438278365,0.29505539950678644,0.4835920458454223,0.46350271312432684,0.39909485633412956,0.5751967256412065,0.03906950559364822,0.18090027205192893,0.4349574996402469,0.37272862215989166,0.3910437648210114,0.5683796102976286,0.12527623054075152,1.0,0.4811116734886761,0.2943634725181678,0.5544461943715311
0.7149293283262259,0.6894656640627931,0.8555004201989808,0.8739845641652172,0.6902542851201244,0.8298673603878494,0.39688130371729674,0.6144549698467048,0.10215405338530785,0.27374368144211875,0.5823206405680423,0.8082676297146636,0.4529876041379075,0.6715870184078939,0.21288825721705934,0.4811116734886761,1.0,0.7867336604182261,0.6337319771318675
0.422946201214539,0.47515495571503014,0.7364562284443392,0.6992755105253275,0.8026878533402493,0.8807750971871877,0.6134027478623647,0.6791755827558985,0.20042214464844896,0.1883605274123875,0.6251060121839574,0.6574989215922797,0.5730800991458747,0.6204249232365302,0.2647660367831633,0.2943634725181678,0.7867336604182261,1.0,0.7687393725665479
0.4217739248054881,0.3633930301996737,0.5984497563962209,0.514921541232364,0.7424246222667436,0.7829805723195069,0.7460346014461342,0.8719492877959736,0.22801060879706395,0.547306667816967,0.536065138511498,0.5757023318300949,0.5219624007191623,0.6748739316859672,0.3895623503167017,0.5544461943715311,0.6337319771318675,0.7687393725665479,1.0
