0,1,2,3,4,5,6,7,8,9,10,11,12,13,14,15,16,17,18
1.0,0.5353521437810171,0.9239058248917656,0.36969594992773575,0.7713544233714796,0.3556438792302446,0.5547722232673457,0.35447271349399356,0.4092757846185524,0.2546094761651775,0.9468215304871492,0.5070441724163406,0.6751622747144089,0.32258996583364113,0.4449566757044603,0.27323097183597483,0.8930149629065052,0.3296339105736556,0.532867185983831
0.5353521437810171,1.0,0.4647776538949887,0.7247538534914036,0.418576648190719,0.7526871012533276,0.22827597481725106,0.7413119664251665,0.11713373228024218,0.7040523802351702,0.4643293432054003,0.9133656203964213,0.3419129205008477,0.7816095990529933,0.1130631415350346,0.761617255235345,0.5788141751603042,0.7092106543512756,0.2777843712337583
0.9239058248917656,0.4647776538949887,1.0,0.2748336004885206,0.7901552091298424,0.32730418441696446,0.6219037831558196,0.274267109616974,0.4702455326878873,0.23834642131425157,0.898290579693139,0.44120983853294643,0.6766838394219105,0.27001811877385506,0.47524604899846445,0.2245700442305256,0.8537607491981453,0.29601593465979525,0.5230797465646071
0.36969594992773575,0.7247538534914036,0.2748336004885206,1.0,0.31718435355829894,0.8788514536270161,0.06643610798806988,0.909195925457378,-0.02513962150654943,0.8531944023143652,0.28600166160149687,0.8811284705449463,0.2756790310470755,0.8677473546668292,0.04156917642267401,0.8817101430904574,0.3951626040755624,0.9053342405351162,0.13637550565521564
0.7713544233714796,0.418576648190719,0.7901552091298424,0.31718435355829894,1.0,0.3729942554319139,0.8242897517974332,0.3789882484344113,0.6706634032491081,0.29065042779064254,0.7529876027301251,0.37287535266139815,0.8211115541622686,0.30187280478178885,0.6605533195968106,0.258191285524853,0.8247763023233539,0.37067649834585403,0.7656087987439967
0.3556438792302446,0.7526871012533276,0.32730418441696446,0.8788514536270161,0.3729942554319139,1.0,0.20653723079565645,0.9606075206314546,0.09597004835962973,0.9710352372696051,0.3071748107004183,0.798956417451308,0.2562590613527537,0.8950001507302798,0.07540636772039486,0.9212025557525009,0.37968875545331143,0.9608504254270365,0.25303413444560824
0.5547722232673457,0.22827597481725106,0.6219037831558196,0.06643610798806988,0.8242897517974332,0.20653723079565645,1.0,0.1762474747229296,0.9125677337006857,0.16652656996707813,0.5782411148612087,0.16850702307339882,0.7013586338495708,0.12568027726856232,0.7816938117671498,0.08836167661599818,0.5919763306395696,0.17374904116967588,0.8640667573296398
0.35447271349399356,0.7413119664251665,0.274267109616974,0.909195925457378,0.3789882484344113,0.9606075206314546,0.1762474747229296,1.0,0.07898740867459154,0.9356845401004389,0.30122037246092626,0.7817991760973789,0.2870831276118315,0.9026463029632763,0.06736188230956085,0.9207175720845696,0.40185648767666665,0.9289922065307513,0.2890940961494199
0.4092757846185524,0.11713373228024218,0.4702455326878873,-0.02513962150654943,0.6706634032491081,0.09597004835962973,0.9125677337006857,0.07898740867459154,1.0,0.09679672273120701,0.44581210649130565,0.07478813295064742,0.5910158487296153,0.030566869151800714,0.8022315308131339,0.003906266528525312,0.4361058733302677,0.05191841119467725,0.8350648904930125
0.2546094761651775,0.7040523802351702,0.23834642131425157,0.8531944023143652,0.29065042779064254,0.9710352372696051,0.16652656996707813,0.9356845401004389,0.09679672273120701,1.0,0.20959977968859841,0.7850053981334705,0.18786142224868696,0.8903976325613188,0.05198492817905706,0.925349711689885,0.2589894918958598,0.9375915555556036,0.21997116997118363
0.9468215304871492,0.4643293432054003,0.898290579693139,0.28600166160149687,0.7529876027301251,0.3071748107004183,0.5782411148612087,0.30122037246092626,0.44581210649130565,0.20959977968859841,1.0,0.42137886115792494,0.7044454725579236,0.2550752570474532,0.49934035976534574,0.2112354132996582,0.8517102813387126,0.2597576489859103,0.555667139088184
0.5070441724163406,0.9133656203964213,0.44120983853294643,0.8811284705449463,0.37287535266139815,0.798956417451308,0.16850702307339882,0.7817991760973789,0.07478813295064742,0.7850053981334705,0.42137886115792494,1.0,0.3255472689651066,0.8608529679578389,0.09466026873093084,0.8518002820282466,0.49295643579995513,0.7974240420716556,0.18078264328827112
0.6751622747144089,0.3419129205008477,0.6766838394219105,0.2756790310470755,0.8211115541622686,0.2562590613527537,0.7013586338495708,0.2870831276118315,0.5910158487296153,0.18786142224868696,0.7044454725579236,0.3255472689651066,1.0,0.23116616806025259,0.6601906847156587,0.1907519968065852,0.7038994580775308,0.2496519074318739,0.6370879522224482
0.32258996583364113,0.7816095990529933,0.27001811877385506,0.8677473546668292,0.30187280478178885,0.8950001507302798,0.12568027726856232,0.9026463029632763,0.030566869151800714,0.8903976325613188,0.2550752570474532,0.8608529679578389,0.23116616806025259,1.0,0.037737461330221135,0.9803879288247918,0.3496876374969164,0.8748724438707707,0.1828436039198312
0.4449566757044603,0.1130631415350346,0.47524604899846445,0.04156917642267401,0.6605533195968106,0.07540636772039486,0.7816938117671498,0.06736188230956085,0.8022315308131339,0.05198492817905706,0.49934035976534574,0.09466026873093084,0.6601906847156587,0.037737461330221135,1.0,0.007930795952028056,0.44472734178758205,0.06272828323323468,0.6409121843678495
0.27323097183597483,0.761617255235345,0.2245700442305256,0.8817101430904574,0.258191285524853,0.9212025557525009,0.08836167661599818,0.9207175720845696,0.003906266528525312,0.925349711689885,0.2112354132996582,0.8518002820282466,0.1907519968065852,0.9803879288247918,0.007930795952028056,1.0,0.29142883454768503,0.8954659889610193,0.1432472282334984
0.8930149629065052,0.5788141751603042,0.8537607491981453,0.3951626040755624,0.8247763023233539,0.37968875545331143,0.5919763306395696,0.40185648767666665,0.4361058733302677,0.2589894918958598,0.8517102813387126,0.49295643579995513,0.7038994580775308,0.3496876374969164,0.44472734178758205,0.29142883454768503,1.0,0.351547301275327,0.6517147244616088
0.3296339105736556,0.7092106543512756,0.29601593465979525,0.9053342405351162,0.37067649834585403,0.9608504254270365,0.17374904116967588,0.9289922065307513,0.05191841119467725,0.9375915555556036,0.2597576489859103,0.7974240420716556,0.2496519074318739,0.8748724438707707,0.06272828323323468,0.8954659889610193,0.351547301275327,1.0,0.20078236151912762
0.532867185983831,0.2777843712337583,0.5230797465646071,0.13637550565521564,0.7656087987439967,0.25303413444560824,0.8640667573296398,0.2890940961494199,0.8350648904930125,0.21997116997118363,0.555667139088184,0.18078264328827112,0.6370879522224482,0.1828436039198312,0.6409121843678495,0.1432472282334984,0.6517147244616088,0.20078236151912762,1.0
