0,1,2,3,4,5,6,7,8,9,10,11,12,13,14,15,16,17,18
1.0,0.7681018940094517,0.7352608148257412,0.5659467309991485,0.34888939987767903,0.3988487261223931,0.21223039552052736,0.07731177381070105,0.04480948182203866,-0.035687416840813925,0.734101884196468,0.6366283024052871,0.39401614830257303,0.2783338605363996,-0.10186755944786953,0.16739127301711168,0.579365101733164,0.48489491628985354,0.09695935761949716
0.7681018940094517,1.0,0.7075188787587485,0.8008435620749167,0.2759681962904652,0.5568878779744426,0.23268950368987695,0.08875661771095025,-0.060056110559198655,-0.11654819411642414,0.46343775655368963,0.8596379740335478,0.22694339846586326,0.24873621586320824,-0.10395519590309636,-0.006239703275201882,0.6864164419472882,0.5855978629576442,0.039454584593843635
0.7352608148257412,0.7075188787587485,1.0,0.7339490230908967,0.41258260853467477,0.4014998824227829,0.3055919198592649,-0.01462577406872587,0.10116227813521853,-0.1806883769499755,0.4885543885118848,0.668434664055092,0.32080336623955247,0.28889957949763684,0.10489169132709487,-0.02279875562193985,0.8552373563590855,0.35398837789548715,0.09612164056913121
0.5659467309991485,0.8008435620749167,0.7339490230908967,1.0,0.23248424923117036,0.6690423519270788,0.22202257369376416,0.14140983119375236,-0.040020145958723816,-0.08396462994134134,0.3613113642329008,0.7100514764013279,0.18205419756815808,0.3702965956338961,0.0051674342680126046,0.02070298747120061,0.7969917571553904,0.5652312388413765,0.010317104512080113
0.34888939987767903,0.2759681962904652,0.41258260853467477,0.23248424923117036,1.0,0.25626469538894675,0.5204837065307955,0.08945497861565926,0.5069693957243181,-0.058575743302592194,0.46721946047327223,0.2776821838397919,0.7370394017151255,0.5473048946204756,0.5357012512161666,0.19072767517861308,0.3519419871722136,0.3644614811763582,0.3253528989848706
0.3988487261223931,0.5568878779744426,0.4014998824227829,0.6690423519270788,0.25626469538894675,1.0,0.4279986765257364,0.5201482115343781,0.22881015332043253,0.16512882470315718,0.3108985014376026,0.4637340433085206,0.16597174039889,0.3712138063452914,0.10529296399808238,0.10788337242599613,0.41138568376914075,0.6802706736470288,0.31702202025859266
0.21223039552052736,0.23268950368987695,0.3055919198592649,0.22202257369376416,0.5204837065307955,0.4279986765257364,1.0,0.5814919219179551,0.7714533569747751,0.259274867151751,0.0310841620230182,0.2834767172792563,0.1217166261854408,0.037552816121599525,0.4453378171411529,-0.05320321272010711,0.3372318708126194,0.3550953181552625,0.7761377805210011
0.07731177381070105,0.08875661771095025,-0.01462577406872587,0.14140983119375236,0.08945497861565926,0.5201482115343781,0.5814919219179551,1.0,0.576511798958033,0.7942299528674718,0.042834443785540056,0.0071211672844395495,-0.060865347187621786,-0.031049370316524577,0.1638873507341463,0.15361933147726947,-0.018040224728218705,0.30950339850085956,0.7136599304882515
0.04480948182203866,-0.060056110559198655,0.10116227813521853,-0.040020145958723816,0.5069693957243181,0.22881015332043253,0.7714533569747751,0.576511798958033,1.0,0.45250912104275226,-0.02505313128222888,-0.08276746609817051,0.136947467745737,-0.06804171920816741,0.4828117980328903,0.08839019413971892,0.08668073201098146,0.36751783404681737,0.7042033917485935
-0.035687416840813925,-0.11654819411642414,-0.1806883769499755,-0.08396462994134134,-0.058575743302592194,0.16512882470315718,0.259274867151751,0.7942299528674718,0.45250912104275226,1.0,-0.018551935567007505,-0.2051452852185844,-0.11611443522123328,-0.08207575274735293,0.034343149258364666,0.3155904500332106,-0.19532995018653965,0.0010485108961295745,0.47188732201918865
0.734101884196468,0.46343775655368963,0.4885543885118848,0.3613113642329008,0.46721946047327223,0.3108985014376026,0.0310841620230182,0.042834443785540056,-0.02505313128222888,-0.018551935567007505,1.0,0.29692632457738377,0.6981042504007008,0.4784567422448155,0.06408166122079038,0.30911967083905234,0.28340352256210966,0.3860407175824736,-0.01933413001213499
0.6366283024052871,0.8596379740335478,0.668434664055092,0.7100514764013279,0.2776821838397919,0.4637340433085206,0.2834767172792563,0.0071211672844395495,-0.08276746609817051,-0.2051452852185844,0.29692632457738377,1.0,0.1700109651696294,0.17716851590561697,-0.09869103973378267,-0.14638440997938373,0.6983083359971913,0.46270621128777883,0.07069191856823956
0.39401614830257303,0.22694339846586326,0.32080336623955247,0.18205419756815808,0.7370394017151255,0.16597174039889,0.1217166261854408,-0.060865347187621786,0.136947467745737,-0.11611443522123328,0.6981042504007008,0.1700109651696294,1.0,0.6235031384353156,0.41465613519774336,0.3245483950920623,0.16324215549534865,0.3314603335775772,-0.03507913413831104
0.2783338605363996,0.24873621586320824,0.28889957949763684,0.3702965956338961,0.5473048946204756,0.3712138063452914,0.037552816121599525,-0.031049370316524577,-0.06804171920816741,-0.08207575274735293,0.4784567422448155,0.17716851590561697,0.6235031384353156,1.0,0.2620869769315912,0.6468027972835981,0.29053558105756266,0.31330349313800476,-0.06676894986499061
-0.10186755944786953,-0.10395519590309636,0.10489169132709487,0.0051674342680126046,0.5357012512161666,0.10529296399808238,0.4453378171411529,0.1638873507341463,0.4828117980328903,0.034343149258364666,0.06408166122079038,-0.09869103973378267,0.41465613519774336,0.2620869769315912,1.0,0.08915169991069416,0.06615805818230525,0.15151391179197693,0.24219766903676446
0.16739127301711168,-0.006239703275201882,-0.02279875562193985,0.02070298747120061,0.19072767517861308,0.10788337242599613,-0.05320321272010711,0.15361933147726947,0.08839019413971892,0.3155904500332106,0.30911967083905234,-0.14638440997938373,0.3245483950920623,0.6468027972835981,0.08915169991069416,1.0,-0.022085923447818186,0.0006424372925079468,0.033890882974110886
0.579365101733164,0.6864164419472882,0.8552373563590855,0.7969917571553904,0.3519419871722136,0.41138568376914075,0.3372318708126194,-0.018040224728218705,0.08668073201098146,-0.19532995018653965,0.28340352256210966,0.6983083359971913,0.16324215549534865,0.29053558105756266,0.06615805818230525,-0.022085923447818186,1.0,0.3081787549333794,0.18010174307397075
0.48489491628985354,0.5855978629576442,0.35398837789548715,0.5652312388413765,0.3644614811763582,0.6802706736470288,0.3550953181552625,0.30950339850085956,0.36751783404681737,0.0010485108961295745,0.3860407175824736,0.46270621128777883,0.3314603335775772,0.31330349313800476,0.15151391179197693,0.0006424372925079468,0.3081787549333794,1.0,0.1731231475470412
0.09695935761949716,0.039454584593843635,0.09612164056913121,0.010317104512080113,0.3253528989848706,0.31702202025859266,0.7761377805210011,0.7136599304882515,0.7042033917485935,0.47188732201918865,-0.01933413001213499,0.07069191856823956,-0.03507913413831104,-0.06676894986499061,0.24219766903676446,0.033890882974110886,0.18010174307397075,0.1731231475470412,1.0
