0,1,2,3,4,5,6,7,8,9,10,11,12,13,14,15,16,17,18
1.0,-0.05480094049315885,-0.07823551858228554,-0.06233931191852856,-0.05980386493242463,-0.032675939008491785,0.05276504977987105,-0.09318650750221734,0.07160693032634922,0.03867036211344828,0.7127519598629134,-0.2803841942646547,-0.01109380583634309,-0.1488951227019122,-0.26261572634389807,0.003561316234530773,-0.12436539878797266,-0.1017047321104793,-0.029613425740179264
-0.05480094049315885,1.0,0.43917799893190385,0.0386306242029843,0.6111964503678952,0.09595795597393722,0.5458417107302546,0.09103378925429526,0.5205717631725624,0.11989063477923163,-0.07396250452816562,0.7092178998212795,0.40873728145014865,0.1869996643543182,-0.3342326372932153,0.3242561355101618,0.18448938532773215,0.09264641079398761,0.40908454602711203
-0.07823551858228554,0.43917799893190385,1.0,0.4373694279352563,0.7341100003699559,0.34693103763694694,0.4182720395273091,0.09200540180420488,0.3668510293558263,-0.015040130124330274,0.04026595750630449,0.5241660831102029,0.5488300689946265,0.3241801065111316,-0.3282992510564079,0.13115529821409921,0.7994177000959003,0.2774437984073182,0.4013952117855565
-0.06233931191852856,0.0386306242029843,0.4373694279352563,1.0,0.2362220950465558,0.786921609864886,0.10143039989007831,0.42828044290697925,0.07607872412385872,0.2771378484774386,0.006676733855741276,0.1242565328117413,0.11561558058534564,0.6445211353313349,-0.02080623564950287,0.3000215494073739,0.44376898569933904,0.6669907333761461,0.08094572253208507
-0.05980386493242463,0.6111964503678952,0.7341100003699559,0.2362220950465558,1.0,0.3034568157297944,0.5626829636375414,0.1645172566996657,0.4883953185545139,0.05816785043294073,-0.08929088161183002,0.6470475076815092,0.6432849855288647,0.32906984355605495,-0.312251408898339,0.2675511248289607,0.6500764811969155,0.25327888921634406,0.4606784554869376
-0.032675939008491785,0.09595795597393722,0.34693103763694694,0.786921609864886,0.3034568157297944,1.0,0.2090247979121464,0.6253335943259634,0.17320035217861296,0.34220170776981024,-0.006270742842450439,0.17223386587136502,0.14861542507431832,0.7700674471267555,-0.11114431368718596,0.3900061484425484,0.37828210400223233,0.829102527026625,0.2730100032938798
0.05276504977987105,0.5458417107302546,0.4182720395273091,0.10143039989007831,0.5626829636375414,0.2090247979121464,1.0,0.39405440090292265,0.9686295892704356,0.41255262808461723,-0.012901758684390318,0.5574340729242553,0.3939590338858788,0.2284152687548212,-0.43179915860288676,0.4244810615386294,0.4748795646253289,0.18649252366557453,0.6858071375249067
-0.09318650750221734,0.09103378925429526,0.09200540180420488,0.42828044290697925,0.1645172566996657,0.6253335943259634,0.39405440090292265,1.0,0.3514636766522074,0.6538665588722296,-0.18030046878036618,0.1280598697098663,0.11398726424337077,0.5556846581272302,-0.09684192396236538,0.5629980897918008,0.20324421706502083,0.5669693133782113,0.49049797198759865
0.07160693032634922,0.5205717631725624,0.3668510293558263,0.07607872412385872,0.4883953185545139,0.17320035217861296,0.9686295892704356,0.3514636766522074,1.0,0.43079788480996406,-0.003045207391059578,0.5254654422027838,0.3442149897307327,0.18294108437703185,-0.4285607967582104,0.4202383044018858,0.4450290979253939,0.1447139604183697,0.6559253537730038
0.03867036211344828,0.11989063477923163,-0.015040130124330274,0.2771378484774386,0.05816785043294073,0.34220170776981024,0.41255262808461723,0.6538665588722296,0.43079788480996406,1.0,-0.09247931545985166,0.11030784423805058,0.0786510002609818,0.3304017930511416,-0.05095323412766223,0.633010944024092,0.15198777198017868,0.3362885008987604,0.29481617550042755
0.7127519598629134,-0.07396250452816562,0.04026595750630449,0.006676733855741276,-0.08929088161183002,-0.006270742842450439,-0.012901758684390318,-0.18030046878036618,-0.003045207391059578,-0.09247931545985166,1.0,-0.23755045739381517,0.07310517243178438,-0.14988711202242205,-0.38557879686624325,-0.10467593110026756,-0.022220572903425037,-0.09344211021729368,-0.03372772466615696
-0.2803841942646547,0.7092178998212795,0.5241660831102029,0.1242565328117413,0.6470475076815092,0.17223386587136502,0.5574340729242553,0.1280598697098663,0.5254654422027838,0.11030784423805058,-0.23755045739381517,1.0,0.4589338114290725,0.3127210477465798,-0.2162947295244408,0.3644023053682253,0.41200113087046364,0.08224366591073703,0.44299147155787205
-0.01109380583634309,0.40873728145014865,0.5488300689946265,0.11561558058534564,0.6432849855288647,0.14861542507431832,0.3939590338858788,0.11398726424337077,0.3442149897307327,0.0786510002609818,0.07310517243178438,0.4589338114290725,1.0,0.31112596506115126,-0.2913820407569791,0.24555740907032608,0.619801647067967,0.11062517601270025,0.2095398366691655
-0.1488951227019122,0.1869996643543182,0.3241801065111316,0.6445211353313349,0.32906984355605495,0.7700674471267555,0.2284152687548212,0.5556846581272302,0.18294108437703185,0.3304017930511416,-0.14988711202242205,0.3127210477465798,0.31112596506115126,1.0,-0.12733062269896886,0.5511084702691783,0.47007376185865163,0.6140238258728986,0.16103472406027688
-0.26261572634389807,-0.3342326372932153,-0.3282992510564079,-0.02080623564950287,-0.312251408898339,-0.11114431368718596,-0.43179915860288676,-0.09684192396236538,-0.4285607967582104,-0.05095323412766223,-0.38557879686624325,-0.2162947295244408,-0.2913820407569791,-0.12733062269896886,1.0,-0.14070269023701726,-0.34235406227369647,-0.01612505266599103,-0.3837092943071179
0.003561316234530773,0.3242561355101618,0.13115529821409921,0.3000215494073739,0.2675511248289607,0.3900061484425484,0.4244810615386294,0.5629980897918008,0.4202383044018858,0.633010944024092,-0.10467593110026756,0.3644023053682253,0.24555740907032608,0.5511084702691783,-0.14070269023701726,1.0,0.4472280185217633,0.3709193984778401,0.1901804778160954
-0.12436539878797266,0.18448938532773215,0.7994177000959003,0.44376898569933904,0.6500764811969155,0.37828210400223233,0.4748795646253289,0.20324421706502083,0.4450290979253939,0.15198777198017868,-0.022220572903425037,0.41200113087046364,0.619801647067967,0.47007376185865163,-0.34235406227369647,0.4472280185217633,1.0,0.2801379836924204,0.35830365137261677
-0.1017047321104793,0.09264641079398761,0.2774437984073182,0.6669907333761461,0.25327888921634406,0.829102527026625,0.18649252366557453,0.5669693133782113,0.1447139604183697,0.3362885008987604,-0.09344211021729368,0.08224366591073703,0.11062517601270025,0.6140238258728986,-0.01612505266599103,0.3709193984778401,0.2801379836924204,1.0,0.21586613043410585
-0.029613425740179264,0.40908454602711203,0.4013952117855565,0.08094572253208507,0.4606784554869376,0.2730100032938798,0.6858071375249067,0.49049797198759865,0.6559253537730038,0.29481617550042755,-0.03372772466615696,0.44299147155787205,0.2095398366691655,0.16103472406027688,-0.3837092943071179,0.1901804778160954,0.35830365137261677,0.21586613043410585,1.0
