0,1,2,3,4,5,6,7,8,9,10,11,12,13,14,15,16,17,18
1.0,0.2895095399024605,0.19137853235770116,0.18709731571620844,0.28969303197590734,0.311617986916846,0.2553923852435148,0.25808690515222965,0.27489694536658643,0.28209802712606696,0.4082514815849608,0.33241584259044665,0.466130357920013,0.3322812274699652,-0.38828203935650885,0.43115466695695187,0.23925147069482597,0.18318607609319024,0.22736574856068456
0.2895095399024605,1.0,0.04218082855677706,-0.07673785188809018,0.01882349514616818,-0.02800600784389878,0.04525601372917299,-0.11481935281277392,0.042908898180665844,-0.028455605832275573,-0.014190984543219999,0.5939814895201871,0.1365044623499653,-0.07448669774367793,0.013659796463002178,-0.023468804730263415,-0.1924335954959645,-0.0678297427532981,-0.05577313585850023
0.19137853235770116,0.04218082855677706,1.0,0.6552249790195183,0.7528812447814872,0.5411400368678784,0.4666028990201791,0.29397807633638745,0.4305706446248089,0.17661747199536293,-0.09281828476076698,0.3314640762488101,0.6346783783121381,0.5719823996203927,-0.5248788233462691,0.3073295885803591,0.8409379711285624,0.5380703232855927,0.4332484918135765
0.18709731571620844,-0.07673785188809018,0.6552249790195183,1.0,0.5161369870629345,0.7045407360415917,0.32188881264566616,0.39021822218607954,0.31009790787976316,0.21063338465787915,0.022707251030640568,0.1970236890729712,0.33547001551473316,0.5694564711185027,-0.30827666373503143,0.3206895477435171,0.5824288608785995,0.6332535757582932,0.26738360415614054
0.28969303197590734,0.01882349514616818,0.7528812447814872,0.5161369870629345,1.0,0.5352764790809276,0.6663635678210516,0.43206447182787644,0.5881690226418006,0.3411460559327542,-0.0739328663552898,0.2863399420109837,0.7542017378983922,0.6236559943077187,-0.6389496115406895,0.4801973712405799,0.8379838857053572,0.5988308859386073,0.5511632515118248
0.311617986916846,-0.02800600784389878,0.5411400368678784,0.7045407360415917,0.5352764790809276,1.0,0.41580222541706763,0.5741677803412948,0.39047167951475525,0.3118126124432034,0.07413795568903478,0.1709236383533739,0.35697070817286486,0.6823111580125931,-0.3312973186976038,0.4253809346569747,0.5253924739471094,0.7640498186185032,0.42252230607962316
0.2553923852435148,0.04525601372917299,0.4666028990201791,0.32188881264566616,0.6663635678210516,0.41580222541706763,1.0,0.616339890405926,0.9587692580913532,0.5251263118522315,-0.16679047014651588,0.2705390373192276,0.5960940043277724,0.49352592288177416,-0.608663664590639,0.5318709703582118,0.690146650550583,0.4389820548560502,0.7892714743567442
0.25808690515222965,-0.11481935281277392,0.29397807633638745,0.39021822218607954,0.43206447182787644,0.5741677803412948,0.616339890405926,1.0,0.6005352792186465,0.7169595197976898,0.015577864612999742,0.06923031780795648,0.30872364075330616,0.4705399534693194,-0.40048105583916227,0.6644550284893911,0.44723657288796914,0.5225833965065138,0.7289597568503915
0.27489694536658643,0.042908898180665844,0.4305706446248089,0.31009790787976316,0.5881690226418006,0.39047167951475525,0.9587692580913532,0.6005352792186465,1.0,0.5455109671576903,-0.13824051405525956,0.29871835265334246,0.5550420887035676,0.4775116431314381,-0.5689117959066237,0.5559805394404612,0.6627527945685184,0.391109674646441,0.7560685835741361
0.28209802712606696,-0.028455605832275573,0.17661747199536293,0.21063338465787915,0.3411460559327542,0.3118126124432034,0.5251263118522315,0.7169595197976898,0.5455109671576903,1.0,0.0626740752916901,0.12864631947673935,0.30658711539387384,0.2845696737416119,-0.31061865419030327,0.6583561966263526,0.34872705859702485,0.31910497304216534,0.5500839853786325
0.4082514815849608,-0.014190984543219999,-0.09281828476076698,0.022707251030640568,-0.0739328663552898,0.07413795568903478,-0.16679047014651588,0.015577864612999742,-0.13824051405525956,0.0626740752916901,1.0,-0.028064233487292124,0.1137297268933857,0.09973583181077755,-0.10813201686010737,0.15329961911217038,-0.07778760619259412,0.0033276229354339596,-0.1726986252749593
0.33241584259044665,0.5939814895201871,0.3314640762488101,0.1970236890729712,0.2863399420109837,0.1709236383533739,0.2705390373192276,0.06923031780795648,0.29871835265334246,0.12864631947673935,-0.028064233487292124,1.0,0.3657018816424797,0.3310590179077073,-0.2101742811369452,0.3107828366399178,0.23040102168283236,0.11479304469199134,0.14765127551171356
0.466130357920013,0.1365044623499653,0.6346783783121381,0.33547001551473316,0.7542017378983922,0.35697070817286486,0.5960940043277724,0.30872364075330616,0.5550420887035676,0.30658711539387384,0.1137297268933857,0.3657018816424797,1.0,0.5919656904609181,-0.6468456030868656,0.5004507489703452,0.7899512516681193,0.3180468954457229,0.4278800354374286
0.3322812274699652,-0.07448669774367793,0.5719823996203927,0.5694564711185027,0.6236559943077187,0.6823111580125931,0.49352592288177416,0.4705399534693194,0.4775116431314381,0.2845696737416119,0.09973583181077755,0.3310590179077073,0.5919656904609181,1.0,-0.4845744478308389,0.5914589892236346,0.7083158261715057,0.4957888329666199,0.3961325360137649
-0.38828203935650885,0.013659796463002178,-0.5248788233462691,-0.30827666373503143,-0.6389496115406895,-0.3312973186976038,-0.608663664590639,-0.40048105583916227,-0.5689117959066237,-0.31061865419030327,-0.10813201686010737,-0.2101742811369452,-0.6468456030868656,-0.4845744478308389,1.0,-0.4417109760990159,-0.6956664220882375,-0.33061090823513317,-0.5513343582903419
0.43115466695695187,-0.023468804730263415,0.3073295885803591,0.3206895477435171,0.4801973712405799,0.4253809346569747,0.5318709703582118,0.6644550284893911,0.5559805394404612,0.6583561966263526,0.15329961911217038,0.3107828366399178,0.5004507489703452,0.5914589892236346,-0.4417109760990159,1.0,0.607539630972529,0.3704227753733621,0.46918754016979636
0.23925147069482597,-0.1924335954959645,0.8409379711285624,0.5824288608785995,0.8379838857053572,0.5253924739471094,0.690146650550583,0.44723657288796914,0.6627527945685184,0.34872705859702485,-0.07778760619259412,0.23040102168283236,0.7899512516681193,0.7083158261715057,-0.6956664220882375,0.607539630972529,1.0,0.4937783943270445,0.6053876087348332
0.18318607609319024,-0.0678297427532981,0.5380703232855927,0.6332535757582932,0.5988308859386073,0.7640498186185032,0.4389820548560502,0.5225833965065138,0.391109674646441,0.31910497304216534,0.0033276229354339596,0.11479304469199134,0.3180468954457229,0.4957888329666199,-0.33061090823513317,0.3704227753733621,0.4937783943270445,1.0,0.4241518768735657
0.22736574856068456,-0.05577313585850023,0.4332484918135765,0.26738360415614054,0.5511632515118248,0.42252230607962316,0.7892714743567442,0.7289597568503915,0.7560685835741361,0.5500839853786325,-0.1726986252749593,0.14765127551171356,0.4278800354374286,0.3961325360137649,-0.5513343582903419,0.46918754016979636,0.6053876087348332,0.4241518768735657,1.0
