0,1,2,3,4,5,6,7,8,9,10,11,12,13,14,15,16,17,18
1.0,0.7018922032136838,0.9662106971974308,0.8301416700100563,0.8881376351989292,0.7990202138630544,0.687063341292065,0.6478076042939419,0.7965366101658957,0.294978559839729,0.968199319422832,0.8041060554573518,0.9090584212091231,0.8193480297695486,0.8662438079812959,0.4736728254660592,0.9380879400037188,0.48768744557976035,0.7844753321391053
0.7018922032136838,1.0,0.6596021670711353,0.7042311675340924,0.4804098330608455,0.5456914064449374,0.3265045626398307,0.2271924487895055,0.3944495908006385,-0.07244892491582512,0.6007990944043414,0.47743566175373586,0.5270220219517137,0.5257846858977233,0.4558287319485737,0.16744323613149711,0.650642306870937,0.4229402104748551,0.4265645555792055
0.9662106971974308,0.6596021670711353,1.0,0.8577761035591768,0.9213698699637033,0.8302939380714904,0.7235824253946485,0.6781950244325834,0.8133165790988578,0.3142659587014774,0.9423756081291644,0.785120110505212,0.9391641231919262,0.8398612669451067,0.87227026466607,0.4806360878890344,0.9727653905321444,0.540965269633042,0.8189510375050032
0.8301416700100563,0.7042311675340924,0.8577761035591768,1.0,0.7520251822841677,0.8624729281278569,0.5397936361868908,0.4745415059097487,0.5822402870804188,-0.027743293103454546,0.7499739392305336,0.6865062681865947,0.747946342120532,0.8237759546517301,0.645258622561837,0.2486083091850291,0.8903236027225054,0.5469538896658449,0.650594081672551
0.8881376351989292,0.4804098330608455,0.9213698699637033,0.7520251822841677,1.0,0.7864758717574899,0.7906542115060615,0.7141749339647481,0.8351766410693856,0.3382516561769687,0.8855389235771927,0.8236511712776363,0.9596862040967431,0.7951906543273877,0.894296770533719,0.46339544098727425,0.9042980395972143,0.5557617951690089,0.834137419495491
0.7990202138630544,0.5456914064449374,0.8302939380714904,0.8624729281278569,0.7864758717574899,1.0,0.6103407036072753,0.6966321971368628,0.6255937322004902,0.1471604023874346,0.7450647088022353,0.6683323000072274,0.7632411495626694,0.884585306765104,0.685821710282562,0.37577377103954196,0.84827763935591,0.6347597808961668,0.7426812624520078
0.687063341292065,0.3265045626398307,0.7235824253946485,0.5397936361868908,0.7906542115060615,0.6103407036072753,1.0,0.6378008783847823,0.7588533269153597,0.3480628070884817,0.681989459754145,0.5919364337371179,0.8001724166344973,0.6187598276774064,0.767371204504689,0.40135452973592367,0.7112824922658332,0.510752518931872,0.7864720065532177
0.6478076042939419,0.2271924487895055,0.6781950244325834,0.4745415059097487,0.7141749339647481,0.6966321971368628,0.6378008783847823,1.0,0.6535069101716068,0.5883599658296147,0.6099403384906591,0.5617888088785573,0.6822686010183512,0.6853915905453101,0.6500364545046843,0.5450749677690341,0.6562651394526793,0.49644982175455044,0.8107255984437386
0.7965366101658957,0.3944495908006385,0.8133165790988578,0.5822402870804188,0.8351766410693856,0.6255937322004902,0.7588533269153597,0.6535069101716068,1.0,0.5171547041351215,0.8093727122864457,0.6582435519011054,0.8661190302712632,0.6426805033404424,0.9142436387458037,0.47630298147373956,0.8045932568065978,0.3854426644436663,0.8424589190353847
0.294978559839729,-0.07244892491582512,0.3142659587014774,-0.027743293103454546,0.3382516561769687,0.1471604023874346,0.3480628070884817,0.5883599658296147,0.5171547041351215,1.0,0.2703904748352981,0.132419866727104,0.35242324076071646,0.13476130338332926,0.3840278260535852,0.3735546817149049,0.2627965635261921,0.0972184847013688,0.4784279561300374
0.968199319422832,0.6007990944043414,0.9423756081291644,0.7499739392305336,0.8855389235771927,0.7450647088022353,0.681989459754145,0.6099403384906591,0.8093727122864457,0.2703904748352981,1.0,0.7730069482580352,0.906969101443466,0.7636880391816032,0.8840015451190403,0.465444361457288,0.9133272917953598,0.44296184334463146,0.7824345621708635
0.8041060554573518,0.47743566175373586,0.785120110505212,0.6865062681865947,0.8236511712776363,0.6683323000072274,0.5919364337371179,0.5617888088785573,0.6582435519011054,0.132419866727104,0.7730069482580352,1.0,0.7574030212388938,0.7256493762796552,0.7343878277455413,0.3917080296172416,0.7788295858994922,0.28428409629639356,0.6396013405116078
0.9090584212091231,0.5270220219517137,0.9391641231919262,0.747946342120532,0.9596862040967431,0.7632411495626694,0.8001724166344973,0.6822686010183512,0.8661190302712632,0.35242324076071646,0.906969101443466,0.7574030212388938,1.0,0.7883195240818577,0.9284887730471426,0.46898577297595,0.9182055770563609,0.5511284922530096,0.8539903491955109
0.8193480297695486,0.5257846858977233,0.8398612669451067,0.8237759546517301,0.7951906543273877,0.884585306765104,0.6187598276774064,0.6853915905453101,0.6426805033404424,0.13476130338332926,0.7636880391816032,0.7256493762796552,0.7883195240818577,1.0,0.7106645798267621,0.48856848860444013,0.8529322733396827,0.4982495571197726,0.7242583060853471
0.8662438079812959,0.4558287319485737,0.87227026466607,0.645258622561837,0.894296770533719,0.685821710282562,0.767371204504689,0.6500364545046843,0.9142436387458037,0.3840278260535852,0.8840015451190403,0.7343878277455413,0.9284887730471426,0.7106645798267621,1.0,0.5025877140491812,0.8583428076622998,0.43848633741702964,0.8300920920717944
0.4736728254660592,0.16744323613149711,0.4806360878890344,0.2486083091850291,0.46339544098727425,0.37577377103954196,0.40135452973592367,0.5450749677690341,0.47630298147373956,0.3735546817149049,0.465444361457288,0.3917080296172416,0.46898577297595,0.48856848860444013,0.5025877140491812,1.0,0.44770585561316806,0.15104625104415154,0.46392696331861644
0.9380879400037188,0.650642306870937,0.9727653905321444,0.8903236027225054,0.9042980395972143,0.84827763935591,0.7112824922658332,0.6562651394526793,0.8045932568065978,0.2627965635261921,0.9133272917953598,0.7788295858994922,0.9182055770563609,0.8529322733396827,0.8583428076622998,0.44770585561316806,1.0,0.5328089454748937,0.825613691286794
0.48768744557976035,0.4229402104748551,0.540965269633042,0.5469538896658449,0.5557617951690089,0.6347597808961668,0.510752518931872,0.49644982175455044,0.3854426644436663,0.0972184847013688,0.44296184334463146,0.28428409629639356,0.5511284922530096,0.4982495571197726,0.43848633741702964,0.15104625104415154,0.5328089454748937,1.0,0.6355035867380003
0.7844753321391053,0.4265645555792055,0.8189510375050032,0.650594081672551,0.834137419495491,0.7426812624520078,0.7864720065532177,0.8107255984437386,0.8424589190353847,0.4784279561300374,0.7824345621708635,0.6396013405116078,0.8539903491955109,0.7242583060853471,0.8300920920717944,0.46392696331861644,0.825613691286794,0.6355035867380003,1.0
