0,1,2,3,4,5,6,7,8,9,10,11,12,13,14,15,16,17,18
1.0,0.6739864067857739,0.8322490161514321,0.623389156230562,0.4401331616972933,0.40148874189222805,0.23248832520522222,0.059406349181121074,0.07706813275341161,-0.1534793332467348,0.7883937791037144,0.49014662414987115,0.5026632889815514,0.32637610312401827,0.28161726951798827,0.05101785401829379,0.7012054090888856,0.1637948274021209,0.1111791970644431
0.6739864067857739,1.0,0.5398438767894553,0.49339952322141356,0.007824389394848792,0.0008129762771195739,0.011418608632571338,-0.3137886560127963,-0.014482800135363304,-0.3193001821417812,0.5038674154717808,0.07413727817928767,0.12846831400383482,0.07531337554521782,0.06272162785847618,-0.31521247057874513,0.5120486034216013,0.11037015877534828,-0.05970131689610494
0.8322490161514321,0.5398438767894553,1.0,0.6964449875586968,0.51611196773876,0.45035623558339427,0.3430750364706451,0.10015306195072587,0.13567159193312575,-0.09847994983833014,0.7288416288750712,0.34230077215207616,0.6190749940115123,0.3349214425337619,0.2954034764026234,-0.05108678272889966,0.8575953071045959,0.36154249033616354,0.2399924463888289
0.623389156230562,0.49339952322141356,0.6964449875586968,1.0,0.3803111419093728,0.5891276764082021,0.1280498462492853,-0.11211868698768922,-0.06705754011921929,-0.4987952108391121,0.37569448237994185,0.31068551340151723,0.30840922722488984,0.5021711214958778,0.05241495529241089,-0.0881161147926898,0.8010452324266821,0.33996040252804954,0.09159242628685463
0.4401331616972933,0.007824389394848792,0.51611196773876,0.3803111419093728,1.0,0.5828973501488548,0.5995184759124559,0.3499976064883777,0.2409131657864389,-0.06331556412739621,0.2659798934167722,0.5858477786275639,0.8033080447661683,0.4557740677653209,0.47361504351880696,0.375691699010243,0.4876918231804949,0.3346839452648204,0.3386040032778424
0.40148874189222805,0.0008129762771195739,0.45035623558339427,0.5891276764082021,0.5828973501488548,1.0,0.2224494188754902,0.41934806880154746,0.002312138253728374,-0.23527646320374868,0.15610251251798282,0.5869163841076905,0.40371531614958633,0.7602028099670122,0.09090459875028405,0.381199322143243,0.5252351962652845,0.3706509575526259,0.2889861945573103
0.23248832520522222,0.011418608632571338,0.3430750364706451,0.1280498462492853,0.5995184759124559,0.2224494188754902,1.0,0.397464246651125,0.6502223330343656,0.2893570554747436,0.14128423712376284,0.18390134548130044,0.6686385798696427,0.054543757294889667,0.626544828030404,0.009894420534165954,0.3008098242081814,0.4658969263899966,0.7264828582858367
0.059406349181121074,-0.3137886560127963,0.10015306195072587,-0.11211868698768922,0.3499976064883777,0.41934806880154746,0.397464246651125,1.0,0.2655029937469691,0.4885520873953903,-0.04295712255763268,0.13506926378305825,0.2067809928349553,0.29466806192168277,0.12193208832153568,0.42217084154131496,0.05740763234378155,0.3215545277070599,0.6220996779056958
0.07706813275341161,-0.014482800135363304,0.13567159193312575,-0.06705754011921929,0.2409131657864389,0.002312138253728374,0.6502223330343656,0.2655029937469691,1.0,0.47852457112883323,-0.06441939143860051,0.04968828374779166,0.32737264883565975,-0.07168235631242618,0.6094808988046072,0.01098659887184482,0.104683528207572,0.1233652636844029,0.4559195984632315
-0.1534793332467348,-0.3193001821417812,-0.09847994983833014,-0.4987952108391121,-0.06331556412739621,-0.23527646320374868,0.2893570554747436,0.4885520873953903,0.47852457112883323,1.0,-0.18049507946220028,-0.2607806049999175,-0.018253241294395883,-0.28354804291982644,0.15826424842366024,0.07219928632759429,-0.19783287779442585,-0.018163872407995198,0.3706366930800759
0.7883937791037144,0.5038674154717808,0.7288416288750712,0.37569448237994185,0.2659798934167722,0.15610251251798282,0.14128423712376284,-0.04295712255763268,-0.06441939143860051,-0.18049507946220028,1.0,0.16269342495837474,0.40610859717387987,0.016643477877856548,0.17321044979739508,-0.1419984638859464,0.5486826223816299,0.12503773146668717,0.10580261698605031
0.49014662414987115,0.07413727817928767,0.34230077215207616,0.31068551340151723,0.5858477786275639,0.5869163841076905,0.18390134548130044,0.13506926378305825,0.04968828374779166,-0.2607806049999175,0.16269342495837474,1.0,0.4620265396192749,0.4490174844087678,0.25397107274707975,0.42297457754291734,0.3248312389590779,-0.008776912296258982,0.04911194072558646
0.5026632889815514,0.12846831400383482,0.6190749940115123,0.30840922722488984,0.8033080447661683,0.40371531614958633,0.6686385798696427,0.2067809928349553,0.32737264883565975,-0.018253241294395883,0.40610859717387987,0.4620265396192749,1.0,0.25797740797354923,0.5891783476322211,0.10337625479339602,0.5192030215182389,0.32728862020739513,0.3433723106700809
0.32637610312401827,0.07531337554521782,0.3349214425337619,0.5021711214958778,0.4557740677653209,0.7602028099670122,0.054543757294889667,0.29466806192168277,-0.07168235631242618,-0.28354804291982644,0.016643477877856548,0.4490174844087678,0.25797740797354923,1.0,-0.0055027197964781635,0.4598655277738682,0.41722776501359443,0.15560456488515337,0.055223320076504046
0.28161726951798827,0.06272162785847618,0.2954034764026234,0.05241495529241089,0.47361504351880696,0.09090459875028405,0.626544828030404,0.12193208832153568,0.6094808988046072,0.15826424842366024,0.17321044979739508,0.25397107274707975,0.5891783476322211,-0.0055027197964781635,1.0,0.10561703661958365,0.23018712615912937,0.12430302108680953,0.30410056700968285
0.05101785401829379,-0.31521247057874513,-0.05108678272889966,-0.0881161147926898,0.375691699010243,0.381199322143243,0.009894420534165954,0.42217084154131496,0.01098659887184482,0.07219928632759429,-0.1419984638859464,0.42297457754291734,0.10337625479339602,0.4598655277738682,0.10561703661958365,1.0,-0.05646545593484761,-0.12255748553434695,0.02282162438254384
0.7012054090888856,0.5120486034216013,0.8575953071045959,0.8010452324266821,0.4876918231804949,0.5252351962652845,0.3008098242081814,0.05740763234378155,0.104683528207572,-0.19783287779442585,0.5486826223816299,0.3248312389590779,0.5192030215182389,0.41722776501359443,0.23018712615912937,-0.05646545593484761,1.0,0.3757842474483001,0.24468443064721443
0.1637948274021209,0.11037015877534828,0.36154249033616354,0.33996040252804954,0.3346839452648204,0.3706509575526259,0.4658969263899966,0.3215545277070599,0.1233652636844029,-0.018163872407995198,0.12503773146668717,-0.008776912296258982,0.32728862020739513,0.15560456488515337,0.12430302108680953,-0.12255748553434695,0.3757842474483001,1.0,0.655661758978483
0.1111791970644431,-0.05970131689610494,0.2399924463888289,0.09159242628685463,0.3386040032778424,0.2889861945573103,0.7264828582858367,0.6220996779056958,0.4559195984632315,0.3706366930800759,0.10580261698605031,0.04911194072558646,0.3433723106700809,0.055223320076504046,0.30410056700968285,0.02282162438254384,0.24468443064721443,0.655661758978483,1.0
