0,1,2,3,4,5,6,7,8,9,10,11,12,13,14,15,16,17,18
1.0,0.47741045427042733,0.9417659361747845,0.7098749503039822,0.8472275700601504,0.710121731567433,0.527791746368652,0.45445952468551665,0.593158374263368,-0.13276408447114058,0.9361454795659737,0.7300312919167107,0.8577736568019253,0.7302051278715985,0.7676699005940956,0.41229285443424807,0.8917867442469655,0.2553892642835132,0.599494125158634
0.47741045427042733,1.0,0.4734521164512602,0.5948232279094811,0.30781088155382846,0.35342440219649074,0.08596586189814567,-0.011732022108688185,-0.017324370255499013,-0.4163661296099648,0.39986660109652566,0.0270722384446372,0.24959704518871972,0.21846354137875745,0.21570575762837976,-0.06282192817891497,0.4748240189148061,0.24747202295293125,0.15773395059269837
0.9417659361747845,0.4734521164512602,1.0,0.7652009364631512,0.8649496952189434,0.7612937081585069,0.5337063989005221,0.46387771127934213,0.5921295573451554,-0.13552314135139656,0.8994708189805795,0.6786534760500533,0.879377786792199,0.7340177364682949,0.7569293021580122,0.3870967256667194,0.934680115157947,0.3350502624368329,0.6269469423240487
0.7098749503039822,0.5948232279094811,0.7652009364631512,1.0,0.6050030324113534,0.7928064366070986,0.290602147211637,0.24570022893441942,0.21785513735762835,-0.4080310888738204,0.5746607648195399,0.444838891381386,0.550586600206056,0.6528451417938472,0.40823247387683925,0.1381962580355367,0.7983219971472153,0.4226197080740443,0.40441687849055263
0.8472275700601504,0.30781088155382846,0.8649496952189434,0.6050030324113534,1.0,0.745273233508878,0.6696222670600411,0.6135771815432096,0.7002020977156077,-0.032245932588406474,0.7940699137912341,0.7518807763895838,0.9308161784045915,0.7340500722810307,0.840796371642856,0.47010737555133764,0.8265259030015932,0.3195864588957341,0.7098218397355415
0.710121731567433,0.35342440219649074,0.7612937081585069,0.7928064366070986,0.745273233508878,1.0,0.43174093429591187,0.5566864670579202,0.40589595357523295,-0.1980803827377975,0.6256967589603605,0.5554177021824342,0.6436083808365595,0.8202636577019048,0.5501037519759292,0.3723095589987786,0.7599765820155013,0.42929091343899256,0.5776488321502069
0.527791746368652,0.08596586189814567,0.5337063989005221,0.290602147211637,0.6696222670600411,0.43174093429591187,1.0,0.4153588871769666,0.6317324933082088,0.0030985582428545975,0.5232160923647553,0.470116801062114,0.6842544562076714,0.44306179408369406,0.6614569662521208,0.25710090782838624,0.5222041389105602,0.2653205210576496,0.6273251606504295
0.45445952468551665,-0.011732022108688185,0.46387771127934213,0.24570022893441942,0.6135771815432096,0.5566864670579202,0.4153588871769666,1.0,0.5303043408309812,0.4438593214399846,0.3572582998700833,0.4438012862857399,0.4954185609006159,0.5365440007625413,0.4980542046698657,0.5803096033987302,0.4626594992343984,0.3636827535713549,0.7458422143703458
0.593158374263368,-0.017324370255499013,0.5921295573451554,0.21785513735762835,0.7002020977156077,0.40589595357523295,0.6317324933082088,0.5303043408309812,1.0,0.32545775272559396,0.5676824987142453,0.6171934496611715,0.7412459729717568,0.422644409423954,0.8112458269219543,0.40725077235705875,0.554223996678182,0.15625690460105485,0.6773656895788047
-0.13276408447114058,-0.4163661296099648,-0.13552314135139656,-0.4080310888738204,-0.032245932588406474,-0.1980803827377975,0.0030985582428545975,0.4438593214399846,0.32545775272559396,1.0,-0.20346554657984162,-0.016563724719836886,-0.05058246198440916,-0.1673562562366872,0.040272966723660035,0.28595958922987275,-0.1352960748213866,0.004636820620730302,0.2729266196991115
0.9361454795659737,0.39986660109652566,0.8994708189805795,0.5746607648195399,0.7940699137912341,0.6256967589603605,0.5232160923647553,0.3572582998700833,0.5676824987142453,-0.20346554657984162,1.0,0.6055139736355728,0.8428134186973987,0.6242749682242352,0.7605111785606765,0.32159632685306583,0.8495515312893365,0.1978647033007279,0.570086955266969
0.7300312919167107,0.0270722384446372,0.6786534760500533,0.444838891381386,0.7518807763895838,0.5554177021824342,0.470116801062114,0.4438012862857399,0.6171934496611715,-0.016563724719836886,0.6055139736355728,1.0,0.7193578515155061,0.6802955947831919,0.6390875026756554,0.47455783371327664,0.6200723311498231,0.046207398542251164,0.4833325759552462
0.8577736568019253,0.24959704518871972,0.879377786792199,0.550586600206056,0.9308161784045915,0.6436083808365595,0.6842544562076714,0.4954185609006159,0.7412459729717568,-0.05058246198440916,0.8428134186973987,0.7193578515155061,1.0,0.660388657737948,0.8779808596040346,0.40159391448304227,0.828898546856661,0.28609358332567675,0.6854805461006328
0.7302051278715985,0.21846354137875745,0.7340177364682949,0.6528451417938472,0.7340500722810307,0.8202636577019048,0.44306179408369406,0.5365440007625413,0.422644409423954,-0.1673562562366872,0.6242749682242352,0.6802955947831919,0.660388657737948,1.0,0.5712074979688286,0.5010553024464797,0.7117992767589338,0.26704333412248404,0.523524492470992
0.7676699005940956,0.21570575762837976,0.7569293021580122,0.40823247387683925,0.840796371642856,0.5501037519759292,0.6614569662521208,0.4980542046698657,0.8112458269219543,0.040272966723660035,0.7605111785606765,0.6390875026756554,0.8779808596040346,0.5712074979688286,1.0,0.39978003450361765,0.7161412546852746,0.1924499443846806,0.6804254448156681
0.41229285443424807,-0.06282192817891497,0.3870967256667194,0.1381962580355367,0.47010737555133764,0.3723095589987786,0.25710090782838624,0.5803096033987302,0.40725077235705875,0.28595958922987275,0.32159632685306583,0.47455783371327664,0.40159391448304227,0.5010553024464797,0.39978003450361765,1.0,0.3328428743859035,0.05155005116586149,0.4197128974796783
0.8917867442469655,0.4748240189148061,0.934680115157947,0.7983219971472153,0.8265259030015932,0.7599765820155013,0.5222041389105602,0.4626594992343984,0.554223996678182,-0.1352960748213866,0.8495515312893365,0.6200723311498231,0.828898546856661,0.7117992767589338,0.7161412546852746,0.3328428743859035,1.0,0.39796828753060215,0.6587149818407652
0.2553892642835132,0.24747202295293125,0.3350502624368329,0.4226197080740443,0.3195864588957341,0.42929091343899256,0.2653205210576496,0.3636827535713549,0.15625690460105485,0.004636820620730302,0.1978647033007279,0.046207398542251164,0.28609358332567675,0.26704333412248404,0.1924499443846806,0.05155005116586149,0.39796828753060215,1.0,0.5884125581708012
0.599494125158634,0.15773395059269837,0.6269469423240487,0.40441687849055263,0.7098218397355415,0.5776488321502069,0.6273251606504295,0.7458422143703458,0.6773656895788047,0.2729266196991115,0.570086955266969,0.4833325759552462,0.6854805461006328,0.523524492470992,0.6804254448156681,0.4197128974796783,0.6587149818407652,0.5884125581708012,1.0
