0,1,2,3,4,5,6,7,8,9,10,11,12,13,14,15,16,17,18
1.0,0.6684178121147508,0.7875234586812981,0.6610249079803799,0.39872066095072733,0.4205992615811147,0.15284432724830938,0.1219324874709917,0.012738330448302778,-0.06309585819129944,0.7714830268629372,0.33011337262850005,0.4797593260014757,0.4074636119482325,0.1536599942459874,-0.20198996497029753,0.6998991320750528,0.261817602309083,0.12863491128727803
0.6684178121147508,1.0,0.5685508051643273,0.6164807012823804,0.09650406004078935,0.19741362308068894,-0.1053334546643451,-0.22623302188950103,-0.17211398662606534,-0.40260949178784355,0.48385932642888285,0.282988309534679,0.22109051146106143,0.2842585411670899,-0.14251217968237928,-0.3577572902322336,0.5010582505494388,0.1375403031512762,0.011130037214708089
0.7875234586812981,0.5685508051643273,1.0,0.6774039430426884,0.42586564270980987,0.3813802517436434,0.26081891950923997,0.0853127085872874,0.0810049395611817,-0.04669752333915369,0.7544010031312695,0.027951999665722763,0.6475384629116625,0.3258653275954583,0.17932896508876933,-0.3190697606517354,0.7996891648500078,0.4346541702356623,0.2764306673756612
0.6610249079803799,0.6164807012823804,0.6774039430426884,1.0,0.3501440663858865,0.6599669688615434,0.12463358296594673,-0.0855091105009247,-0.10004480530083787,-0.419766645368281,0.40580670173581074,0.26010590374393555,0.396687219566243,0.5615165372042397,-0.0027264147109942963,-0.31140355525282,0.8215278705480428,0.37860695222093266,0.15958990450659732
0.39872066095072733,0.09650406004078935,0.42586564270980987,0.3501440663858865,1.0,0.46696900865192653,0.44215409192951616,0.330196845308024,0.168625276552665,0.04495972875412853,0.19834984561239474,0.41420811326966916,0.7054859342091477,0.29057902957312004,0.4524393972958948,0.17815047499281403,0.4420991089292658,0.5199587340395909,0.27243853318326455
0.4205992615811147,0.19741362308068894,0.3813802517436434,0.6599669688615434,0.46696900865192653,1.0,0.1216863316706518,0.34718418492799696,-0.11371251595204279,-0.18748850810987172,0.10613069457053477,0.3925750379361665,0.3043646723297542,0.7225848361727626,0.054027143779690916,0.14304978922855055,0.5422576195813392,0.40164754128126573,0.164706678029021
0.15284432724830938,-0.1053334546643451,0.26081891950923997,0.12463358296594673,0.44215409192951616,0.1216863316706518,1.0,0.1665887625247858,0.45544617946152394,0.07804094208179514,0.19978390908337434,-0.10395077823059823,0.5383444493827371,0.0029977305443329924,0.47753562478570527,-0.14862106942981146,0.246814492626152,0.4079322789856004,0.47420470290734984
0.1219324874709917,-0.22623302188950103,0.0853127085872874,-0.0855091105009247,0.330196845308024,0.34718418492799696,0.1665887625247858,1.0,0.21971791552356687,0.5393825419003664,-0.11084792467525337,0.10290717824837936,0.10616370662348094,0.24221700617801176,0.14804320500009488,0.36476137146898385,0.11245684638512908,0.3045778124534718,0.49700586082538717
0.012738330448302778,-0.17211398662606534,0.0810049395611817,-0.10004480530083787,0.168625276552665,-0.11371251595204279,0.45544617946152394,0.21971791552356687,1.0,0.44904107660428993,0.006185924632990482,-0.18711829690950396,0.2288732577838795,-0.18886859356486477,0.5194949753010164,-0.06971465880438081,0.06734728028540295,0.12707696929835666,0.41020259907718176
-0.06309585819129944,-0.40260949178784355,-0.04669752333915369,-0.419766645368281,0.04495972875412853,-0.18748850810987172,0.07804094208179514,0.5393825419003664,0.44904107660428993,1.0,-0.16505987086565524,-0.23449187327859194,-0.08012728748153489,-0.2582234956969671,0.09657776062021188,0.2578067419101633,-0.09596978547535508,-0.03184454934415078,0.3284819461475742
0.7714830268629372,0.48385932642888285,0.7544010031312695,0.40580670173581074,0.19834984561239474,0.10613069457053477,0.19978390908337434,-0.11084792467525337,0.006185924632990482,-0.16505987086565524,1.0,-0.0913457356049969,0.4845359438417287,0.07598998022914938,0.17326115614673188,-0.4687905842779163,0.5380729150179415,0.18840751874033082,0.1508067983525145
0.33011337262850005,0.282988309534679,0.027951999665722763,0.26010590374393555,0.41420811326966916,0.3925750379361665,-0.10395077823059823,0.10290717824837936,-0.18711829690950396,-0.23449187327859194,-0.0913457356049969,1.0,0.05936564077672015,0.4262398516026647,0.014353332997035702,0.3465286817550065,0.16813936025619092,-0.06235650677614206,-0.23346533330753239
0.4797593260014757,0.22109051146106143,0.6475384629116625,0.396687219566243,0.7054859342091477,0.3043646723297542,0.5383444493827371,0.10616370662348094,0.2288732577838795,-0.08012728748153489,0.4845359438417287,0.05936564077672015,1.0,0.16285383213769616,0.5167113802913867,-0.2162971210536205,0.528178417015255,0.5223847215245849,0.36854303049191606
0.4074636119482325,0.2842585411670899,0.3258653275954583,0.5615165372042397,0.29057902957312004,0.7225848361727626,0.0029977305443329924,0.24221700617801176,-0.18886859356486477,-0.2582234956969671,0.07598998022914938,0.4262398516026647,0.16285383213769616,1.0,-0.05907951078873182,0.17533989774227998,0.46083044484712454,0.20380556114873,0.08409547534266032
0.1536599942459874,-0.14251217968237928,0.17932896508876933,-0.0027264147109942963,0.4524393972958948,0.054027143779690916,0.47753562478570527,0.14804320500009488,0.5194949753010164,0.09657776062021188,0.17326115614673188,0.014353332997035702,0.5167113802913867,-0.05907951078873182,1.0,0.0043746576183749135,0.14565341712919505,0.2318152349597399,0.25010921850570483
-0.20198996497029753,-0.3577572902322336,-0.3190697606517354,-0.31140355525282,0.17815047499281403,0.14304978922855055,-0.14862106942981146,0.36476137146898385,-0.06971465880438081,0.2578067419101633,-0.4687905842779163,0.3465286817550065,-0.2162971210536205,0.17533989774227998,0.0043746576183749135,1.0,-0.23552886226515218,-0.12640530298216418,-0.20214423954276725
0.6998991320750528,0.5010582505494388,0.7996891648500078,0.8215278705480428,0.4420991089292658,0.5422576195813392,0.246814492626152,0.11245684638512908,0.06734728028540295,-0.09596978547535508,0.5380729150179415,0.16813936025619092,0.528178417015255,0.46083044484712454,0.14565341712919505,-0.23552886226515218,1.0,0.3898720889960233,0.2947650089189395
0.261817602309083,0.1375403031512762,0.4346541702356623,0.37860695222093266,0.5199587340395909,0.40164754128126573,0.4079322789856004,0.3045778124534718,0.12707696929835666,-0.03184454934415078,0.18840751874033082,-0.06235650677614206,0.5223847215245849,0.20380556114873,0.2318152349597399,-0.12640530298216418,0.3898720889960233,1.0,0.6095035487104659
0.12863491128727803,0.011130037214708089,0.2764306673756612,0.15958990450659732,0.27243853318326455,0.164706678029021,0.47420470290734984,0.49700586082538717,0.41020259907718176,0.3284819461475742,0.1508067983525145,-0.23346533330753239,0.36854303049191606,0.08409547534266032,0.25010921850570483,-0.20214423954276725,0.2947650089189395,0.6095035487104659,1.0
