0,1,2,3,4,5,6,7,8,9,10,11,12,13,14,15,16,17,18
1.0,0.5144029608857432,0.6292111577406178,0.3426717896831722,0.30064145419657,0.42027510947812363,0.1676695189048135,0.2090848163133181,0.043511488401992954,0.07116790005548443,0.7543218026326922,-0.327231311695973,0.39982878534653404,0.2902981381656871,0.14958137866610283,0.17279520209311874,0.2808196125736656,0.433352765086241,0.0477228072324078
0.5144029608857432,1.0,0.5398803417051097,0.6503638320488938,0.4085609335577748,0.6797092625444211,0.23377515779149047,0.3360505009577118,0.10258159469248879,0.041050443460687175,0.5465031471456169,-0.2165901743152765,0.4598401788409245,0.30893739915347407,0.24869418111394653,0.28743453522487056,0.24306206515016326,0.7099487773822852,0.04098354902444191
0.6292111577406178,0.5398803417051097,1.0,0.5083466109016862,0.6707421818763583,0.5035708543856663,0.4696560931940317,0.2717928039217037,0.31538975308424116,0.0663158613468656,0.5223559420467004,0.19111117465187888,0.6391556728343266,0.2545065847999677,0.32526134237637055,0.2434046887296139,0.4981245477581354,0.5296852749146023,0.32542576647662574
0.3426717896831722,0.6503638320488938,0.5083466109016862,1.0,0.4072291311983839,0.601143301300922,0.3489268540793986,0.39623663673239834,0.2520685977940012,0.19623924119248737,0.36452211983068683,0.020635192291487862,0.4041671704959506,0.2592868455539031,0.24898703512560358,0.3185916281623966,-0.12830636850097257,0.5677843108841688,0.2514313069984033
0.30064145419657,0.4085609335577748,0.6707421818763583,0.4072291311983839,1.0,0.564949328272115,0.7593234694659331,0.43552934759332523,0.5492621024272807,0.17091850350032162,0.22467734674047468,0.3160656915696088,0.6941765033219147,0.17126740144881317,0.5564841026375114,0.3014404350366749,0.419808522929454,0.6311106521560579,0.5122640298400848
0.42027510947812363,0.6797092625444211,0.5035708543856663,0.601143301300922,0.564949328272115,1.0,0.5179966712100269,0.6917341697899236,0.37713398472528914,0.35135888616939814,0.38091873360253276,0.30121831244126784,0.5837701665959518,0.41895636596681474,0.46349414926015864,0.5274677908683931,0.2518756535380999,0.7957986462981935,0.44066089800820424
0.1676695189048135,0.23377515779149047,0.4696560931940317,0.3489268540793986,0.7593234694659331,0.5179966712100269,1.0,0.5063906916629312,0.6633912514780396,0.27464428302430266,0.15392403124019366,0.2644474561068281,0.6540267963436721,0.11379856250600645,0.7183974934503934,0.2795344071278799,0.19666510997425501,0.5486767025932326,0.698309662546076
0.2090848163133181,0.3360505009577118,0.2717928039217037,0.39623663673239834,0.43552934759332523,0.6917341697899236,0.5063906916629312,1.0,0.4164829811153892,0.7939510890347197,0.21794212816495281,0.08643784052751032,0.3932053271632227,0.21077222914620197,0.3758407669824567,0.6148645945776294,0.11704066165948437,0.5640146073224659,0.6245994629340184
0.043511488401992954,0.10258159469248879,0.31538975308424116,0.2520685977940012,0.5492621024272807,0.37713398472528914,0.6633912514780396,0.4164829811153892,1.0,0.2606904240524508,0.06591963572805683,0.27430244556129557,0.43549614898560524,0.07943221371721451,0.6050181884682637,0.2283132344553843,0.1574083811779838,0.3050206489557801,0.4705013806768251
0.07116790005548443,0.041050443460687175,0.0663158613468656,0.19623924119248737,0.17091850350032162,0.35135888616939814,0.27464428302430266,0.7939510890347197,0.2606904240524508,1.0,0.0836480953072329,-0.09616318182173175,0.1524899009314265,0.06941110264830923,0.20306931951204785,0.5173395676288864,-0.016725216253419935,0.26918528665721536,0.5064561382028793
0.7543218026326922,0.5465031471456169,0.5223559420467004,0.36452211983068683,0.22467734674047468,0.38091873360253276,0.15392403124019366,0.21794212816495281,0.06591963572805683,0.0836480953072329,1.0,-0.3615687201381261,0.43161641483905616,0.29158597728134195,0.15210011767281284,0.1579565115328005,0.13496764448923637,0.38792402155351513,-0.008565260000157462
-0.327231311695973,-0.2165901743152765,0.19111117465187888,0.020635192291487862,0.3160656915696088,0.30121831244126784,0.2644474561068281,0.08643784052751032,0.27430244556129557,-0.09616318182173175,-0.3615687201381261,1.0,0.26340122433864654,0.15373140622210302,0.17964222838705868,0.05848069305462669,0.3334749734165243,0.18677391348426167,0.3476751216955494
0.39982878534653404,0.4598401788409245,0.6391556728343266,0.4041671704959506,0.6941765033219147,0.5837701665959518,0.6540267963436721,0.3932053271632227,0.43549614898560524,0.1524899009314265,0.43161641483905616,0.26340122433864654,1.0,0.24997616214455282,0.5910241086557181,0.26794623054381567,0.26433626419721395,0.5792605966089931,0.372290139546198
0.2902981381656871,0.30893739915347407,0.2545065847999677,0.2592868455539031,0.17126740144881317,0.41895636596681474,0.11379856250600645,0.21077222914620197,0.07943221371721451,0.06941110264830923,0.29158597728134195,0.15373140622210302,0.24997616214455282,1.0,0.09093513940322433,0.11180650902048456,0.09486348429502899,0.33307081594356824,0.12783697930945484
0.14958137866610283,0.24869418111394653,0.32526134237637055,0.24898703512560358,0.5564841026375114,0.46349414926015864,0.7183974934503934,0.3758407669824567,0.6050181884682637,0.20306931951204785,0.15210011767281284,0.17964222838705868,0.5910241086557181,0.09093513940322433,1.0,0.27357089430007975,0.16153219952167716,0.4160868805849443,0.3798674746349351
0.17279520209311874,0.28743453522487056,0.2434046887296139,0.3185916281623966,0.3014404350366749,0.5274677908683931,0.2795344071278799,0.6148645945776294,0.2283132344553843,0.5173395676288864,0.1579565115328005,0.05848069305462669,0.26794623054381567,0.11180650902048456,0.27357089430007975,1.0,0.13682837226309882,0.3936657745833063,0.2534585398597797
0.2808196125736656,0.24306206515016326,0.4981245477581354,-0.12830636850097257,0.419808522929454,0.2518756535380999,0.19666510997425501,0.11704066165948437,0.1574083811779838,-0.016725216253419935,0.13496764448923637,0.3334749734165243,0.26433626419721395,0.09486348429502899,0.16153219952167716,0.13682837226309882,1.0,0.2694532921854134,0.17900920912292606
0.433352765086241,0.7099487773822852,0.5296852749146023,0.5677843108841688,0.6311106521560579,0.7957986462981935,0.5486767025932326,0.5640146073224659,0.3050206489557801,0.26918528665721536,0.38792402155351513,0.18677391348426167,0.5792605966089931,0.33307081594356824,0.4160868805849443,0.3936657745833063,0.2694532921854134,1.0,0.4388828562469241
0.0477228072324078,0.04098354902444191,0.32542576647662574,0.2514313069984033,0.5122640298400848,0.44066089800820424,0.698309662546076,0.6245994629340184,0.4705013806768251,0.5064561382028793,-0.008565260000157462,0.3476751216955494,0.372290139546198,0.12783697930945484,0.3798674746349351,0.2534585398597797,0.17900920912292606,0.4388828562469241,1.0
