0,1,2,3,4,5,6,7,8,9,10,11,12,13,14,15,16,17,18
1.0,0.11731232961694239,0.35042929630306907,0.18723599449276473,0.2627874551330068,0.31810802499803637,0.20520496498334187,0.27286818395257784,0.23210601696563346,0.2308235888470571,0.48906159532830673,-0.404829028925235,0.2744528309902012,0.1541479264922784,0.22935929733929697,0.15892140081632664,0.22818960823894135,0.30349491892884606,0.25542173539233337
0.11731232961694239,1.0,0.5586911613038374,0.6993375786393815,0.3011301855924663,0.6486247828315557,0.14757806429023676,0.3676062280086072,0.02188318841599832,0.1362565177688044,0.4553300744804495,-0.055182424193267625,0.3090481307952242,0.4891325147169895,0.07177617234055705,0.23950144938657963,0.550046371397952,0.6461043966397372,0.07200250076453911
0.35042929630306907,0.5586911613038374,1.0,0.5583167190335477,0.6447835662183027,0.4938047540305197,0.5012001216729559,0.30533420704462855,0.20066500005140292,0.11718300114513086,0.4102289918378476,0.249813929835009,0.639644114058118,0.4202756720911139,0.32275950651503016,0.282727524605194,0.769188243818454,0.5689792278116298,0.38678936070925407
0.18723599449276473,0.6993375786393815,0.5583167190335477,1.0,0.32244615619594014,0.6361142879055465,0.2376703102217626,0.36315759773925116,0.08351875447273997,0.16730056456032052,0.37314671396612814,0.2537775670549492,0.325279927528599,0.5303271330000671,0.20558365843020246,0.32441415800771684,0.6311562287535745,0.6057428518308109,0.1684202901088914
0.2627874551330068,0.3011301855924663,0.6447835662183027,0.32244615619594014,1.0,0.5120860436672913,0.8573577098653729,0.4714251879436457,0.41617700263795127,0.27765102262862873,0.19834904030182524,0.2581218165757761,0.8112161526253886,0.3357634621748729,0.5437531694856208,0.27412479386296523,0.506596115280017,0.6801547104192135,0.6255763697623479
0.31810802499803637,0.6486247828315557,0.4938047540305197,0.6361142879055465,0.5120860436672913,1.0,0.3667321505105101,0.6074503454731027,0.1189747094144791,0.3887837326346954,0.4143265074638811,0.300547168455476,0.45348163187107915,0.7371860068334002,0.2605344688760699,0.48002294076516294,0.4467633009458501,0.726528764435839,0.3608770104427968
0.20520496498334187,0.14757806429023676,0.5012001216729559,0.2376703102217626,0.8573577098653729,0.3667321505105101,1.0,0.48577132355166686,0.5212027818285825,0.34527037041302416,0.1280240356724278,0.14735274829524714,0.777345413264407,0.223856906756064,0.7199981347817631,0.26782708082401613,0.3899411179851263,0.5667460162373299,0.7045491169050128
0.27286818395257784,0.3676062280086072,0.30533420704462855,0.36315759773925116,0.4714251879436457,0.6074503454731027,0.48577132355166686,1.0,0.2312937129492676,0.8126891394754971,0.2494423685283323,-0.10421081971145635,0.3820610269007304,0.33987220113416455,0.31336267949358676,0.4636510098784639,0.25799712160708793,0.6197534530797565,0.6418781037282278
0.23210601696563346,0.02188318841599832,0.20066500005140292,0.08351875447273997,0.41617700263795127,0.1189747094144791,0.5212027818285825,0.2312937129492676,1.0,0.2541008467509237,-0.03413663016198988,-0.05150996817515516,0.4286325973417501,0.03596094465628039,0.5112082760426326,0.14584803582171535,0.13558931594180454,0.29710343189074234,0.31404465380938557
0.2308235888470571,0.1362565177688044,0.11718300114513086,0.16730056456032052,0.27765102262862873,0.3887837326346954,0.34527037041302416,0.8126891394754971,0.2541008467509237,1.0,0.16997348425940673,-0.2780384458083956,0.253544938303584,0.26182474006714945,0.28920029884564263,0.459482644496628,0.050907972098022045,0.377013924688298,0.5570812072171032
0.48906159532830673,0.4553300744804495,0.4102289918378476,0.37314671396612814,0.19834904030182524,0.4143265074638811,0.1280240356724278,0.2494423685283323,-0.03413663016198988,0.16997348425940673,1.0,-0.2378055696748383,0.32701454469015506,0.2999922499390917,0.20462098017580102,0.2313848288195737,0.33191233010807475,0.3544719181952228,0.01816950017410827
-0.404829028925235,-0.055182424193267625,0.249813929835009,0.2537775670549492,0.2581218165757761,0.300547168455476,0.14735274829524714,-0.10421081971145635,-0.05150996817515516,-0.2780384458083956,-0.2378055696748383,1.0,0.21794096852377215,0.3015917177886241,0.046455904245138596,0.07454677954494657,0.3194097604853387,0.17914593533246903,0.07637625866130922
0.2744528309902012,0.3090481307952242,0.639644114058118,0.325279927528599,0.8112161526253886,0.45348163187107915,0.777345413264407,0.3820610269007304,0.4286325973417501,0.253544938303584,0.32701454469015506,0.21794096852377215,1.0,0.3831746402668819,0.6973190016992626,0.3626541109151996,0.513031189443758,0.5408149866133471,0.5196885666297353
0.1541479264922784,0.4891325147169895,0.4202756720911139,0.5303271330000671,0.3357634621748729,0.7371860068334002,0.223856906756064,0.33987220113416455,0.03596094465628039,0.26182474006714945,0.2999922499390917,0.3015917177886241,0.3831746402668819,1.0,0.24196649041178842,0.446673946392944,0.2935723536108725,0.43515982217269067,0.24082710587351353
0.22935929733929697,0.07177617234055705,0.32275950651503016,0.20558365843020246,0.5437531694856208,0.2605344688760699,0.7199981347817631,0.31336267949358676,0.5112082760426326,0.28920029884564263,0.20462098017580102,0.046455904245138596,0.6973190016992626,0.24196649041178842,1.0,0.3099728161608303,0.24667981223167623,0.34743024003001516,0.4262872353240217
0.15892140081632664,0.23950144938657963,0.282727524605194,0.32441415800771684,0.27412479386296523,0.48002294076516294,0.26782708082401613,0.4636510098784639,0.14584803582171535,0.459482644496628,0.2313848288195737,0.07454677954494657,0.3626541109151996,0.446673946392944,0.3099728161608303,1.0,0.256745177836504,0.3301286333916425,0.2974228427973551
0.22818960823894135,0.550046371397952,0.769188243818454,0.6311562287535745,0.506596115280017,0.4467633009458501,0.3899411179851263,0.25799712160708793,0.13558931594180454,0.050907972098022045,0.33191233010807475,0.3194097604853387,0.513031189443758,0.2935723536108725,0.24667981223167623,0.256745177836504,1.0,0.5400603709957659,0.3128681079076784
0.30349491892884606,0.6461043966397372,0.5689792278116298,0.6057428518308109,0.6801547104192135,0.726528764435839,0.5667460162373299,0.6197534530797565,0.29710343189074234,0.377013924688298,0.3544719181952228,0.17914593533246903,0.5408149866133471,0.43515982217269067,0.34743024003001516,0.3301286333916425,0.5400603709957659,1.0,0.501040136983737
0.25542173539233337,0.07200250076453911,0.38678936070925407,0.1684202901088914,0.6255763697623479,0.3608770104427968,0.7045491169050128,0.6418781037282278,0.31404465380938557,0.5570812072171032,0.01816950017410827,0.07637625866130922,0.5196885666297353,0.24082710587351353,0.4262872353240217,0.2974228427973551,0.3128681079076784,0.501040136983737,1.0
