0,1,2,3,4,5,6,7,8,9,10,11,12,13,14,15,16,17,18
1.0,0.3011017982916668,0.6105821204303042,0.322433739604278,0.4535946249226166,0.3614715439530759,0.21807064812531352,0.28531608689203475,0.24790292359506905,0.24029249418053628,0.5689081098006757,-0.2475979389957932,0.49684646012226563,0.172478344272522,0.2513073434912057,0.16562721849382636,0.5255999081559843,0.30139423102680624,0.3311061353624704
0.3011017982916668,1.0,0.5730463375426044,0.6282493652672371,0.4158274060114475,0.655350325882587,0.16135821962221678,0.43691942002467377,0.07557319160205694,0.2146674086790159,0.3727193407259449,-0.10557342994950494,0.46092029975659093,0.413114237427582,0.24552835278402826,0.36020144194106707,0.5926100359943648,0.6290813404410142,0.201685785718416
0.6105821204303042,0.5730463375426044,1.0,0.5337643828079467,0.6673331886101622,0.511776536828021,0.43067272883860563,0.44314007434061403,0.131066070006439,0.3359796154704187,0.622444651700529,0.15551892843410461,0.6822682451062463,0.31314558491777117,0.42170009335809916,0.31236736318794,0.82916922903235,0.5538077402046586,0.4719902046954896
0.322433739604278,0.6282493652672371,0.5337643828079467,1.0,0.3050435117699122,0.47411024007187336,-0.03333927330968206,0.3812223498524018,0.0973442310610142,0.2602004016453069,0.39426059200930136,0.2569543796895175,0.3598887426701972,0.28908687234048763,0.2729172443277411,0.3021388264972938,0.5059097126941298,0.4687243051497646,0.28833494145819555
0.4535946249226166,0.4158274060114475,0.6673331886101622,0.3050435117699122,1.0,0.5777117061658363,0.8022487179067219,0.5537503821025689,0.35499764880504453,0.4272440763359478,0.3654416782277787,0.06445892523476529,0.7307877099397215,0.2222408740753066,0.5864987875140767,0.3155873276255316,0.5990332135910538,0.6332732118973452,0.5490097195127509
0.3614715439530759,0.655350325882587,0.511776536828021,0.47411024007187336,0.5777117061658363,1.0,0.43599047347247094,0.7354890388353937,0.27339490956536944,0.5478855476397312,0.30470818649368886,0.26153551111481865,0.595370005961843,0.4621043936939807,0.4117602900430379,0.5331463264668032,0.5223660548425153,0.6655564104330824,0.4192138234956439
0.21807064812531352,0.16135821962221678,0.43067272883860563,-0.03333927330968206,0.8022487179067219,0.43599047347247094,1.0,0.49041699267196187,0.35632447773479137,0.4198004959914551,0.17453309093856503,0.0017825433002775948,0.525058923951723,0.1306744392584251,0.6100708114013406,0.22942543901550003,0.3917143193394586,0.5096840183496124,0.5735053279101383
0.28531608689203475,0.43691942002467377,0.44314007434061403,0.3812223498524018,0.5537503821025689,0.7354890388353937,0.49041699267196187,1.0,0.3886442841396913,0.8133156344409468,0.2533852585987419,0.03953567098598488,0.48371087879622054,0.34652945200781077,0.4267285138234571,0.5846057093254368,0.3834626414524771,0.6112998029034026,0.6700341418880581
0.24790292359506905,0.07557319160205694,0.131066070006439,0.0973442310610142,0.35499764880504453,0.27339490956536944,0.35632447773479137,0.3886442841396913,1.0,0.3423165971590481,0.03570799490575264,-0.06487105943687611,0.29918755241913036,0.06078082678430168,0.4829875618728207,0.2143318211256941,0.11186383017475107,0.20124088678725185,0.38041653966865535
0.24029249418053628,0.2146674086790159,0.3359796154704187,0.2602004016453069,0.4272440763359478,0.5478855476397312,0.4198004959914551,0.8133156344409468,0.3423165971590481,1.0,0.17309502353131054,-0.12856031426534206,0.36848872376144903,0.14797012730844758,0.4140982000908107,0.5968402201969952,0.21711651230324625,0.4141087563001043,0.6558194751777993
0.5689081098006757,0.3727193407259449,0.622444651700529,0.39426059200930136,0.3654416782277787,0.30470818649368886,0.17453309093856503,0.2533852585987419,0.03570799490575264,0.17309502353131054,1.0,-0.0574966611881686,0.4948729546299507,0.22409337060208634,0.21905971518278114,0.23946010701848877,0.4734646193142276,0.3376312697058208,0.1642708826554892
-0.2475979389957932,-0.10557342994950494,0.15551892843410461,0.2569543796895175,0.06445892523476529,0.26153551111481865,0.0017825433002775948,0.03953567098598488,-0.06487105943687611,-0.12856031426534206,-0.0574966611881686,1.0,0.18562960449218152,0.1819096043447291,0.06718968135557431,-0.06482969489012744,0.25435403751999186,0.21100025204109074,0.02708255416431163
0.49684646012226563,0.46092029975659093,0.6822682451062463,0.3598887426701972,0.7307877099397215,0.595370005961843,0.525058923951723,0.48371087879622054,0.29918755241913036,0.36848872376144903,0.4948729546299507,0.18562960449218152,1.0,0.35264841600388547,0.6015816724657478,0.3754296554810625,0.618170710795547,0.5268969657722136,0.4281404929759271
0.172478344272522,0.413114237427582,0.31314558491777117,0.28908687234048763,0.2222408740753066,0.4621043936939807,0.1306744392584251,0.34652945200781077,0.06078082678430168,0.14797012730844758,0.22409337060208634,0.1819096043447291,0.35264841600388547,1.0,0.16435757857182015,0.20897476146412544,0.2925742095197516,0.2838313111679787,0.08157311627927945
0.2513073434912057,0.24552835278402826,0.42170009335809916,0.2729172443277411,0.5864987875140767,0.4117602900430379,0.6100708114013406,0.4267285138234571,0.4829875618728207,0.4140982000908107,0.21905971518278114,0.06718968135557431,0.6015816724657478,0.16435757857182015,1.0,0.31298828080386376,0.3323529190587158,0.4077047170086183,0.3966676886295618
0.16562721849382636,0.36020144194106707,0.31236736318794,0.3021388264972938,0.3155873276255316,0.5331463264668032,0.22942543901550003,0.5846057093254368,0.2143318211256941,0.5968402201969952,0.23946010701848877,-0.06482969489012744,0.3754296554810625,0.20897476146412544,0.31298828080386376,1.0,0.20204038041578734,0.36349281583482007,0.3763417344203331
0.5255999081559843,0.5926100359943648,0.82916922903235,0.5059097126941298,0.5990332135910538,0.5223660548425153,0.3917143193394586,0.3834626414524771,0.11186383017475107,0.21711651230324625,0.4734646193142276,0.25435403751999186,0.618170710795547,0.2925742095197516,0.3323529190587158,0.20204038041578734,1.0,0.5825999824038566,0.4514283135973039
0.30139423102680624,0.6290813404410142,0.5538077402046586,0.4687243051497646,0.6332732118973452,0.6655564104330824,0.5096840183496124,0.6112998029034026,0.20124088678725185,0.4141087563001043,0.3376312697058208,0.21100025204109074,0.5268969657722136,0.2838313111679787,0.4077047170086183,0.36349281583482007,0.5825999824038566,1.0,0.488226062243301
0.3311061353624704,0.201685785718416,0.4719902046954896,0.28833494145819555,0.5490097195127509,0.4192138234956439,0.5735053279101383,0.6700341418880581,0.38041653966865535,0.6558194751777993,0.1642708826554892,0.02708255416431163,0.4281404929759271,0.08157311627927945,0.3966676886295618,0.3763417344203331,0.4514283135973039,0.488226062243301,1.0
