0,1,2,3,4,5,6,7,8,9,10,11,12,13,14,15,16,17,18
1.0,0.7132389602273096,0.4210030448796627,0.45390088565055886,0.30887884458133147,0.3457213191468977,0.32617514863639446,0.3141923912164805,0.004500796790375474,-0.010928508153919044,0.31612465301303627,0.4484792851562418,0.03175696858694827,0.2532714960656107,-0.11351514689366825,-0.03514337709962671,0.11692785119368006,0.374052481296861,-0.01717609260388976
0.7132389602273096,1.0,0.5628712210467856,0.5817011770447869,0.40516647288470475,0.47647111630420064,0.29139285519327485,0.4492564118493567,0.2027017578040082,0.1023823361288228,0.2442697830207954,0.47572308262160073,0.25107113494508104,0.25722901034597273,-0.023725878509274396,0.1392548927744346,0.3612586782652567,0.4694143898221277,0.15959564446804336
0.4210030448796627,0.5628712210467856,1.0,0.8252928397001287,0.8177661619462678,0.7621277323081324,0.3683075028819018,0.6155037893245883,0.2215104130112118,0.1630687453725639,-0.006973631157908477,0.6135855553058677,0.13470648921904554,0.39883372964474134,0.11225072116014036,0.34393384108523894,0.6560753628852747,0.737914134821921,0.38201404513840714
0.45390088565055886,0.5817011770447869,0.8252928397001287,1.0,0.671252342767751,0.8290684317254626,0.37192618065832744,0.697103784683799,0.22025631593024955,0.29544024557133525,0.12683244145042902,0.6853815368434358,0.2166095393469608,0.4897893009189603,0.21756900215407896,0.4082677445282053,0.7336190424286876,0.7919033790660959,0.41593787596053494
0.30887884458133147,0.40516647288470475,0.8177661619462678,0.671252342767751,1.0,0.7634332630413898,0.4787756179460244,0.6643097703776022,0.35514974675712246,0.15271356560027863,-0.060978573408718637,0.49701524356118626,0.2277252255567121,0.4152481515693274,0.17241715775120997,0.26934371099535936,0.4935970179533306,0.7486414404100626,0.5221093175854269
0.3457213191468977,0.47647111630420064,0.7621277323081324,0.8290684317254626,0.7634332630413898,1.0,0.5034758163473273,0.8501909744908067,0.3695438158772387,0.3164076984967324,0.14378356923455943,0.4811821987192195,0.28404679998579363,0.5321631465639631,0.23956257002934,0.37839108764111834,0.6362677390556231,0.8615963932856316,0.5602740695193213
0.32617514863639446,0.29139285519327485,0.3683075028819018,0.37192618065832744,0.4787756179460244,0.5034758163473273,1.0,0.5930913871468887,0.459314458827088,0.38205194267512155,0.2082850411160978,0.20540950133192412,0.2597513231529575,0.19789988166186703,0.07963323125369473,0.16398019034938127,0.24857634614886534,0.4565395160197895,0.4398850841272517
0.3141923912164805,0.4492564118493567,0.6155037893245883,0.697103784683799,0.6643097703776022,0.8501909744908067,0.5930913871468887,1.0,0.5779181650237997,0.5364457191319305,0.1350967537428391,0.362898891850524,0.29465807639143793,0.5043796266224175,0.27619639205068675,0.44090612885403113,0.5645598005814334,0.8022690683855677,0.7024014410486608
0.004500796790375474,0.2027017578040082,0.2215104130112118,0.22025631593024955,0.35514974675712246,0.3695438158772387,0.459314458827088,0.5779181650237997,1.0,0.47514901076664506,-0.12008568613246785,0.049497956980885334,0.06152597076015929,0.19372144193356974,0.10125926035698213,0.2854836821812003,0.21372339190788026,0.3297086569937606,0.5380179770545039
-0.010928508153919044,0.1023823361288228,0.1630687453725639,0.29544024557133525,0.15271356560027863,0.3164076984967324,0.38205194267512155,0.5364457191319305,0.47514901076664506,1.0,0.18177033006076987,-0.020509427138093846,0.16226102896301095,0.19619854219032337,0.2520053316216574,0.46005772991865446,0.38814908598038894,0.34880818884296144,0.5373265200993569
0.31612465301303627,0.2442697830207954,-0.006973631157908477,0.12683244145042902,-0.060978573408718637,0.14378356923455943,0.2082850411160978,0.1350967537428391,-0.12008568613246785,0.18177033006076987,1.0,-0.06854021685449259,0.2126019359440607,0.15801312353422037,-0.1928669022839643,-0.2894422907354152,-0.22874762736698745,0.17437152396750905,-0.10449523459111318
0.4484792851562418,0.47572308262160073,0.6135855553058677,0.6853815368434358,0.49701524356118626,0.4811821987192195,0.20540950133192412,0.362898891850524,0.049497956980885334,-0.020509427138093846,-0.06854021685449259,1.0,0.04631519704438312,0.49827412160135703,0.25614658190529926,0.21469926659144983,0.5210000490319925,0.42799473320585335,0.26152263083954536
0.03175696858694827,0.25107113494508104,0.13470648921904554,0.2166095393469608,0.2277252255567121,0.28404679998579363,0.2597513231529575,0.29465807639143793,0.06152597076015929,0.16226102896301095,0.2126019359440607,0.04631519704438312,1.0,0.18152668844964082,-0.02392650143579881,-0.10719800459269231,-0.016823373788176672,0.3184885810810683,0.21417710624177427
0.2532714960656107,0.25722901034597273,0.39883372964474134,0.4897893009189603,0.4152481515693274,0.5321631465639631,0.19789988166186703,0.5043796266224175,0.19372144193356974,0.19619854219032337,0.15801312353422037,0.49827412160135703,0.18152668844964082,1.0,0.23137739291901488,0.053639334301023835,0.2726228335127845,0.43249560205073856,0.3537820459443265
-0.11351514689366825,-0.023725878509274396,0.11225072116014036,0.21756900215407896,0.17241715775120997,0.23956257002934,0.07963323125369473,0.27619639205068675,0.10125926035698213,0.2520053316216574,-0.1928669022839643,0.25614658190529926,-0.02392650143579881,0.23137739291901488,1.0,0.16711574705741378,0.08227116899719832,0.23629945479013717,0.0864226890654351
-0.03514337709962671,0.1392548927744346,0.34393384108523894,0.4082677445282053,0.26934371099535936,0.37839108764111834,0.16398019034938127,0.44090612885403113,0.2854836821812003,0.46005772991865446,-0.2894422907354152,0.21469926659144983,-0.10719800459269231,0.053639334301023835,0.16711574705741378,1.0,0.7888721740711832,0.37943310232398064,0.4430481691296876
0.11692785119368006,0.3612586782652567,0.6560753628852747,0.7336190424286876,0.4935970179533306,0.6362677390556231,0.24857634614886534,0.5645598005814334,0.21372339190788026,0.38814908598038894,-0.22874762736698745,0.5210000490319925,-0.016823373788176672,0.2726228335127845,0.08227116899719832,0.7888721740711832,1.0,0.6096671982584028,0.4892978929301036
0.374052481296861,0.4694143898221277,0.737914134821921,0.7919033790660959,0.7486414404100626,0.8615963932856316,0.4565395160197895,0.8022690683855677,0.3297086569937606,0.34880818884296144,0.17437152396750905,0.42799473320585335,0.3184885810810683,0.43249560205073856,0.23629945479013717,0.37943310232398064,0.6096671982584028,1.0,0.5960606972180541
-0.01717609260388976,0.15959564446804336,0.38201404513840714,0.41593787596053494,0.5221093175854269,0.5602740695193213,0.4398850841272517,0.7024014410486608,0.5380179770545039,0.5373265200993569,-0.10449523459111318,0.26152263083954536,0.21417710624177427,0.3537820459443265,0.0864226890654351,0.4430481691296876,0.4892978929301036,0.5960606972180541,1.0
