0,1,2,3,4,5,6,7,8,9,10,11,12,13,14,15,16,17,18
1.0,0.8444395485578371,0.3696159932972223,0.4833424456993088,0.17522072405334932,0.2240233948608727,-0.04154916131281963,-0.024131599706962346,-0.4243527845234401,-0.14233673832946997,0.2083625482166285,0.5286399009595041,0.23701515871041776,0.2804352058621221,-0.1364358722328056,-0.02470164125814505,0.42105080686386065,0.14062131743798525,-0.1132762340472499
0.8444395485578371,1.0,0.43666373828675203,0.5721971352520567,0.29267521218214065,0.32802838753328534,0.0018220484431887636,0.11531511900832384,-0.2261225989541736,-0.014834849819826568,0.18218315847511096,0.595931667695278,0.33501809869338955,0.27800291103917,0.06369259685687324,0.024726957045227944,0.48317613693097006,0.251257784996859,0.007285150865650564
0.3696159932972223,0.43666373828675203,1.0,0.7275166148051402,0.7396941329184945,0.6791289842784078,0.12421283413244423,0.2729440618138947,-0.22612850583895466,0.029790668728593452,0.1458870257988996,0.5833687746979226,0.29102060686714293,0.4558566140320252,0.14744000661526993,0.18825357693758385,0.7801945093220028,0.6355054494624696,0.17789202031690923
0.4833424456993088,0.5721971352520567,0.7275166148051402,1.0,0.5105765481760717,0.6444186181113545,0.04285653634838827,0.272019522686905,-0.1874500121491249,0.030862060940190332,0.2526363223864179,0.7664990943689867,0.36005241236884283,0.505154661857286,0.07334968923560374,0.12116953421745004,0.8278876611683524,0.5243372398411722,0.18612721121548076
0.17522072405334932,0.29267521218214065,0.7396941329184945,0.5105765481760717,1.0,0.7194309160038858,0.14338961164759892,0.40991361660149234,-0.026154443154885236,0.1657224778389641,0.09151805576177106,0.4388907758324425,0.3885875073266125,0.41050631877382987,0.32570026498155935,0.24753604853899894,0.588900204000811,0.8141454882798491,0.41842714932563396
0.2240233948608727,0.32802838753328534,0.6791289842784078,0.6444186181113545,0.7194309160038858,1.0,0.05558939619945742,0.6536959530622829,0.094788316944073,0.3245875449232634,0.22371973071891457,0.5786291796068527,0.2834842958811095,0.6470482162976868,0.3265476070920826,0.42702070877359266,0.7309675053759399,0.7868875399111253,0.513032126112405
-0.04154916131281963,0.0018220484431887636,0.12421283413244423,0.04285653634838827,0.14338961164759892,0.05558939619945742,1.0,0.10380859111868113,0.2679881030432443,0.07904201058255071,-0.09090492677437043,-0.05545457295398672,0.3703002956776766,-0.040413523051393944,0.19666607512598533,-0.14064330685569948,0.0028343840826169364,0.14707875107813667,0.2642701653540265
-0.024131599706962346,0.11531511900832384,0.2729440618138947,0.272019522686905,0.40991361660149234,0.6536959530622829,0.10380859111868113,1.0,0.5456514057698297,0.7984604894860914,-0.010846796844975947,0.2765734563371703,0.18107139348500745,0.48836718755965997,0.4733008540634174,0.6439801773330213,0.29155323694933716,0.48840030259639955,0.7626551800339364
-0.4243527845234401,-0.2261225989541736,-0.22612850583895466,-0.1874500121491249,-0.026154443154885236,0.094788316944073,0.2679881030432443,0.5456514057698297,1.0,0.6542821908575952,-0.31900715226417975,-0.13351493239875392,-0.00889905947247227,0.04014330263499114,0.2818369214515217,0.2589730407105202,-0.23710041382884778,0.10413269967122457,0.567218699530703
-0.14233673832946997,-0.014834849819826568,0.029790668728593452,0.030862060940190332,0.1657224778389641,0.3245875449232634,0.07904201058255071,0.7984604894860914,0.6542821908575952,1.0,-0.0634634485687856,0.0436144637225983,0.12097755719585904,0.2731833077509685,0.4429653307040775,0.692171126897175,0.015926446734042397,0.2280333432842064,0.5676326274455313
0.2083625482166285,0.18218315847511096,0.1458870257988996,0.2526363223864179,0.09151805576177106,0.22371973071891457,-0.09090492677437043,-0.010846796844975947,-0.31900715226417975,-0.0634634485687856,1.0,0.2956760064315558,-0.1912015453403174,0.09397567846461631,-0.25623495273001423,0.05023313115186911,0.11911114845193366,0.22550447748667546,-0.20079232058498098
0.5286399009595041,0.595931667695278,0.5833687746979226,0.7664990943689867,0.4388907758324425,0.5786291796068527,-0.05545457295398672,0.2765734563371703,-0.13351493239875392,0.0436144637225983,0.2956760064315558,1.0,0.30366830686025015,0.6322815450982001,0.08693847889106834,0.16353709989794044,0.6698943048537506,0.3485369758891724,0.1921370377739117
0.23701515871041776,0.33501809869338955,0.29102060686714293,0.36005241236884283,0.3885875073266125,0.2834842958811095,0.3703002956776766,0.18107139348500745,-0.00889905947247227,0.12097755719585904,-0.1912015453403174,0.30366830686025015,1.0,0.2924693651258041,0.33320123496156545,-0.05445193886670408,0.22951933262559118,0.3405166381939385,0.14613901057737314
0.2804352058621221,0.27800291103917,0.4558566140320252,0.505154661857286,0.41050631877382987,0.6470482162976868,-0.040413523051393944,0.48836718755965997,0.04014330263499114,0.2731833077509685,0.09397567846461631,0.6322815450982001,0.2924693651258041,1.0,0.20769591617856129,0.4664684061440432,0.5432448628027214,0.3074653356087228,0.27640489050225875
-0.1364358722328056,0.06369259685687324,0.14744000661526993,0.07334968923560374,0.32570026498155935,0.3265476070920826,0.19666607512598533,0.4733008540634174,0.2818369214515217,0.4429653307040775,-0.25623495273001423,0.08693847889106834,0.33320123496156545,0.20769591617856129,1.0,0.3907061120489493,-0.01190526581785229,0.3007319180128804,0.23710854134696463
-0.02470164125814505,0.024726957045227944,0.18825357693758385,0.12116953421745004,0.24753604853899894,0.42702070877359266,-0.14064330685569948,0.6439801773330213,0.2589730407105202,0.692171126897175,0.05023313115186911,0.16353709989794044,-0.05445193886670408,0.4664684061440432,0.3907061120489493,1.0,0.20924351556334028,0.18657747422903748,0.37743973521692215
0.42105080686386065,0.48317613693097006,0.7801945093220028,0.8278876611683524,0.588900204000811,0.7309675053759399,0.0028343840826169364,0.29155323694933716,-0.23710041382884778,0.015926446734042397,0.11911114845193366,0.6698943048537506,0.22951933262559118,0.5432448628027214,-0.01190526581785229,0.20924351556334028,1.0,0.5921527959819752,0.23700996170374766
0.14062131743798525,0.251257784996859,0.6355054494624696,0.5243372398411722,0.8141454882798491,0.7868875399111253,0.14707875107813667,0.48840030259639955,0.10413269967122457,0.2280333432842064,0.22550447748667546,0.3485369758891724,0.3405166381939385,0.3074653356087228,0.3007319180128804,0.18657747422903748,0.5921527959819752,1.0,0.4949580790722141
-0.1132762340472499,0.007285150865650564,0.17789202031690923,0.18612721121548076,0.41842714932563396,0.513032126112405,0.2642701653540265,0.7626551800339364,0.567218699530703,0.5676326274455313,-0.20079232058498098,0.1921370377739117,0.14613901057737314,0.27640489050225875,0.23710854134696463,0.37743973521692215,0.23700996170374766,0.4949580790722141,1.0
