0,1,2,3,4,5,6,7,8,9,10,11,12,13,14,15,16,17,18
1.0,0.7440580361822206,0.5684650375737712,0.5325168236038494,0.3816147215950129,0.3627963811711199,-0.04813819832882533,0.3266155078040628,-0.0020143466511206,0.3406331780206398,-0.023927118961897698,0.3844182491824567,-0.050087263604760526,0.2801836696859601,0.24887036658327724,-0.01699235971565632,0.2253223668635201,0.3665151116641221,-0.14580382538981354
0.7440580361822206,1.0,0.6819022176831973,0.65367263702977,0.5513735632373699,0.5911477936215628,-0.06990618398717768,0.4783201816338872,0.14056147994842172,0.4086534127217178,0.31463023301342635,0.5640578826129912,0.08606083193167048,0.3145298171203193,0.2221925381517158,0.09906582874797489,0.43998507643089096,0.552181352224331,0.03063953325795465
0.5684650375737712,0.6819022176831973,1.0,0.6700561205354156,0.7796556822238211,0.63041032484127,0.04965639240664911,0.4718162075122948,0.1364426366804424,0.3744592817846991,0.12695003175365122,0.4459108856352589,0.08012223917946154,0.43378411905199893,0.13055005755559929,-0.09371940912207305,0.3644712785602135,0.6269163185826404,0.09917836385744147
0.5325168236038494,0.65367263702977,0.6700561205354156,1.0,0.5280618547053801,0.8018629897886685,-0.21263738032483073,0.588318743763445,-0.018997885658878083,0.4283911975379152,0.3614273436824644,0.845997563758172,0.34418688306244927,0.6099544163882893,0.05637131717981534,0.40182993099975395,0.777172634299659,0.7241987885349881,0.24138593460787344
0.3816147215950129,0.5513735632373699,0.7796556822238211,0.5280618547053801,1.0,0.6674171499440102,0.2954300501269033,0.5664785345069694,0.2915296174025553,0.3869176000526496,0.17327308464055258,0.31347322914155645,0.21296824815625254,0.41097305699440484,0.1796527863466994,-0.11270424330740132,0.24896598788859525,0.7522486117436337,0.34529544782212823
0.3627963811711199,0.5911477936215628,0.63041032484127,0.8018629897886685,0.6674171499440102,1.0,-0.03598327549978857,0.8148138842931285,0.2801176319299961,0.5781316782767717,0.39362234918969297,0.6477619839930971,0.33438675854274225,0.654938899705923,0.18826957817170362,0.3461588508978024,0.6531590567484958,0.876236786369096,0.4899853873393847
-0.04813819832882533,-0.06990618398717768,0.04965639240664911,-0.21263738032483073,0.2954300501269033,-0.03598327549978857,1.0,0.06667588255595756,0.3912003195017605,0.17005083619875738,0.013736121871272952,-0.28916556430186907,0.1815324894583674,0.014866282742008897,0.059340911167161475,-0.6108126534190262,-0.4880005286977047,-0.035225689141326705,0.24199063520960923
0.3266155078040628,0.4783201816338872,0.4718162075122948,0.588318743763445,0.5664785345069694,0.8148138842931285,0.06667588255595756,1.0,0.4705255720791628,0.7140291183836495,0.27121870027832107,0.4828616098237923,0.24967324603105184,0.5968212591778431,0.32987988845243826,0.29291055124115656,0.4396244402380181,0.7251582215887277,0.5830460273187112
-0.0020143466511206,0.14056147994842172,0.1364426366804424,-0.018997885658878083,0.2915296174025553,0.2801176319299961,0.3912003195017605,0.4705255720791628,1.0,0.525675263117994,-0.0962816104509611,-0.08329005014352414,-0.059473359125003546,0.13298206501710097,0.16140024837763833,-0.24290434466288202,-0.14872127859818363,0.24787117958602525,0.3850665267963091
0.3406331780206398,0.4086534127217178,0.3744592817846991,0.4283911975379152,0.3869176000526496,0.5781316782767717,0.17005083619875738,0.7140291183836495,0.525675263117994,1.0,0.20070588728344396,0.37363016147869116,0.19786610394140883,0.42904010210136867,0.24585683486829502,0.18166571540535958,0.3452457877697549,0.4777256855900949,0.42081578823519133
-0.023927118961897698,0.31463023301342635,0.12695003175365122,0.3614273436824644,0.17327308464055258,0.39362234918969297,0.013736121871272952,0.27121870027832107,-0.0962816104509611,0.20070588728344396,1.0,0.4188708173971331,0.32978062287802323,0.1740751177670725,-0.0845811142823774,0.2836555751344375,0.3674773828895122,0.3742220637543149,0.06287746982905035
0.3844182491824567,0.5640578826129912,0.4459108856352589,0.845997563758172,0.31347322914155645,0.6477619839930971,-0.28916556430186907,0.4828616098237923,-0.08329005014352414,0.37363016147869116,0.4188708173971331,1.0,0.4281026055943101,0.6077542323644191,-0.09505221694320869,0.5621035123733329,0.8406293025285371,0.5372870022498198,0.2893484347954866
-0.050087263604760526,0.08606083193167048,0.08012223917946154,0.34418688306244927,0.21296824815625254,0.33438675854274225,0.1815324894583674,0.24967324603105184,-0.059473359125003546,0.19786610394140883,0.32978062287802323,0.4281026055943101,1.0,0.25931463378915337,-0.28809527210780383,0.23865245515970823,0.30601145023794907,0.3248703021863814,0.20030604078242206
0.2801836696859601,0.3145298171203193,0.43378411905199893,0.6099544163882893,0.41097305699440484,0.654938899705923,0.014866282742008897,0.5968212591778431,0.13298206501710097,0.42904010210136867,0.1740751177670725,0.6077542323644191,0.25931463378915337,1.0,0.07284668367918687,0.29939279022588244,0.5063275201574646,0.47844860512652676,0.46774692045881405
0.24887036658327724,0.2221925381517158,0.13055005755559929,0.05637131717981534,0.1796527863466994,0.18826957817170362,0.059340911167161475,0.32987988845243826,0.16140024837763833,0.24585683486829502,-0.0845811142823774,-0.09505221694320869,-0.28809527210780383,0.07284668367918687,1.0,-0.1681268127185685,-0.27510015426617834,0.1496278844556958,-0.14919554816747654
-0.01699235971565632,0.09906582874797489,-0.09371940912207305,0.40182993099975395,-0.11270424330740132,0.3461588508978024,-0.6108126534190262,0.29291055124115656,-0.24290434466288202,0.18166571540535958,0.2836555751344375,0.5621035123733329,0.23865245515970823,0.29939279022588244,-0.1681268127185685,1.0,0.7798202506980089,0.3103488038762119,0.2665817391046304
0.2253223668635201,0.43998507643089096,0.3644712785602135,0.777172634299659,0.24896598788859525,0.6531590567484958,-0.4880005286977047,0.4396244402380181,-0.14872127859818363,0.3452457877697549,0.3674773828895122,0.8406293025285371,0.30601145023794907,0.5063275201574646,-0.27510015426617834,0.7798202506980089,1.0,0.5958628064018595,0.34041819646802945
0.3665151116641221,0.552181352224331,0.6269163185826404,0.7241987885349881,0.7522486117436337,0.876236786369096,-0.035225689141326705,0.7251582215887277,0.24787117958602525,0.4777256855900949,0.3742220637543149,0.5372870022498198,0.3248703021863814,0.47844860512652676,0.1496278844556958,0.3103488038762119,0.5958628064018595,1.0,0.45533003246728226
-0.14580382538981354,0.03063953325795465,0.09917836385744147,0.24138593460787344,0.34529544782212823,0.4899853873393847,0.24199063520960923,0.5830460273187112,0.3850665267963091,0.42081578823519133,0.06287746982905035,0.2893484347954866,0.20030604078242206,0.46774692045881405,-0.14919554816747654,0.2665817391046304,0.34041819646802945,0.45533003246728226,1.0
