0,1,2,3,4,5,6,7,8,9,10,11,12,13,14,15,16,17,18
1.0,0.8100804008180887,0.3445171562075281,0.3693205228317855,0.13483066747446876,0.2557662278792257,0.13482483655018868,-0.01031399141123463,-0.2509528641391873,-0.14119464442195584,0.5812731686746871,0.44309477140585873,0.16352590730354932,0.15547074836427185,-0.13794087446245515,-0.003439269073261736,0.3044606224429534,0.19322034459934026,-0.11248060992827698
0.8100804008180887,1.0,0.3743771567189749,0.4159786400661642,0.15616977978029256,0.227981688453293,0.18527213784033958,-0.009029500581555897,-0.1412815451619392,-0.1503002222851388,0.5234255798757653,0.494229999796673,0.21679020098793964,0.22675484571666985,-0.032123723192499794,-0.015574327939448521,0.3232330029221808,0.17434697578003683,-0.09021835543969917
0.3445171562075281,0.3743771567189749,1.0,0.7301746324232049,0.690040765053792,0.6539585562027325,0.17580669021071726,0.2942606278617958,-0.14412443360597954,0.006982826971652719,0.5735408529516668,0.572992817433007,0.2350584573626363,0.3927648368575527,0.05908650735539554,0.07637269950611258,0.7458730186103002,0.6650199605654342,0.18231632683329488
0.3693205228317855,0.4159786400661642,0.7301746324232049,1.0,0.535109557498867,0.7205361367910295,0.3356909491560369,0.3183757754795454,-0.06078967180177434,0.01953446363778592,0.5235243154979734,0.8154575216473853,0.34567890171932614,0.46500860076598644,0.23203638398240348,0.08478376333968982,0.8527001324302471,0.5720612415790506,0.18204409097782626
0.13483066747446876,0.15616977978029256,0.690040765053792,0.535109557498867,1.0,0.7613384076527752,0.3831102942131569,0.5830568310628046,0.1584913638784358,0.226273973852211,0.3429034516702307,0.4481982444359899,0.22812415794855703,0.4941608676958055,0.2910205481025783,0.24139512917322434,0.6034621212106399,0.8634657205983349,0.5750746550891911
0.2557662278792257,0.227981688453293,0.6539585562027325,0.7205361367910295,0.7613384076527752,1.0,0.4358196596167317,0.6794316248406218,0.2192942886367009,0.24773902859114352,0.38556813562643133,0.5822643261196252,0.2933035350170574,0.6642171428619772,0.3523346462100137,0.28777932163834613,0.7194630800547871,0.8040822299792852,0.5601531997340614
0.13482483655018868,0.18527213784033958,0.17580669021071726,0.3356909491560369,0.3831102942131569,0.4358196596167317,1.0,0.4854104465141829,0.19504360844210525,0.22486310048683708,0.1801319006553794,0.3851511209010396,0.6246269753180705,0.33494998392822617,0.20408090120232636,0.12433075027687361,0.26574426709001225,0.4612082901201286,0.44002334779357133
-0.01031399141123463,-0.009029500581555897,0.2942606278617958,0.3183757754795454,0.5830568310628046,0.6794316248406218,0.4854104465141829,1.0,0.5519845378864993,0.7041889856945507,-0.0005280796394810873,0.2565894381495489,0.24529362699271115,0.5914718127182451,0.38847809024676394,0.575855169579379,0.318447151946542,0.5874132746326314,0.8222282715062841
-0.2509528641391873,-0.1412815451619392,-0.14412443360597954,-0.06078967180177434,0.1584913638784358,0.2192942886367009,0.19504360844210525,0.5519845378864993,1.0,0.6371174662816953,-0.36541517147084907,-0.015046872487692991,-0.2247721700089743,0.27913032300255225,0.1559966439631744,0.4018629851136958,-0.09752512100922954,0.17823459468913674,0.5838106570334648
-0.14119464442195584,-0.1503002222851388,0.006982826971652719,0.01953446363778592,0.226273973852211,0.24773902859114352,0.22486310048683708,0.7041889856945507,0.6371174662816953,1.0,-0.1633768477924301,-0.03075324749664687,0.07051488190338266,0.2944821042444118,0.27547328377015096,0.7190106380136917,0.05987174074448956,0.20136521102811508,0.5405245763021553
0.5812731686746871,0.5234255798757653,0.5735408529516668,0.5235243154979734,0.3429034516702307,0.38556813562643133,0.1801319006553794,-0.0005280796394810873,-0.36541517147084907,-0.1633768477924301,1.0,0.4927483812517178,0.3641400366866031,0.17151288043341983,-0.05067713847741021,-0.029036236956813774,0.4544909213259281,0.36648898146694037,-0.1964777082551366
0.44309477140585873,0.494229999796673,0.572992817433007,0.8154575216473853,0.4481982444359899,0.5822643261196252,0.3851511209010396,0.2565894381495489,-0.015046872487692991,-0.03075324749664687,0.4927483812517178,1.0,0.3257317276830681,0.5650739282295345,0.2608959187400357,0.06778594716846292,0.6602385384079872,0.38822201544135865,0.1813656594244012
0.16352590730354932,0.21679020098793964,0.2350584573626363,0.34567890171932614,0.22812415794855703,0.2933035350170574,0.6246269753180705,0.24529362699271115,-0.2247721700089743,0.07051488190338266,0.3641400366866031,0.3257317276830681,1.0,0.25153581933292507,0.08544681087778802,0.06751742475011911,0.18216573195184518,0.287440484056927,0.028223188176611787
0.15547074836427185,0.22675484571666985,0.3927648368575527,0.46500860076598644,0.4941608676958055,0.6642171428619772,0.33494998392822617,0.5914718127182451,0.27913032300255225,0.2944821042444118,0.17151288043341983,0.5650739282295345,0.25153581933292507,1.0,0.3085148028221494,0.4134413982117014,0.43382376945299644,0.3808076147887278,0.4711306879031494
-0.13794087446245515,-0.032123723192499794,0.05908650735539554,0.23203638398240348,0.2910205481025783,0.3523346462100137,0.20408090120232636,0.38847809024676394,0.1559966439631744,0.27547328377015096,-0.05067713847741021,0.2608959187400357,0.08544681087778802,0.3085148028221494,1.0,0.3286144142364986,0.05575289714015658,0.3297595216681917,0.18795398953160877
-0.003439269073261736,-0.015574327939448521,0.07637269950611258,0.08478376333968982,0.24139512917322434,0.28777932163834613,0.12433075027687361,0.575855169579379,0.4018629851136958,0.7190106380136917,-0.029036236956813774,0.06778594716846292,0.06751742475011911,0.4134413982117014,0.3286144142364986,1.0,0.13729290859966223,0.15605402934707174,0.3710325189052552
0.3044606224429534,0.3232330029221808,0.7458730186103002,0.8527001324302471,0.6034621212106399,0.7194630800547871,0.26574426709001225,0.318447151946542,-0.09752512100922954,0.05987174074448956,0.4544909213259281,0.6602385384079872,0.18216573195184518,0.43382376945299644,0.05575289714015658,0.13729290859966223,1.0,0.6266826193638791,0.24099271925373025
0.19322034459934026,0.17434697578003683,0.6650199605654342,0.5720612415790506,0.8634657205983349,0.8040822299792852,0.4612082901201286,0.5874132746326314,0.17823459468913674,0.20136521102811508,0.36648898146694037,0.38822201544135865,0.287440484056927,0.3808076147887278,0.3297595216681917,0.15605402934707174,0.6266826193638791,1.0,0.5789726571541807
-0.11248060992827698,-0.09021835543969917,0.18231632683329488,0.18204409097782626,0.5750746550891911,0.5601531997340614,0.44002334779357133,0.8222282715062841,0.5838106570334648,0.5405245763021553,-0.1964777082551366,0.1813656594244012,0.028223188176611787,0.4711306879031494,0.18795398953160877,0.3710325189052552,0.24099271925373025,0.5789726571541807,1.0
