0,1,2,3,4,5,6,7,8,9,10,11,12,13,14,15,16,17,18
1.0,0.8225857669976809,0.4314626473848423,0.44469506194599057,0.22828725580507608,0.3721542214150565,0.21531488751115474,0.23030445965412935,-0.059553280323310025,0.06587468062622655,0.26793574326447267,0.5761566728530466,-0.0030661978048432056,0.4399246992167564,-0.10203028013443728,-0.06838164027526912,0.39592525732362316,0.28694247384800226,0.2369450337140898
0.8225857669976809,1.0,0.44254457895557425,0.49227822911896435,0.2827731751850716,0.3614704071169628,0.3165729272973331,0.23580917935879184,0.03594694392630798,0.11340611087927477,0.23913961190796404,0.5637161032164036,0.10833735816983665,0.388513594933055,-0.04521610089443483,-0.09480987354697827,0.5082272078681606,0.3289086948505918,0.2631678742796022
0.4314626473848423,0.44254457895557425,1.0,0.746967903536071,0.688056938614272,0.6314621245376538,0.1452811276552373,0.33189990062512226,-0.3050383493531355,-0.02359288928184126,0.47364512395570246,0.6039021461717613,0.2219967230748529,0.48322090929810546,0.03483577395156651,0.0012908843999976918,0.6823346174645283,0.5998298498870446,0.24223949420743413
0.44469506194599057,0.49227822911896435,0.746967903536071,1.0,0.5167154933845002,0.6793752367853014,0.15921498826337271,0.38042087948162795,-0.13662787238170482,0.07017781036454027,0.4125404441407716,0.7412053752695675,0.31212656887793483,0.5848393165797792,0.15228864951768298,0.045606803084104884,0.7785345325161805,0.5628932706419084,0.25723510322861703
0.22828725580507608,0.2827731751850716,0.688056938614272,0.5167154933845002,1.0,0.7061146119638354,0.3264200904872305,0.5190393535027237,0.004547664028400481,0.20222585090092465,0.22781743214604178,0.3715698266437385,0.29723849787406487,0.4810876502924338,0.2469347671951595,0.1571780386730105,0.4944551458910716,0.7814070122870305,0.4692194154228143
0.3721542214150565,0.3614704071169628,0.6314621245376538,0.6793752367853014,0.7061146119638354,1.0,0.33398581555691176,0.6847379536367347,0.06630103855099861,0.27645594464906453,0.2893701477929038,0.49498490659643213,0.3080375801855061,0.7236681467005786,0.27399053468885415,0.25662700722811216,0.66853570063089,0.7725271934591769,0.539469504147595
0.21531488751115474,0.3165729272973331,0.1452811276552373,0.15921498826337271,0.3264200904872305,0.33398581555691176,1.0,0.456097092641445,0.38936189019484607,0.2999332552155722,-0.016517905047381962,0.24131605050200225,0.2473453095815429,0.20905556746921505,0.11830751560547355,-0.03261666162470237,0.1656544016062047,0.40661749857629803,0.5213968254971846
0.23030445965412935,0.23580917935879184,0.33189990062512226,0.38042087948162795,0.5190393535027237,0.6847379536367347,0.456097092641445,1.0,0.4267490678113342,0.6936470034677229,0.06263009258733013,0.278239216905138,0.15075034359120396,0.5166015095640517,0.37767505155020786,0.5421565488855269,0.3451875423542811,0.6230942927683119,0.7621540808071401
-0.059553280323310025,0.03594694392630798,-0.3050383493531355,-0.13662787238170482,0.004547664028400481,0.06630103855099861,0.38936189019484607,0.4267490678113342,1.0,0.6334035771321523,-0.43237968037273417,-0.12278171679611999,-0.2023365555583887,-0.038917994635248185,0.17347608926620536,0.3414832002182683,-0.20053340735589595,0.16485198227188194,0.4494619071735143
0.06587468062622655,0.11340611087927477,-0.02359288928184126,0.07017781036454027,0.20222585090092465,0.27645594464906453,0.2999332552155722,0.6936470034677229,0.6334035771321523,1.0,-0.11253561398734162,-0.0013919008246002886,0.06796075154302865,0.22430603427278,0.38971555724617235,0.6818717284772362,0.02581085559168673,0.3061043738127086,0.5149970897919796
0.26793574326447267,0.23913961190796404,0.47364512395570246,0.4125404441407716,0.22781743214604178,0.2893701477929038,-0.016517905047381962,0.06263009258733013,-0.43237968037273417,-0.11253561398734162,1.0,0.35876079895029117,0.1338646459084745,0.2843608096512508,-0.0005195005959905301,-0.0131423565056018,0.2986311386720758,0.23854806687332233,-0.10882513592999646
0.5761566728530466,0.5637161032164036,0.6039021461717613,0.7412053752695675,0.3715698266437385,0.49498490659643213,0.24131605050200225,0.278239216905138,-0.12278171679611999,-0.0013919008246002886,0.35876079895029117,1.0,0.2263506562776607,0.6182483603661446,0.12942128051059887,0.010355188705059875,0.6114414920556497,0.3003536478184794,0.243674740128385
-0.0030661978048432056,0.10833735816983665,0.2219967230748529,0.31212656887793483,0.29723849787406487,0.3080375801855061,0.2473453095815429,0.15075034359120396,-0.2023365555583887,0.06796075154302865,0.1338646459084745,0.2263506562776607,1.0,0.2896498148637612,0.26627689342814265,0.02711380280247437,0.1540609025778644,0.3286281324697684,-0.036436145229139266
0.4399246992167564,0.388513594933055,0.48322090929810546,0.5848393165797792,0.4810876502924338,0.7236681467005786,0.20905556746921505,0.5166015095640517,-0.038917994635248185,0.22430603427278,0.2843608096512508,0.6182483603661446,0.2896498148637612,1.0,0.1837581420563512,0.26990870261180805,0.5772569531920055,0.42549797532648753,0.35682717071119846
-0.10203028013443728,-0.04521610089443483,0.03483577395156651,0.15228864951768298,0.2469347671951595,0.27399053468885415,0.11830751560547355,0.37767505155020786,0.17347608926620536,0.38971555724617235,-0.0005195005959905301,0.12942128051059887,0.26627689342814265,0.1837581420563512,1.0,0.4548449036796145,-0.15625420625993042,0.3121114117137014,-0.005475167950498641
-0.06838164027526912,-0.09480987354697827,0.0012908843999976918,0.045606803084104884,0.1571780386730105,0.25662700722811216,-0.03261666162470237,0.5421565488855269,0.3414832002182683,0.6818717284772362,-0.0131423565056018,0.010355188705059875,0.02711380280247437,0.26990870261180805,0.4548449036796145,1.0,-0.023346685756597898,0.1583598921190776,0.29877456615800774
0.39592525732362316,0.5082272078681606,0.6823346174645283,0.7785345325161805,0.4944551458910716,0.66853570063089,0.1656544016062047,0.3451875423542811,-0.20053340735589595,0.02581085559168673,0.2986311386720758,0.6114414920556497,0.1540609025778644,0.5772569531920055,-0.15625420625993042,-0.023346685756597898,1.0,0.547734892703968,0.3327898481134007
0.28694247384800226,0.3289086948505918,0.5998298498870446,0.5628932706419084,0.7814070122870305,0.7725271934591769,0.40661749857629803,0.6230942927683119,0.16485198227188194,0.3061043738127086,0.23854806687332233,0.3003536478184794,0.3286281324697684,0.42549797532648753,0.3121114117137014,0.1583598921190776,0.547734892703968,1.0,0.5766784696495072
0.2369450337140898,0.2631678742796022,0.24223949420743413,0.25723510322861703,0.4692194154228143,0.539469504147595,0.5213968254971846,0.7621540808071401,0.4494619071735143,0.5149970897919796,-0.10882513592999646,0.243674740128385,-0.036436145229139266,0.35682717071119846,-0.005475167950498641,0.29877456615800774,0.3327898481134007,0.5766784696495072,1.0
