0,1,2,3,4,5,6,7,8,9,10,11,12,13,14,15,16,17,18
1.0,0.8944711854832026,0.5000266044117238,0.5254890088850582,0.1640231975873673,0.337669198065702,-0.09774675772078208,0.05173607778468449,-0.36581588923155284,-0.16369235266771695,0.5498172822625107,0.5772743392223892,0.11870352539733531,0.4360250744056383,-0.002769122850217373,0.11234325425526195,0.44362184952893224,0.2226787312209635,-0.1450007707760412
0.8944711854832026,1.0,0.5360045843346765,0.5890616262918228,0.23876681546087358,0.37328664187787536,0.0022747673822382823,0.07986839270556392,-0.2910059096764224,-0.12106710210502496,0.5909674873577345,0.5883801746530694,0.23719300773163404,0.4068388270701848,0.028733324891214235,0.09306607455737681,0.4628961072496981,0.28519098756032707,-0.039208554816538115
0.5000266044117238,0.5360045843346765,1.0,0.7772250053623468,0.6509307206129801,0.7073454547152384,0.034230616888771874,0.2806452854006175,-0.2656286491160047,-0.08010091663626222,0.5829512732405175,0.602307754160914,0.25070488649768174,0.47364207911855405,-0.058225617989858265,0.1673147877305449,0.7835298159495278,0.6235588485312461,0.20055114511592334
0.5254890088850582,0.5890616262918228,0.7772250053623468,1.0,0.43694725908517323,0.707343215568627,0.2085254663502196,0.2879106293801593,-0.1668966779964874,-0.03938441203257514,0.5583299692387294,0.7858196493437066,0.37101056612293354,0.5114972926108683,0.05752008751669768,0.22844982017738522,0.8578935470747019,0.530504620426642,0.17630163540194618
0.1640231975873673,0.23876681546087358,0.6509307206129801,0.43694725908517323,1.0,0.7032493576316197,0.26045572908860504,0.43521438700433435,0.03700191354133722,0.14265125621803387,0.3040826325841134,0.29628758965939356,0.3395303497431187,0.37711966790824564,0.18924048525691775,0.24040445071710004,0.5027093196632396,0.8306895071118316,0.5430898037431205
0.337669198065702,0.37328664187787536,0.7073454547152384,0.707343215568627,0.7032493576316197,1.0,0.3877801291563345,0.614036107541029,0.10770674007466005,0.2084233745813691,0.41315935180131047,0.5387405090306246,0.4193332085152079,0.6458170471391076,0.20838819289252297,0.3996108487679928,0.7517138248221049,0.7956034334675036,0.5516012045382707
-0.09774675772078208,0.0022747673822382823,0.034230616888771874,0.2085254663502196,0.26045572908860504,0.3877801291563345,1.0,0.384870208367008,0.3247042035746981,0.38877356216319675,-0.014111501473498976,0.19641818347749732,0.6071903978731037,0.18728223190739937,0.13956601017752948,0.3327407589792688,0.23678100551669096,0.3771036446840797,0.4776760082675067
0.05173607778468449,0.07986839270556392,0.2806452854006175,0.2879106293801593,0.43521438700433435,0.614036107541029,0.384870208367008,1.0,0.4489249426056126,0.5553411467338977,0.008884002326547076,0.16390300728726145,0.23293899260783024,0.3869824130258985,0.2932678772916007,0.518249003282738,0.35215814292783976,0.48036250281277837,0.6502828974231321
-0.36581588923155284,-0.2910059096764224,-0.2656286491160047,-0.1668966779964874,0.03700191354133722,0.10770674007466005,0.3247042035746981,0.4489249426056126,1.0,0.6438753778713626,-0.4521907858414912,-0.13988042939659778,-0.11978969225305044,-0.01160706018242669,0.0876226461775104,0.32528454797664635,-0.16211543236687406,0.1032577781988657,0.5044087827467079
-0.16369235266771695,-0.12106710210502496,-0.08010091663626222,-0.03938441203257514,0.14265125621803387,0.2084233745813691,0.38877356216319675,0.5553411467338977,0.6438753778713626,1.0,-0.2323699212365792,-0.0408487282355188,0.18790593523046303,0.15577174413141123,0.3249258276756592,0.6829594457454219,-0.014739642287384811,0.132174990351787,0.450116456206917
0.5498172822625107,0.5909674873577345,0.5829512732405175,0.5583299692387294,0.3040826325841134,0.41315935180131047,-0.014111501473498976,0.008884002326547076,-0.4521907858414912,-0.2323699212365792,1.0,0.5661955933350035,0.29502682457114776,0.4148882136804338,0.002453751014664065,0.03311269083397905,0.43859850233970654,0.29829731877136706,-0.12619516995839108
0.5772743392223892,0.5883801746530694,0.602307754160914,0.7858196493437066,0.29628758965939356,0.5387405090306246,0.19641818347749732,0.16390300728726145,-0.13988042939659778,-0.0408487282355188,0.5661955933350035,1.0,0.3203977911063517,0.6412602936951162,0.060410399387114094,0.2374785826224678,0.6721207863365386,0.2674520515281493,0.08885093742583476
0.11870352539733531,0.23719300773163404,0.25070488649768174,0.37101056612293354,0.3395303497431187,0.4193332085152079,0.6071903978731037,0.23293899260783024,-0.11978969225305044,0.18790593523046303,0.29502682457114776,0.3203977911063517,1.0,0.29453519066712325,0.20519536266896332,0.2174733863429116,0.24339989672510937,0.4002333117516304,0.11788869644021457
0.4360250744056383,0.4068388270701848,0.47364207911855405,0.5114972926108683,0.37711966790824564,0.6458170471391076,0.18728223190739937,0.3869824130258985,-0.01160706018242669,0.15577174413141123,0.4148882136804338,0.6412602936951162,0.29453519066712325,1.0,0.23078389895790324,0.43323868339571125,0.5115301858887065,0.32988586409446324,0.20106757067490225
-0.002769122850217373,0.028733324891214235,-0.058225617989858265,0.05752008751669768,0.18924048525691775,0.20838819289252297,0.13956601017752948,0.2932678772916007,0.0876226461775104,0.3249258276756592,0.002453751014664065,0.060410399387114094,0.20519536266896332,0.23078389895790324,1.0,0.3485610420630269,-0.12514196321938847,0.22415652890013715,0.017354724133844843
0.11234325425526195,0.09306607455737681,0.1673147877305449,0.22844982017738522,0.24040445071710004,0.3996108487679928,0.3327407589792688,0.518249003282738,0.32528454797664635,0.6829594457454219,0.03311269083397905,0.2374785826224678,0.2174733863429116,0.43323868339571125,0.3485610420630269,1.0,0.23968397326826266,0.19450480339671744,0.35424642738465767
0.44362184952893224,0.4628961072496981,0.7835298159495278,0.8578935470747019,0.5027093196632396,0.7517138248221049,0.23678100551669096,0.35215814292783976,-0.16211543236687406,-0.014739642287384811,0.43859850233970654,0.6721207863365386,0.24339989672510937,0.5115301858887065,-0.12514196321938847,0.23968397326826266,1.0,0.6140724678360353,0.29711386977399035
0.2226787312209635,0.28519098756032707,0.6235588485312461,0.530504620426642,0.8306895071118316,0.7956034334675036,0.3771036446840797,0.48036250281277837,0.1032577781988657,0.132174990351787,0.29829731877136706,0.2674520515281493,0.4002333117516304,0.32988586409446324,0.22415652890013715,0.19450480339671744,0.6140724678360353,1.0,0.5992695713907017
-0.1450007707760412,-0.039208554816538115,0.20055114511592334,0.17630163540194618,0.5430898037431205,0.5516012045382707,0.4776760082675067,0.6502828974231321,0.5044087827467079,0.450116456206917,-0.12619516995839108,0.08885093742583476,0.11788869644021457,0.20106757067490225,0.017354724133844843,0.35424642738465767,0.29711386977399035,0.5992695713907017,1.0
