0,1,2,3,4,5,6,7,8,9,10,11,12,13,14,15,16,17,18
1.0,0.5252066776039593,0.5673899039999603,0.5800506688750459,0.33467395061505717,0.263053833597264,0.025534937329999726,-0.1918555461953788,-0.4158429969153153,-0.22070722044151792,0.26485672912039077,0.7881620612482985,0.3181138832854912,0.2587205860740302,-0.18962781671536447,-0.17381940133690077,0.806002930185206,0.12948057861746703,-0.11979633470360591
0.5252066776039593,1.0,0.7099096927272716,0.7074798129413258,0.4635926639587169,0.5064561596960279,0.04529580843265179,0.12377300279666616,-0.2358500134173256,0.08125764611787796,0.5731163919740704,0.43497069925093435,0.42440736991916456,0.31866845300678864,-0.0986627066056919,-0.050860632034467376,0.7185405633187513,0.4776801554988175,-0.008279624816695398
0.5673899039999603,0.7099096927272716,1.0,0.6437218196047945,0.6147628963240483,0.4526610005911938,0.002385087512649437,-0.1259122437033228,-0.33744653567777083,-0.17086530561267874,0.4712518400642106,0.47071652253749796,0.586275044290575,0.35739371249935076,-0.11414881007186999,-0.1067117634308583,0.7232070348844529,0.35095911810174335,-0.006976914427449778
0.5800506688750459,0.7074798129413258,0.6437218196047945,1.0,0.5049297761612201,0.6799331663218108,-0.03172092820895916,0.1403455844674541,-0.29657230231137804,0.08103168359819442,0.3433943440552596,0.6128490645566742,0.41811719898727706,0.5179813385809232,-0.18592586146587678,-0.026755264393018653,0.6828651406915711,0.540680569149535,0.04311597837785873
0.33467395061505717,0.4635926639587169,0.6147628963240483,0.5049297761612201,1.0,0.5997439177537612,0.12272985143535212,0.09744507834096533,-0.1903371665415385,0.06601781647701949,0.26223945859174164,0.4005794356090119,0.6285124498377684,0.4422963367847454,0.03638176424272656,0.11938343706125094,0.3770414760260106,0.5389074981577197,0.14220299577616632
0.263053833597264,0.5064561596960279,0.4526610005911938,0.6799331663218108,0.5997439177537612,1.0,0.017305049003409484,0.4205992330498991,-0.10023760940083135,0.31446096082843833,0.3223693217099976,0.34099088348070156,0.4906130486973358,0.6908585561834738,0.00017132211499771294,0.22208732668286538,0.3600066159670012,0.8494800840462846,0.4017871725464532
0.025534937329999726,0.04529580843265179,0.002385087512649437,-0.03172092820895916,0.12272985143535212,0.017305049003409484,1.0,0.10171915840706695,0.24540391123535044,0.11641912179077195,-0.09073779893253951,0.08469778609835979,0.09266657949659489,0.041413486264365494,0.3013514867209159,0.16206571820913082,-0.0076772070880390605,0.11201955283119017,0.1512105260915033
-0.1918555461953788,0.12377300279666616,-0.1259122437033228,0.1403455844674541,0.09744507834096533,0.4205992330498991,0.10171915840706695,1.0,0.4084760475388147,0.9551486218653059,-0.029214522114253197,-0.06674823719651637,0.12366239388550791,0.368456228218926,0.2551006077668786,0.647831287761251,-0.16058455417959613,0.49485966461871617,0.6407226940782318
-0.4158429969153153,-0.2358500134173256,-0.33744653567777083,-0.29657230231137804,-0.1903371665415385,-0.10023760940083135,0.24540391123535044,0.4084760475388147,1.0,0.45516616155990675,-0.2830271397490189,-0.1286347055999634,-0.027631554836939243,-0.0022180667419663728,0.636244925019684,0.47030716808210526,-0.4589561091896728,0.02639722487219784,0.19368160432764198
-0.22070722044151792,0.08125764611787796,-0.17086530561267874,0.08103168359819442,0.06601781647701949,0.31446096082843833,0.11641912179077195,0.9551486218653059,0.45516616155990675,1.0,-0.07140888799555398,-0.09152942638893703,0.0655110562582819,0.3008806301170884,0.2675293224981137,0.6561437229922468,-0.20409589050732518,0.41616722299150366,0.5933151092153768
0.26485672912039077,0.5731163919740704,0.4712518400642106,0.3433943440552596,0.26223945859174164,0.3223693217099976,-0.09073779893253951,-0.029214522114253197,-0.2830271397490189,-0.07140888799555398,1.0,0.07635217089098174,0.3986518860103882,0.22175407810368689,-0.14271832807299634,-0.031032126865475823,0.3899784055093489,0.2656496446460742,-0.060741392634233546
0.7881620612482985,0.43497069925093435,0.47071652253749796,0.6128490645566742,0.4005794356090119,0.34099088348070156,0.08469778609835979,-0.06674823719651637,-0.1286347055999634,-0.09152942638893703,0.07635217089098174,1.0,0.24404656632015032,0.3752825025243374,-0.08007589397769228,-0.20128147260737742,0.7053708989061741,0.2074345196748067,0.07772568016840659
0.3181138832854912,0.42440736991916456,0.586275044290575,0.41811719898727706,0.6285124498377684,0.4906130486973358,0.09266657949659489,0.12366239388550791,-0.027631554836939243,0.0655110562582819,0.3986518860103882,0.24404656632015032,1.0,0.35249672953601013,0.14612161226387674,0.09314514415806976,0.4031074946871015,0.48818098815242245,0.24310250462838404
0.2587205860740302,0.31866845300678864,0.35739371249935076,0.5179813385809232,0.4422963367847454,0.6908585561834738,0.041413486264365494,0.368456228218926,-0.0022180667419663728,0.3008806301170884,0.22175407810368689,0.3752825025243374,0.35249672953601013,1.0,0.05617373340293739,0.3122975792749114,0.25438996196600316,0.49665397887947405,0.2911920214542661
-0.18962781671536447,-0.0986627066056919,-0.11414881007186999,-0.18592586146587678,0.03638176424272656,0.00017132211499771294,0.3013514867209159,0.2551006077668786,0.636244925019684,0.2675293224981137,-0.14271832807299634,-0.08007589397769228,0.14612161226387674,0.05617373340293739,1.0,0.31987680270042557,-0.23786772478825646,0.10655697879641265,0.15647538217495854
-0.17381940133690077,-0.050860632034467376,-0.1067117634308583,-0.026755264393018653,0.11938343706125094,0.22208732668286538,0.16206571820913082,0.647831287761251,0.47030716808210526,0.6561437229922468,-0.031032126865475823,-0.20128147260737742,0.09314514415806976,0.3122975792749114,0.31987680270042557,1.0,-0.15701069698851838,0.259036543454047,0.4340212667950113
0.806002930185206,0.7185405633187513,0.7232070348844529,0.6828651406915711,0.3770414760260106,0.3600066159670012,-0.0076772070880390605,-0.16058455417959613,-0.4589561091896728,-0.20409589050732518,0.3899784055093489,0.7053708989061741,0.4031074946871015,0.25438996196600316,-0.23786772478825646,-0.15701069698851838,1.0,0.26172019279522724,-0.09328891180367908
0.12948057861746703,0.4776801554988175,0.35095911810174335,0.540680569149535,0.5389074981577197,0.8494800840462846,0.11201955283119017,0.49485966461871617,0.02639722487219784,0.41616722299150366,0.2656496446460742,0.2074345196748067,0.48818098815242245,0.49665397887947405,0.10655697879641265,0.259036543454047,0.26172019279522724,1.0,0.5768087022599391
-0.11979633470360591,-0.008279624816695398,-0.006976914427449778,0.04311597837785873,0.14220299577616632,0.4017871725464532,0.1512105260915033,0.6407226940782318,0.19368160432764198,0.5933151092153768,-0.060741392634233546,0.07772568016840659,0.24310250462838404,0.2911920214542661,0.15647538217495854,0.4340212667950113,-0.09328891180367908,0.5768087022599391,1.0
