0,1,2,3,4,5,6,7,8,9,10,11,12,13,14,15,16,17,18
-207.69315545386056,-72.6916705552138,-105.4039254646486,-91.52117422008229,-184.8809741850026,-97.46138370051943,-837.7313919762794,-119.22837508835646,-64.66859703543014,-119.28113721457942,-140.3263323725546,-34.65924460642354,-193.77821354411373,142.89029383399753,-148.6836128757074,-153.7779749562402,-182.82367186875624,-170.07003862521094,11.908183446064978
-226.8382582371144,-165.75134890362884,-139.39754563168546,-110.04810620480924,-130.69114190381725,-175.2048656103576,-773.9445693390409,-120.63361774502404,-94.0417262156512,-73.44802307083863,-103.66667501983676,17.490944057282356,-203.2955897941836,100.92441045147586,-122.99937646858385,-207.3482415626464,-238.57908042270157,-186.0088068974735,85.54943991829195
-287.11100068679934,-122.16700764899056,-126.1599236454014,-86.38995665765451,-94.32552528469397,-155.17223517946823,-780.9269450273893,-105.10450381274816,-41.15995230858815,-56.01282997434241,-17.494224283728254,-24.569706155483185,-126.26619198952866,135.38653373694638,-56.43346430417399,-221.17042382906075,-287.79102838636834,-99.96153737208388,77.70190346860345
-299.83366528371664,16.54430856042738,-87.11024570511336,-24.524817640173104,-113.11342870972476,-38.37354463677848,-819.0918597433492,2.333347766723642,8.668690512995681,22.950250761225,69.96289635992845,-97.78787503935098,-97.01814902153454,176.84645230618025,-1.500942255857722,-157.9920846433283,-257.63587624261527,6.273951636722273,33.72265676918124
-56.05944062745685,114.5059927611198,-68.26081062962784,33.20881823605636,-116.38163164328928,47.26690924788219,-812.0531024153194,83.25690017062703,-36.86738988052834,103.21644385266124,91.85626523193903,-34.123960235467685,-91.09025082363408,163.85128439617012,-38.69430139963342,-125.17109591391107,-183.5160377684713,-1.5057600719152595,24.72804982649958
113.4063251038628,54.6856918163151,-127.37132324432618,-18.06548867836661,-141.80690330922351,1.329358733497804,-745.2686810767977,60.86321012330334,-77.13247457700892,94.0173479924931,36.98303836104117,61.3883200276495,-160.92567770349012,147.91645257453712,-160.69692635490952,-168.68783984976704,-198.85328954921644,-94.86721237861153,8.522130806635154
-64.21260681707616,-31.032077023436138,-157.61725146812083,-85.88305423672459,-155.83825174263146,-70.18122368559311,-647.3197094633636,87.06806978470777,-56.70916281267278,67.78660306458305,45.90178203654454,46.29956686856416,-253.00783043728805,136.0961510645507,-159.24063130217135,-175.26434086331977,-228.55440197318185,-113.1902806011854,27.97800289702303
-247.51508649123585,-53.5490583164869,-104.1103112141423,-67.54193809940735,-141.2842378878009,-92.5427199081011,-579.3980271119752,100.82483526393594,-73.09546638228225,45.85404440291809,145.86808306801132,-60.28045427507669,-197.43313592526457,144.98471595331134,-55.37863545379111,-127.06818217894592,-193.02328257092,-112.81825844942418,33.49779071189291
-228.7296684628621,-120.12822479576758,-84.74287424696806,-93.2497609883838,-157.50238259357212,-131.46211126452377,-579.7817912373673,0.2290196104419139,-134.63804658586358,-20.726967027332734,196.06565107030244,-156.0989823045771,-139.50545650444698,151.56821544715515,-58.442212760231385,-138.73598861501293,-204.83174680627124,-148.0517793918783,-35.25560605243591
-169.63119693232716,-166.90757624427522,-119.9283307489698,-147.55700160313677,-176.6396331479946,-130.1581603570587,-587.7857180466104,-72.34778198006249,-90.92802132039232,-46.9184362891069,132.26728835561929,-118.9733871011526,-222.49842986208336,152.96009774250453,-97.48874579806689,-193.24275574341908,-280.102573882578,-98.33652457989054,-66.99586008898027
-209.21454531540783,-90.37126822031884,-138.22830594461982,-126.3275592959588,-162.54423926404547,-79.87837492950793,-498.1952663640429,-3.686181311978006,76.17475121375696,52.62227687759198,50.83166062551098,-54.35161898589507,-267.0752738324021,214.8176898572944,-64.77317165782414,-154.13044970106148,-340.11572623954595,-2.978918933487397,-43.317287435925614
-319.43458560317833,-23.842981693733545,-77.19873955029212,-124.09261563857552,-118.10774802013914,-55.70047993185876,-338.6456901283887,78.58835765698112,132.83394041947597,98.61006573738284,89.16258519087874,-97.38519744072116,-184.6081271209005,267.0573535140063,-17.049053646792213,-49.79597947040655,-290.61175296390144,-11.704312607153907,-21.536910910283037
-319.8560977015534,-43.59378757506237,35.52470146639856,-154.90347953031966,-65.3145595907556,-68.84041090035244,-236.2828342018865,-2.4931407023469365,13.220241743632888,7.594354555776161,206.20545306893857,-142.4059985521991,-106.79915365318396,220.5920660901581,38.70230969060084,-47.55754174338455,-169.1707613237103,-83.58685217935715,-24.965725010246757
-241.3638429696505,-93.85885767999162,42.60757672891427,-150.39104379608872,-28.582953175218417,-111.75051639946643,-178.68924282144354,-85.35378718524028,-47.59509479456828,-28.482818163638846,193.50063620658275,-125.7857047784214,-113.18598219393463,176.06845933284922,40.63295188390936,-111.00000543704331,-200.1613435267472,-128.8126396456848,-56.77666225487137
-230.8129015335996,-160.51479360288337,-100.46155260625989,-133.86478375499675,-58.31720788067752,-142.1946399366824,-155.31491746561355,-88.77818905461623,8.068487931215175,-67.78016618120567,36.4286066644798,-101.7194522870237,-136.2581753309618,172.69263089823923,-27.157956446804533,-118.58550542920275,-303.3266788464797,-162.44172621407498,-92.90294065024337
-175.47489390281655,-177.0450848230068,-225.9981694642637,-114.88275024561972,-161.06749824826417,-138.19316777096617,-211.9316778068232,-195.0787252487893,-26.915609751778256,-236.70595093355576,-28.614422683739438,-133.1148605556739,-117.2707304529127,126.75657156916569,-12.40937043231957,-130.67311298774914,-257.9918140374376,-210.03744259749232,-163.70137726375864
-93.76226261382976,-125.48215549343378,-168.93170138986056,-112.688421901125,-191.51031048784532,-115.4696556410994,-216.4246966148316,-272.26954132960714,-116.71801198937408,-278.6367266624447,89.19370294930332,-193.56150524316843,-80.19926488895884,104.04212035118236,53.90253164836085,-120.88768313889322,-145.52108389749617,-202.9406897512007,-197.4509873615961
-133.80623586722066,-59.38522978451915,-21.54513261786634,-116.98066593991408,-128.01037156336722,-66.23036295530613,-106.12282136988608,-194.0443621522957,-37.91711122602644,-115.83928196951496,226.4032660251472,-157.96644519235616,-21.93126514380711,163.47387644353847,63.36222133435631,-62.16558117994309,-94.31336242270268,-107.24124561810926,-109.71909558455188
-189.65909044736205,-13.467653640117993,-20.237678615725823,-103.36772712431387,-108.4319333844634,-46.55770944919423,-52.91971627974393,-146.25219244430858,55.20339984571383,-77.45595855215582,204.30747925379603,-64.90370860153529,-22.89356048172221,178.5466371747276,28.102940411643623,-83.46303326344275,-116.40938926776788,-88.45296245160961,-49.95260593243837
-180.00463960721726,-91.54945335886636,-138.31270930724887,-98.65774271613292,-150.7664023123568,-86.84258030851731,-77.29880899070157,-158.45862146758307,3.3940474969703467,-155.52840754769178,33.28503933564229,-32.55035771734001,-105.61527208970604,101.77197723574412,-31.92522099392263,-128.31670058297652,-133.5517170441663,-141.65933167059467,-51.4016795673905
-141.8432329345222,-195.49995985138284,-151.44853011375824,-62.45647022552642,-144.74779198253154,-58.69233640373392,-3.135525510103272,-72.43450081360308,-25.07846725377284,-69.46983913045716,-92.50044657641224,-41.03810713839327,-87.98305212764168,69.49618128989516,-35.70415746621996,-59.51188089953494,-75.65752531129371,-73.77852152162347,-6.992452948936271
-102.79593829321354,-142.08002849358616,-64.90317052510653,-7.285371245247309,-42.3508025610552,74.14361077936935,128.0360554068984,113.8220475076054,-38.987914812992166,134.80351892132455,-79.712877088814,-93.33645883392748,-25.394593758907146,134.48315987478858,3.817144958205685,100.13231607343236,-20.20713702769806,49.87500206980875,50.58835506784067
-144.52429707776747,-52.09640975405569,-69.8085328796575,-37.99394884059983,-26.0725234280607,164.53318858758738,107.10310891575944,226.6590322187967,-56.61637536019308,245.00754878788868,-37.71181929221677,-172.39421453581704,-62.87201568688282,152.34922963550576,7.437129009738544,213.90856052783596,-22.631537529690235,69.9079831693555,85.35475422332074
-213.2418438021159,-62.88028567046193,-140.5039459312839,-104.9835974026445,-151.33916223907315,83.48718877503613,-18.4075295310412,123.02691446921114,2.182801924570831,120.47277063884472,-48.87654761318265,-159.2183000424821,-109.17818972364194,40.968223316052345,6.3732326412930265,133.61335370734673,-8.1277414658481,-19.654009714684317,33.05073201423195
-90.78883789923802,-120.9497222473675,-83.2302398776184,-42.449234552972136,-163.593306044144,-53.03291047254473,-33.65362606877283,-47.888648799386544,-24.86975276520238,-76.51260380297573,-86.43916229724832,-40.63086205114367,-120.88745680570864,-59.01772247413727,-42.12014713926427,-10.827330627433328,82.21485176153156,-95.97572440230044,-88.36182921697808
199.14923843047703,-47.5469849710391,65.88886330765582,98.93630433315568,-34.788897796249294,-27.195150304892927,44.9171644239027,-48.55772562612047,-154.17903698652222,-53.32790210908959,-44.956221725810295,53.40600070843606,-102.05906889718146,-57.8544011522621,-113.10592048720096,-13.80904624198538,193.5380217221372,-65.87884529844867,-135.58913310572507
318.3525386593557,97.59554797429875,121.2853049238211,77.67164060231241,61.10051195715715,32.95042368443416,95.27538699597694,-21.41638026571392,-198.62266891510828,11.38381023399307,122.55690588089048,9.439721897724992,9.12524192420628,-99.63366649752268,-87.62826733242375,-7.161499454953339,178.9642027114107,-36.137303449945925,-123.60275928238372
114.11574134444614,42.91997554979167,42.5323881562332,-77.18181036210285,88.70617331703299,-18.940869846519732,174.69749905391464,-71.69435328222644,-118.10529424752876,-66.498231512626,194.8465190170569,-59.7818828985774,154.5710278097924,-199.4820862002232,-43.430899498138416,-75.3103872140275,66.2595175711988,-60.79375488799907,-68.771571997126
-98.72148672636004,-119.06308660718572,-86.038469820799,-125.56690663618348,46.38754509649936,-52.9636946284088,308.89906091585647,-86.30053573558584,12.65456737866528,-107.79407651649608,29.278263652668784,-2.1820872317002817,181.6083971650259,-220.00092495951765,-40.77309097785158,-86.00180466884137,53.96006326025703,-53.55392212065824,4.046369142964636
-38.5083235051256,-211.20073943787935,-128.5454662290258,-2.729691210908953,29.236656663504583,-24.45600143204099,416.0251065306184,-90.66348953873596,35.17841819937457,-75.73795044524148,-146.10000372800553,49.60393079451641,157.48569320303184,-229.88832645772908,-21.526172884258155,-30.60537678500468,95.12256173114532,-37.30924975262997,-16.047502511514566
76.43637747778759,-182.6088616627281,-68.18196230601048,130.32016057866318,90.20524777759849,19.290866717639386,450.4364326404754,-74.20979362358263,-46.20545125907402,-56.32490624457068,-153.109643425731,-19.304147372954148,159.82141701731317,-281.91523278026654,15.709349722805634,17.236800003350847,72.42220277442175,-37.52525183903112,-87.12300647866248
36.54388140271092,-28.991739977507933,-39.90780492591544,68.41406744162425,64.35805555859159,17.35238990625745,390.3880441397779,-21.50509180613375,-81.65339669681997,-19.08906358168961,-71.16829583627626,-119.44741274047108,80.82885065688872,-293.0746381886135,59.35153371309422,53.23309771236174,72.0083976457466,-12.712816434056748,-80.33467991815328
-20.28258106215143,65.17460853987451,-95.6189679990372,-69.29955814992343,2.9467104894610663,-34.36165890410348,333.72305191913114,33.969860797754066,-11.528450735804254,60.43265579416035,-45.25786686452344,-85.42192871781093,0.541248960624808,-268.2221535601379,60.25500406474017,60.69980772753709,93.67502281361853,7.610791364297234,-13.969490917803643
0.5231500459042693,14.203635677401596,-194.35787246881927,-64.01537231212995,36.67365866799566,-53.68775723406466,360.0989710649863,53.37617120643,89.27576577958834,58.04133859544032,-142.9208298034446,99.47701415710732,17.45226079148128,-259.2999048520894,9.116526131873012,-26.94677562917741,74.85317790490721,3.2564869596041746,4.56034803042219
106.311596131779,-106.2426066612534,-257.6957658233281,-23.27760247110739,30.33104837103336,-50.54977821504717,379.9031508166601,1.4219491416622263,73.92228836330048,-14.349113459105688,-280.0362855284696,184.45266328482725,55.32523365059396,-276.8986943114149,4.772279036727387,-98.17791342528128,70.38849184395184,-14.112832653393887,-1.0298561346590436
201.4479825271624,-103.98763850190726,-218.6868488205218,-41.89741832456672,-13.670561596645578,-58.99053852293715,357.9337134586685,-3.164422824157296,51.111570468707896,7.84952353256265,-246.81315862633133,118.77855578283932,70.3109280892024,-314.0792123921486,45.533810143969816,0.7252161172535633,137.80320436485056,-88.82758287597296,-52.72963272542068
164.11435724288043,122.74278134449496,-89.90247870835137,-61.357825673500216,-5.226995650669356,-108.28925848040346,299.4895451489488,23.960919972781653,55.66846135692722,27.99661254723338,-3.730974598768048,34.22504959882193,54.17579490803572,-362.7207715879189,67.2701526567394,112.7888269084873,256.49912016998246,-196.22367297902133,-150.2590195000281
130.41410681649194,278.403155975824,57.06492548072384,-50.05369873682693,-4.168700839402776,-167.62859899827666,195.77603370264995,-8.59718150266297,-45.77176428903003,1.2601362657439923,136.28143229435312,-17.692554186505088,13.976462248162404,-330.6406980636728,34.50208466632584,101.35971455296226,328.84645708969344,-195.991741983182,-132.32628617128174
204.31347316502004,220.64318934548453,98.0138354357988,63.1083532715019,3.5575038151123484,-100.2608687906107,126.5023296262742,-1.4930062618713686,-67.21332648013995,25.397062607724884,6.5012006014967705,62.2892321539398,-34.744055640502395,-230.39916927270164,-39.30770704732376,77.54345585000445,342.1669508757412,-72.51612319444124,-106.76106178728207
281.3550027857792,106.30060910212715,41.830045025260425,218.8602805234993,14.531833133206014,38.06264050851758,131.97992478674306,57.67328960126884,59.08138718500023,38.951880955578446,-154.95073111803006,182.89163019298564,-29.66476080776478,-237.56239479220983,-7.263367861804521,104.65409647622094,352.95274963287915,26.25094732459456,-159.7897013376177
256.53253121574846,54.8932178767494,23.69287059726004,211.19242187035624,-23.746944936828573,68.60792574753958,142.25464467363634,87.68057819099965,87.33721915673206,25.475926370523137,-146.13733610247783,148.09386419785903,22.17375364628679,-302.5504819398808,93.9974242903127,95.95732102690054,330.2853456243426,35.85645586728958,-131.34299568619002
152.50431766992966,108.18530214362916,37.12605482739328,87.72114101460619,-32.195859536707246,15.87185783540192,135.93702388365327,78.86027501176257,-20.51840303144002,34.865286906400414,-22.146285257129392,16.594994195679536,54.55161033004143,-324.59655598100056,55.61145460726335,19.57792444415758,238.14668267742647,48.785505515666266,-28.618576387629503
77.60146659368036,115.11902915021,4.031346487815168,0.4685116803923604,21.59171798624184,-8.289265267461678,158.25437220251587,95.96866175612986,-28.632190954621283,83.48119458964672,17.29116186730498,-41.70611155752087,83.8934300119292,-332.03453198003905,-12.354972107103311,0.3973636514571813,78.915493753414,104.76624597161108,87.5682360524908
25.95189356469653,12.47220574800322,-94.13525024006798,-23.712561376112,37.69978392793602,7.609893338095944,172.53655528243394,158.17224442720834,88.68086935596378,134.19538685199075,-112.74998146093704,0.1679977611458109,69.23129403195763,-295.758443995142,56.61561376172016,54.16768841540651,-28.421788340767822,116.913901286252,140.58154928763386
-6.677880512429583,-100.25657351297522,-171.49037026502074,10.945621854735451,-27.43735878727205,10.624901743190188,105.94494908845417,190.6446400436131,91.424535226042,139.4101809468817,-232.00463482658117,14.922862438416884,-11.98096834589001,-274.95994909699976,105.71287551251916,73.10646156950426,-22.89646538176621,71.10056662631655,113.75866700164693
-8.54003803050415,-174.70545418324136,-163.04060685643356,5.568358448770871,-139.7347785101569,-22.69764207519954,-15.938402140139951,168.27427715941965,-17.027055995752864,120.85931701513368,-197.75214093004965,-53.77183221788058,-104.56494213307012,-322.63619913256457,9.707747748564968,50.71813969173139,-31.63945215289971,59.84227600600551,140.7251302679323
-49.12414813866557,-128.87852568582727,-144.77022457867184,-33.22492604846082,-223.7202089946568,-21.980249113899998,-90.841150708142,107.65233227327252,-49.54407883754696,63.076079099686574,-81.21108868883975,-80.33452499675592,-135.73216626956895,-321.21840140974047,-60.22276957732712,18.96538334294346,1.949486810771541,119.3897443077066,193.9169472492775
-6.880081580942327,19.44012825777197,-90.87046127558578,13.022084583070956,-202.52310741405933,38.79768361420898,-44.72429921380213,55.12876613536928,36.10877942759392,-1.605361161300021,5.707916406605894,17.176955734477378,-71.99186220705147,-252.20082805831564,9.891105637705444,0.6977564368247163,106.85775306270624,176.53478340321132,167.6723294598862
129.16502818231018,118.84986138579208,-3.6074361721444,89.32768943111253,-116.45021960430968,48.12850128836078,-9.348048417271588,17.226206686573743,89.04484288952969,-7.680364463373952,5.722425545453178,91.31393925984108,-50.19363778915709,-250.7817237996293,55.726087696643575,-23.224789153143732,117.26675334192996,157.4000597579315,58.528100396205055
139.34859077497237,114.64638320296146,43.53456424962931,120.15017393735056,-44.05737995571759,-5.300755975390744,-103.6534770537871,-45.59617815666465,2.9870992104745158,-38.40215593361785,-19.52269249697083,53.374126289550446,-95.4627564356275,-285.52685534017394,18.77790863418214,-65.37404027180112,96.95987150840013,119.4543026821811,-36.69608431770486
125.50886551401706,115.47129926283344,133.73200752974458,153.89276330457434,20.043743015998064,24.267149970212987,-122.57378359719178,-44.858261185991054,-102.02994588021488,-66.68102344337872,-8.961561946129063,39.26387833979998,-60.79213780354902,-203.73740555748213,-8.628766686693055,-63.89604572714036,159.91788871088994,179.9945219790497,12.43106046639482
192.48698840515368,145.12201235125124,186.0669567490256,225.08061494868377,78.51891269999585,153.0778906395658,-14.700950190327385,57.49901636165849,-130.22165550685372,32.84529048597571,-21.543231798691583,121.8622553879074,8.669639126378424,-58.84057593758292,-25.849051334672836,-25.94368676518928,245.4821608792952,276.4229386782414,111.63442766831828
246.00673329340643,114.82081295665068,118.42719129918645,290.04733761427684,90.4885510250058,229.6301559567009,-2.680729371498744,90.7366197589574,-107.20164670279884,51.45758572680658,1.5879268192420708,217.6540935370888,29.250593542868177,25.80826655390962,-11.700032719225216,-38.11266513139641,270.56962101842424,264.2164687020264,78.03829435491839
277.313940687179,117.03519589689648,120.4736522395218,324.98940339768365,94.39968524184164,232.36385733762955,-40.64094839197202,-31.12220930363624,-111.91943955853534,-139.9289730944159,101.96721075272616,215.21175018953247,57.55293752522493,40.0724319133475,11.724487752328734,-98.4395914333146,219.05306668514527,189.4193420567004,-26.527001862132693
228.78770041788152,203.45981852245652,207.53559075491012,327.53830225200835,128.59722379024782,240.81228811650232,-27.42552447195907,-94.43800322579912,-124.17299902160104,-191.5331319626095,117.99221699557192,118.09409238561663,74.14763577334995,37.43722013596588,-6.620313694176788,-75.78507906867686,141.57509122919564,136.3870257519393,-55.723909163047125
139.61306142495252,189.4856199548002,196.21031566664809,251.21382614264493,107.08312186864038,225.5047941615036,-32.976409507070926,17.198190402867755,-72.24656719951636,-50.61736950668822,27.91786772902059,36.72630876620678,25.556064552995696,60.752609973653584,-8.655904978297944,31.213380380406544,46.58027882885194,94.4776133621283,-2.261529827639557
110.47548130772748,38.825813984136985,90.4392446323142,114.61151835709686,71.11952720845771,191.52708119680813,-12.720440188965872,75.65524810130022,2.966533402226116,7.331807864061583,-33.35289810093179,48.97944160762556,11.05960367641307,54.23999372740539,15.76641581107024,80.50363282551595,-14.01319384426943,78.24498566149609,65.44645777874436
86.86843224581655,-42.62776956479628,77.65826920567787,33.49606062899645,143.6811760430575,168.1716773143488,59.386368405668094,47.95897706012904,92.77851876050804,43.68215939611065,-6.827863910722653,109.3437486355454,114.84530280575676,22.12804775176076,78.27263333136462,72.711314767271,-7.153868438831169,86.3840087205361,95.85713004171758
64.10056079009776,-15.275697641652396,115.5958673183473,25.3597356693491,230.59956726713023,118.5061614826012,92.72862485099334,54.010036080855485,103.1305180441146,64.65036822728429,63.108642669407175,81.39812079164577,204.11288225753157,22.948788748527917,153.13912949828645,78.92697567113083,-24.658832034139294,55.037553485747615,71.78682484136293
100.1007420993442,11.927163200881097,84.70981695628363,52.53936208495951,233.75172203040867,102.25435978635582,29.10729226613031,11.794140468512827,29.500640518577377,-9.847331739660452,112.90098507659724,16.453761589759697,189.4604825487397,16.994685001032497,119.92678561787685,102.61253102760422,-29.23368301648604,16.386741392033162,-6.618823648138021
189.0614461500329,45.602045643496815,136.76429333142823,108.97947239052228,200.0479287315409,137.02470227616186,-77.81978411345328,-57.39977064375034,15.133542691266864,-45.33757685174027,140.00631900767507,45.33838318563118,163.5606437833707,38.77111180774551,41.530279709313774,92.77920582974618,41.2160951508009,44.03983417470214,-73.88120501976948
220.3846375500442,65.73701233717313,238.6391128871218,101.25542022291678,185.7641498135662,141.2990588720723,-102.204819993966,-69.15444745617377,-19.73009315156666,-58.382650184772025,150.14054512328198,74.64977347065866,153.9459728911175,125.83051921644046,12.434574739823113,52.069504907183024,83.66512875536992,81.98609881004384,-36.64302654408841
115.22893840102576,81.8042193748343,222.1795232093739,33.21601491325782,177.2663535591394,131.39186678939237,-81.72282178226995,-61.26261380907543,-48.027631995806246,-104.70186954615096,134.44166949151654,36.1674979033786,153.3451288189794,161.21790527830055,10.486866924705977,62.16520698814351,76.31557189192266,55.85220556075661,28.01923035475756
7.008885708368614,91.67759746490806,168.691633732504,6.85426492423937,91.96392972895372,53.12756094043997,-93.434306023421,-84.42243389173676,-1.6952860842469586,-119.30781490244392,101.55563576504775,-19.947667962876796,145.69807621086025,82.51660684568998,42.47666768646568,103.44638145569844,96.17052723828505,-58.558005273689545,-1.0881246100658242
25.267636609399247,13.837365219100873,154.96664807123423,5.685030633878433,33.936849369227794,-85.9106412760054,-84.6907766470041,-90.42668558493853,-4.2999840982736055,-68.88489337064122,90.05285289548299,-60.745537258434815,111.11747610658529,-28.821417926945283,57.46433636915759,128.39302610555862,93.84826550866656,-146.05980433048805,-43.01474677825459
37.762984665636,-10.650796464091837,161.90212996795074,19.47370237164474,120.6145943883263,-66.12369039137295,-55.51394785433236,18.478457111844243,5.325949357969536,56.25061107970792,88.58176565918056,-68.51930885385228,107.87574833892948,-42.51036379292917,38.36512586422669,149.27507950632358,8.561198064480784,-53.18056715056765,-1.9464572899175872
-66.47995205391261,61.2713994515054,136.29433541825202,55.26577878355156,169.0032815934057,64.55752676055874,-7.565456663753896,150.29824039159456,102.79644039013648,172.52176539102558,61.646285969179736,-20.24220063374104,102.1359049237257,64.50493462217091,59.73528154592125,136.74898672953668,-70.06563679100422,61.093418051733934,61.68677223125776
-106.1067361735356,62.24222429896657,54.75186475547967,68.8695964844393,99.86638126258784,55.394724368008575,18.26645729299576,137.09233186519842,153.5734867023998,159.00083647990488,42.9443280404166,66.84043589001561,63.23637447191217,104.62095956596428,67.47342575547236,83.65573802837427,-65.44804490739898,-3.606821146460741,62.779761966253005
-32.118694010243146,27.401705040712528,9.749000491379158,27.84807621894417,14.13401932254761,-69.72629378514759,-54.83061865817714,-12.0950280059882,100.423460955437,18.462648398471917,36.65454040209302,73.74553521871889,22.54625347272521,5.531435621050967,33.393119373706355,43.88825893041962,-30.78302028375656,-124.95461923531802,20.41251169572497
16.804065770639724,1.496783142591278,21.59154719337645,-27.17162052494811,-13.128665668242492,-111.26039231979404,-57.19603170724396,-110.06827777277664,55.2336562013031,-88.4923115611797,50.05037936626733,16.067298786687616,10.7952776148096,-31.03953696596143,56.53679146642799,38.52759904018711,-40.67948277723512,-146.88638546809327,-7.960978580333143
23.25588840145704,-40.88148175035729,11.494687185214534,-27.29529246859828,46.07511043240364,-32.96989616160169,64.75672980052147,-50.21223191593895,65.10167120193776,-59.156307854132905,77.8711813148089,-17.21549971455943,88.33619048903772,20.532141584908366,85.32493421373097,54.542433948170086,-82.66718065029072,-80.50193794098095,-17.51841212900681
-28.702205535241784,-22.23870845424456,-9.410743174411856,12.294178095421174,75.22450134884402,57.35073259975805,86.24438061173876,55.33335642242575,87.67497585359371,34.47710883277563,79.24760658395888,-31.274993704633086,131.53441167298257,38.37241854264647,63.8951614575825,69.5359569618309,-80.53233861679782,19.90616891669382,4.096068771831596
-72.97484642680134,26.08465372009871,6.7889214411312855,66.06592617146613,37.87254317821468,98.1416145709434,-3.269955659573946,89.17183693743237,72.80872117782619,78.5996647293137,62.96309318792763,24.393815294311104,60.26814281157891,90.9563555623592,15.96180814141018,35.882242133340554,-35.70314883866043,31.67220119621928,31.103928127972967
-49.97582997481795,-67.11107538457995,44.71418025765624,88.9852648672235,18.00481731789232,49.37414897651127,-76.95208067844439,4.024090023041759,-0.7390456649160817,8.756347518628372,8.408641275989593,74.01545949075796,3.842891730982053,165.274411167096,-48.464628912266186,-4.5444111357312265,-31.69304950259535,-81.11636964908784,16.491792548034486
-54.307094585234346,-195.36238006616415,73.92762764794479,26.087914541992888,52.34175374778389,-17.977260371982457,-73.15076929711424,-61.266196345716935,-7.527646351497618,-28.895095329109903,-22.89377764657685,30.78143875256998,6.19749541102773,159.18280346745914,-22.257647776567456,46.05514358776144,-70.38852003964969,-108.9563815341155,15.694007166222836
-120.3406611838862,-111.74423826341184,99.09358481825444,-28.960985180844823,141.72234438060815,11.0614035898711,-46.79547081860788,27.10021385149253,67.75149931340457,60.241705816790784,77.23482475097335,-21.873334511841104,63.2921435270582,116.19207799717788,43.9693171239027,99.791372868984,-105.69307181708098,11.10651510708171,56.98699839283074
-192.6914153375297,100.06550335408076,128.00078297141147,-35.30713797700443,186.12683794997557,35.60080258272151,-95.25300684897093,94.24402873916276,68.22424270876276,96.23324983853732,185.43942831821343,-72.44916493851571,126.81517127725644,81.41095601196598,21.34789576825631,42.01120276417856,-114.43654040027694,95.2877674720823,76.50934198025922
-138.58616030812175,202.506024273934,123.15495364724224,-32.90792914634583,159.0005745870741,-1.6320987189542675,-167.85876783915484,36.26617655225743,0.2698784409986633,20.15849856459492,139.73541024672673,-37.69408585837537,112.52080634836685,110.81489215415138,-35.436397797149475,-39.877614673418975,-66.5862445049881,44.785487487926105,52.91021845407982
50.13018854226443,67.23194715044798,94.72672293198828,27.706276173306502,124.8643194229261,-4.028290098558188,-229.05872555655597,-54.87099122135668,-28.39837830805157,-68.2941074226273,36.39558524847469,106.6245112218807,64.24400328263928,161.9017425454915,-63.12297258488921,-58.43037636511658,-2.2170368841970287,-38.929153077127815,-0.5428688780257324
176.05935061552597,-91.47097808542236,129.67066193801435,111.74331234173454,117.9356984792674,31.136263133676326,-227.83140372332448,-54.30058327266021,6.290061123044684,-62.92145911740083,46.4202709889984,157.2156828838129,73.16754480517412,133.06170888442767,-49.9975914182171,-25.494511921776112,20.91711624283394,-4.323111822393722,-53.750639575966666
123.90880819653415,40.290067160973535,208.16670170266264,145.60883443135302,164.42532940480095,62.13955867844835,-186.10001567602723,70.58279046928173,39.99895241933197,63.87092035732797,138.19845768313337,94.60682540068116,89.82131666726055,96.56821333312332,-51.47396552964671,32.10271330299001,23.64392274451731,82.5710766708214,-41.449918968162784
-40.74308978995723,230.63973350671168,204.82106134214067,106.44717820214404,154.79517965913408,46.988341709104105,-235.4949912180816,114.41475446173366,7.916964311287539,128.54582161519562,179.88526153911778,0.929087133671078,17.719373032236245,46.76426144289517,-59.91790540582568,45.06119970977264,11.805581584399526,74.17917692003287,3.8239845892321096
-102.20726347935364,186.10948343734768,132.8384682140246,13.058893780541482,71.23335911866504,-8.580329020466477,-251.3350084762456,26.539340056281265,-29.24826156229406,39.93408617913449,118.86888656743584,-48.32723137670531,-36.43115092936639,27.31422850965671,-31.479623882107944,16.815636356182377,-5.221349600389933,30.247174880996056,29.697089739375645
-30.16296778450838,36.51266217766376,101.16752706246852,0.8280318254269888,55.9869028014252,-0.3118292207113575,-142.99221132348976,-4.1046885434268825,35.0637274900425,-16.90252050524761,6.931967213004941,28.85760627010084,33.17709304199475,119.13555737229215,-14.317048853843774,34.832986310783426,-23.42820260966318,42.66804399024599,76.34623516947885
-71.42550728746751,-62.20285783627167,85.32539564909627,87.0118447508483,81.944348482167,42.59491918905349,-36.82608668261795,25.20988883898917,95.1135876638449,25.36122275513516,-44.61065783650967,66.40809214097042,71.31785581326224,146.91203037517414,23.430551977856997,61.18890283359871,-89.28639944035976,58.04614607417023,124.09228727646416
-188.3266288135316,-60.62882676114442,21.50235210245181,99.42585025284188,16.69485566090782,8.187085847169929,-10.564759627262656,22.748982588241454,56.95095206445554,20.045792298793764,-42.38928908563924,-14.491501369745365,-31.759792304893804,85.38781616074651,42.87031007387578,46.79412395811848,-127.00675966839904,27.75741335958188,96.8954145506812
-119.53442133614148,6.071579108728657,-62.60390521771162,4.820609620008483,-114.64227062584874,-41.71995167026413,-51.24161920720259,10.870109385691087,47.36831032538899,-19.271092899876955,-53.04536828332726,-47.86542377742979,-126.0998739855911,66.3362081796604,-45.754219488817895,42.5021581031235,-97.65296310296974,-32.17549626440164,15.017363524974863
38.89274064400806,15.714148011253563,-82.06287841239016,-77.9330283376585,-153.2410780146077,-33.01957503749214,-52.2209332073743,39.08247304694272,81.34862916084701,26.04857569522529,-37.744980538283045,-12.137722733723177,-100.52865831173726,91.16499433075002,-44.510945726191366,74.22381269859945,-95.77090202973557,-94.56726428631627,12.279176540734472
50.88046653238143,-66.8471632759464,-6.304715345721756,-103.87667324998822,-90.50641319168004,-17.903634773980155,33.96866197058913,98.6309895570936,119.79595236505055,121.03553382132088,-6.0235370386563085,28.73019016992814,-54.91755228384051,98.19129747360503,117.04356174378267,94.59052994204168,-109.7679868030149,-111.25406913308623,82.19219927854631
-21.59165885931207,-110.9583532509904,57.16662990997731,-70.23465758985691,4.773136778454992,-35.58879896579625,119.472771281668,81.86368661891271,123.64078846036224,107.2619246918948,-1.315291302630697,36.129445923489605,-49.2976936457798,39.82746674474641,165.14407924923933,44.1015706529759,-138.1095663718808,-95.95918502339364,58.23151095677205
-82.91553558873454,-56.91661090497557,25.338205427105684,-5.616240709931945,26.227436407259432,-76.61028662050624,95.33588954316292,-49.660978517266486,45.12809617766044,-53.62126626500699,-39.54560620184019,-29.309523388036222,-34.33458069039959,-4.604372598093078,72.16985217193893,-43.99373266810715,-164.37393224146908,-107.33275858427224,-38.3989662751107
-123.4195253711201,-36.676734432204725,-60.45225818763311,-14.22369231916896,-105.0250183990236,-112.927087757585,26.482083156877195,-126.33875932329651,-10.683039305599838,-145.23785270149708,-127.12529269424482,-92.705370936233,-36.46179602734732,-13.03097674881936,-25.140363418792848,-92.79131663066676,-135.10320124887727,-132.68700274790055,-58.31239327564725
-93.96628979135538,-103.2989147596552,-115.75984032561558,-103.08881630660554,-161.6089283268861,-100.82318304364168,38.94802518168359,-114.35694797303088,-10.102645312197208,-110.20790774652096,-146.93234218318335,-86.02628326961262,-60.83189377800988,-54.23683724264309,-97.59465794235594,-65.41640533148968,-111.41724571106631,-105.42837198535103,-0.3419532212018739
-49.60288518603016,-113.31992821790568,-100.3175824223806,-124.42925846823287,-98.14592760230336,-17.577786578925405,100.59893380501975,-77.13161142752175,70.72060296102579,-33.744971503493936,-54.43796046617359,-71.98086505552804,-17.05780585072811,-13.754270897065426,-60.36874652705824,30.128408527862238,-110.94740216044104,44.947247226861286,43.92039431734608
-68.08860560160069,34.232731207109026,-20.526017134880185,5.68676141117716,-59.69193066811561,115.24109255055332,210.35113201039596,28.881910706586183,151.6435762870285,37.18225945863495,59.22492158500754,-72.27043409101795,76.59572917003821,133.4563737062133,13.11198270559109,94.6629341989968,-53.30138194602957,226.6983911647357,52.56941363288404
-68.57279731127446,162.18170268749054,103.59150760504065,119.8434205932673,9.029944149787132,179.8975494262501,248.4496783171158,7.169176418240931,-0.7589178053337468,-62.64277910778596,133.3907783147223,-39.906822782527584,95.76389250908758,141.10683251435177,-12.451340281475446,11.228394556119229,68.19668924158033,208.09577059193683,50.73536151771905
-0.3966371217747569,106.99287757082736,148.46713172748426,73.63524193623394,72.55058039261715,101.62982234466487,148.86375068563115,-151.26489658849903,-155.9467782222957,-188.61307389392496,47.950860874152426,39.027186151560464,0.639821749288451,5.29890296606621,-64.728496595882,-130.29616173712586,103.73774380743863,46.863124862192215,16.19492699577521
30.157503828594795,8.87269744248017,63.329486218251326,-26.54181512508914,117.58270427011917,8.669772897044318,145.6010609017875,-130.52490573887198,-89.5742412079469,-111.70893496057798,-125.80954887281736,99.21047569892882,-82.6549977606643,-25.71528495329928,-75.78948378187545,-135.47730836012724,36.99606827604913,-15.435740670039436,-39.58830113024624
26.016644213000667,-58.99188385828512,-2.330793488347153,-104.67472132827577,106.27915064573008,-58.758739286942586,167.9368987997625,-91.74421908656934,-69.05640544201505,-67.37484550964534,-99.63987625184797,20.523417212073856,-26.08051070209997,5.556317961994277,-52.09184952672349,-82.82956368606742,0.6172172635289594,-41.48437261614723,-83.04011771646552
20.013742302339253,-94.03706185850568,-23.135988952591905,-102.55427112777558,-6.77338757059928,-149.97518213609823,83.49831340936645,-187.15015135114896,-129.56540740744515,-155.49661494647845,34.66596620692777,-96.16029111191978,32.52195853229231,2.0982326147268555,-80.05402778979888,-90.90142786385086,2.1625255009525155,-139.54980242677104,-160.61159001529728
-20.1263715689596,-44.817061485321965,-59.60968450210798,-1.4470284228426933,-60.68958873274939,-181.11031424945543,59.36979181380353,-172.84694460428275,-98.21926886933738,-150.38855758766562,2.6140480743568246,-41.30430674179502,-59.49528708712515,16.94647620938452,-150.35394080254204,-18.91030736200601,64.97951189013234,-189.2833532106978,-176.4695918772817
15.18607355637918,-68.7924996644902,-65.30083468507478,0.7124571212199335,-119.32206732825333,-179.49472563154043,105.44826075811174,-61.7121834989708,-12.609947750670264,-30.160954157335645,-99.21684878063895,33.588934279369326,-154.0731297485225,-22.117787016030604,-118.52568772981648,101.78145350879748,115.05119001347752,-140.58149797056356,-56.56305584285699
59.88954074201183,-135.1445507551908,-15.737236407884875,-111.49244079491967,-177.65937549268034,-181.2362979330489,160.46826039006098,3.1471670907608384,33.27868917634937,39.14332585141152,-56.10079764766439,-27.67621196129506,-128.05701389156258,-65.06519959946748,-51.15328717239257,92.34642169420157,61.26795374850264,-85.02966041812672,-18.60017511053785
36.68846187864384,-15.549049022988028,46.358110071412334,-117.934441975039,-132.48542130348906,-93.8550543783476,163.98152260450155,16.75169376164111,-21.039623228790788,-9.41159714120798,100.55448855258196,-101.5261220781896,-57.36233446675159,-6.921878410068128,-58.079141569685255,20.32791178402888,38.74525421355203,-61.66325212000181,-80.93021862762072
75.08287173498094,153.31632025739006,15.896615418633669,-19.537178771657924,-175.48703449522264,-4.359718835152666,106.00695422943072,-0.5065485182249783,-97.59752954070912,-57.90520440437941,178.09384589265142,-148.45832601877885,-19.534411231002576,42.81366661699561,-86.22258271143414,-23.09383306060079,44.71228908971649,-17.43474337788908,-94.7151520090148
48.44793267801836,203.73522478191356,-99.14069706153936,35.53979681561313,-200.5345427260476,23.435669390285877,145.19793432650508,36.53302689164786,-11.231970317647482,37.465779937531735,102.09795206109708,-135.74737357211876,5.892537970855401,57.6403803314111,-47.43944956813496,-21.150630655729827,10.369881871586,82.5205642821742,-77.06167684070718
-87.88791256541126,105.42779896063924,-140.18089976399872,16.4614822130546,-84.88493338172105,83.32905911451672,269.6418580386168,134.1614979701339,146.21582700965394,165.391310596457,-54.09515096379795,-61.6811273202446,85.78024510751861,66.97417257216375,53.07985570101639,21.149291144259244,-27.43886570901916,177.8552771921737,16.45292562175173
-198.26082103577687,-100.9919892687958,-138.85607518555466,-55.84405175164613,-11.131381564593394,106.32102696614054,364.3211872211797,161.63931955836762,143.89632497512872,172.23485443004714,-183.54973303747505,-55.148451440979045,128.22517021747555,33.7284749765253,107.65182490693374,10.71261112069758,-81.05513430267267,176.806475928613,120.04834206847266
-235.94308384595575,-161.05717097158578,-191.8462702526472,-106.97213132378886,-13.71031386372051,63.11540694941503,365.7908215317866,122.61939424120314,80.23254382042789,141.4406866584203,-166.9813293382182,-72.29833084146529,22.28453605885807,8.83250902860884,114.39605085970383,-25.45770880441392,-107.43027676482455,119.51119465071004,79.22119317092084
-85.58208645334044,-48.869566041068666,-250.31807765142287,-58.45950203738832,-64.3571514725391,86.96828591706785,285.140578173978,112.96167613633143,57.51682240793913,124.83626488453967,-114.8589118253906,-32.66262338184586,-112.6050335714131,32.055855095026274,78.52873584420387,2.4919431736013227,-102.83104255754922,124.07717307357484,24.34375901249996
54.74804265086389,5.6562574704965645,-297.32685540113414,-29.288015399847467,-92.37828506416386,152.64363790417354,229.7485639669424,129.23244166994158,-1.2818326896290646,93.32172154049688,-199.5409301135351,-3.371380474246456,-167.75325968293868,56.89396642075669,3.810764502778327,19.079253447138065,-130.3659341229764,164.7473933650408,85.58339371415677
-42.01814335092787,-53.09220756963415,-309.3366669054108,-97.20623286916036,-101.5530136882249,169.97061486522844,202.8766132671276,188.92279423481293,26.591128816345307,135.16897216118767,-255.9086335209219,-8.8707201704267,-93.42172187877723,52.762313631321256,7.884874893933735,2.1374809801716044,-143.7113399422635,170.28166527404863,181.08761976368964
-123.07625105503746,-108.716820878717,-242.57142887072004,-137.43116250368544,-90.66009825792165,124.06526189919664,209.2750582633599,252.7566731989305,101.25585680279806,230.30303615083128,-170.67548087279715,-23.24743664031158,71.59574910859143,34.63380847344968,28.9294974464982,-12.04007566071133,-102.5245106530348,144.58339549807,182.3365231420657
-117.44796735592772,-35.24132279534945,-140.48568471835574,-111.13171998943996,-10.997334590804533,42.96895863095987,210.5879052761161,188.5672248874272,2.749893099725271,186.0463254056608,-63.89681312459869,-36.09603652277696,71.21868953562233,20.82073964610278,3.729123953387524,-90.76613424087816,-48.73364520075128,112.37147654043088,96.86136349812996
-165.33122712879563,81.54546985902456,-57.70230109338165,-81.35047273230663,10.839563371586545,24.072329870403333,147.1564368837502,64.16652153295384,-83.31821886160392,52.84352813974815,-9.380485765849908,-39.01719731533555,-56.957837270943486,-23.38484088530898,21.93077605854971,-149.51218898354747,2.783696541438029,112.98019839835912,65.1430813416156
-131.4081987810804,89.37783307225257,-22.9428117483534,-68.59602640663515,5.33335998222561,60.43771935793303,135.229276692502,17.881643978867,-0.8505831588890473,13.944495101318312,-23.91079485414756,-12.887741275243936,-41.12067721114927,-80.41733551483065,19.252376565434584,-87.88502780438812,45.99996563660841,122.77668998353305,41.41999842773179
30.078363224928605,21.10167239555771,-29.01496756794491,-86.22699486494687,13.624790079134607,63.622368833033015,143.65575799939103,19.64072498080284,48.0603980153936,9.277169519484843,-58.96536972893779,34.9392859070197,14.398593716255794,-34.55074818835781,-24.06333745435599,-55.89331167714247,27.498142499957037,67.38342050550446,-25.51408087486738
92.52099678456896,-53.35215915329932,-28.494428758212305,-117.6719015168872,-5.213761703595559,31.879336169900863,86.36594736915319,8.766685160950324,-55.95472304512523,-36.43441061615975,-46.85464931838464,39.16884828634998,14.59678966041317,70.32519381606765,-54.37182349206268,-100.1404638340246,2.693541278952544,-11.110723029645568,-10.764527993203076
10.909184737856693,-73.48102806551078,-42.33381453602883,-114.1055407460314,-3.512454000481161,-29.923195817111672,57.482032519930975,6.3405379653896405,-140.15916796720458,-27.97851014461118,-7.698038548402367,-11.46687527732823,45.076859986384974,54.877863122062,-93.0460048748581,-85.82178317002081,35.259009977321035,-30.501207870316943,44.581540633902215
-69.85867660542648,-19.40632212845523,-91.33151156943052,-107.74603280214612,-44.19712204665037,-95.04457295340868,102.29243453384444,72.56434905970696,-32.91171360733239,80.9567970311293,-9.254255330046526,-57.54399280611377,28.155693967464416,-33.84490540473117,-72.86924788479865,28.893240413601188,34.27500210749269,-13.16148361714862,63.43580750314424
-74.95387705728636,-0.9312699900583452,-99.0037008464496,-122.50233800182022,-33.58192598097596,-115.3676473752465,191.31239023044023,153.1755322178134,63.31160843577892,149.87185626262104,-63.8257583210869,-45.71943078374291,-2.994505865502652,-42.73963132266408,-13.390477696922227,108.65640790255168,13.042271379508517,4.641937846651968,76.02314941371507
6.4406188145477605,-101.0673209027673,-88.4858723296913,-155.75634885969424,99.39510805694027,-113.71982510265327,217.03004747791368,82.32652520663706,-5.884508590256981,49.69882212741157,-89.05759641344821,28.904339484978447,40.0857212440843,-9.761797892720086,11.008313174013226,54.29585791156234,-0.8392516644644893,-40.48054537310516,68.09381168255553
87.19837490142574,-202.9775159880716,-149.10212072396803,-238.52594021973613,127.4115581214065,-123.6767571545772,148.46862722107423,-84.38022608757949,-35.809899696148555,-71.82301557654365,-52.43273670692314,53.66057236654017,49.94527067889367,-11.42710438064112,84.05047977125837,10.724767529189986,-50.19913580916371,-163.84606657275532,3.6806734933920695
47.25454497708988,-178.3493883439231,-209.26127313236216,-274.73219730632155,5.234563807476319,-178.26862655853273,58.479397109708536,-143.84902512981168,10.742115487727892,-68.27784600717355,-63.334574526982856,-36.09136895423886,-25.16114681214912,-28.628436049619893,161.36493544693056,42.820311455423166,-61.249600102818725,-265.22144196041086,-119.54899544337243
-84.40305948379641,-153.60362031694467,-197.20769846281524,-218.45244312766573,-150.87104944484142,-243.59491010081155,-43.347628556764846,-133.86491936947178,61.36619010372393,-64.67301112827978,-176.08632771931372,-119.69504063821996,-140.490198395546,-25.737723712551038,156.13748401727435,53.81871046398369,-56.63676180072494,-279.1733528787269,-193.48991595914748
-141.5145200764478,-160.51277619414577,-167.296947969615,-171.1850619837744,-224.58205801435423,-217.6092853443505,0.2526452998375676,-129.3612670987305,182.90721703814765,-91.35734193836988,-246.08336887388455,-114.86593050748044,-173.61809356715275,-28.674679577338576,179.18231108812665,48.870761304697965,-102.83727169942514,-191.77863442245905,-183.97786413550315
-102.52074966241518,-99.3250441778892,-134.58096963798255,-145.25972445838053,-132.33149638853072,-169.799824530194,147.22745291099437,-88.29426924470434,228.9803530471424,-81.05191044853666,-176.78517804783522,-97.9549752278755,-49.61313010224752,-85.8806990720167,191.86506451333355,25.520658537005936,-123.95436770477824,-118.85448330293372,-173.4512864520472
-107.74118677714372,-111.87213418267616,-107.19606645018824,-174.77665436884865,-48.98895755899411,-167.40832330328558,113.81494410795167,-45.09707631696367,101.76143659296928,-76.35995606911477,-100.3201219899379,-106.38942749932448,32.41552947816205,-123.08320486428372,75.4624084936871,-24.624597625168445,-76.47172590479207,-99.48124626525184,-118.1980385528208
-65.52715187261481,-126.58793932513912,-94.713788886169,-198.00967773537369,-97.20528033214948,-110.05778317366168,3.281758796047449,-34.947598518416974,9.952323911211154,-58.05345356422449,-89.83198467259443,-53.49963768743477,-54.05016480530537,-59.38529522111392,-45.92790349779376,-49.80572102016082,21.58973754822419,-18.49707107057177,-53.62438043810045
105.33620558396852,22.882459148571915,-24.40782226872133,-33.44998530304605,-125.22083038997332,11.712880820968572,-36.42925386950892,-36.00887319060168,-21.068575593963825,-24.15427718852487,-75.24288607385724,53.84790779255179,-121.559262403943,12.223045816371773,-37.89790361473054,-64.15571793834093,130.46283221116076,47.31385323403222,-71.41760953368424
191.41296584104344,123.16486296771583,62.73896394591864,183.25151157063627,-69.56276383186812,119.3591681336419,-27.18000343840965,-29.56769510109233,-46.56968461390656,-25.61525760621591,-46.65157794759427,126.75400770055752,-38.640993264112886,42.7780172399091,69.01561444531877,-76.2611352354719,205.4711043170561,54.43083804916356,-77.1049756447036
165.8069816193081,97.51230366584517,65.40008137992741,247.1305278593837,-15.383627390045934,156.23889851194315,6.558676387430633,-9.083918573063242,-19.465092730425702,-39.153368749250944,-43.18634574750845,137.54975689480258,59.69154301780704,88.48806247646623,129.33403917454976,-69.21608132819868,195.0859930112485,93.37584883886898,-63.85736290772659
108.48083018024452,51.93843531452324,28.98791171206845,196.9070082785128,4.562523920336066,139.79157395329443,-39.59938926441909,-12.054691053095864,-11.741266381753388,-27.244057734866548,-68.98075041956415,107.3454368415043,38.9201880688836,97.92380271315731,64.23723823297603,-93.53488950933856,134.01191741852392,148.81525583564112,-75.32690519436768
46.04507072733451,49.57633268929252,44.12145764921509,125.9244538148331,-0.4603818522569981,131.03618066408774,-148.3290689335631,-18.98864449128071,-35.667891767183995,5.478358810533816,-42.87543973179712,129.57041650322907,-36.00293115546698,37.352740972852,-5.686341981743404,-145.81325949221076,150.47962487049145,188.46837034552695,-17.67625440440449
124.44144834156415,126.31588033497104,103.2452239290308,107.37982832802312,-26.74405653403796,137.10723460930225,-193.73981478055447,-1.3249488794804485,-51.86411041330071,-18.60760597964445,27.309509259233387,167.74951332187376,-54.79683302127267,-11.91997050297808,4.178035569542773,-186.19547257741004,162.80112369578387,207.07558314410088,50.50323718069399
187.81403185537596,160.06138083407652,105.5727728551242,128.52729010544863,-45.98286621323346,170.22541402980346,-141.2492092907099,-14.38356053042693,-82.2068648168417,-85.70211106779024,37.17147865676547,84.55736135251122,20.54359187643281,-12.282410417450231,15.306896741923207,-193.99019718872103,94.86104911996846,230.2926552267408,44.57912116683012
51.97299526712342,102.785824048128,52.587027074775975,127.9992653847736,-57.97990470950202,185.1064717949461,-97.45928178904488,13.31062618851884,-97.05456788790585,-58.82097301898302,-9.662378834020451,-31.6523335926264,95.9056812389805,-2.917480108076972,-40.00910456561442,-123.32641232575926,58.17016882336356,259.994875994044,95.60424559611566
-54.00540718279015,9.93401733665704,-2.4655982508923078,75.10911226700699,-57.86864190810663,109.86941120179009,-116.94347760978634,61.33448215539536,-102.6493455378889,-0.0948363475433222,-86.5846351848665,-36.1941603610838,38.53905104362946,-19.61728380036451,-99.98757158437388,-40.99685128560038,29.89132519789981,210.5253037562981,196.8428338005416
-34.80481140167774,-76.98644465734904,-70.69416579645477,-14.772635564486045,-22.54348560756442,6.641247131705955,-99.00534008025774,-7.117572461436987,-70.59697643807233,-30.07912449706346,-93.59121643706791,49.265135560450986,-47.3670551931157,-20.173963618472,-97.65570211629282,-26.183094030859145,-3.195410315699746,96.02325807801198,176.32583439492905
4.811987420360699,-83.87715829991447,-107.67862411705232,-85.80483969537592,11.255183393370263,-65.74197408547504,-66.40883797647886,-82.82289274977784,-22.232297212488906,-89.29800299208978,0.4069402345780071,74.73651717196988,-28.3310504065706,-4.980683116791492,-73.7500729341516,-51.14434746589455,-4.048134870086144,2.461170783354803,36.20010239909729
9.131155569964388,-49.34722700456389,-65.1800680748588,-123.94957833789194,66.13977241139548,-115.02090199963592,-113.25587819567764,-116.82454755416414,-103.39672284160189,-130.45973768897363,19.21172465759824,-38.89583530360312,51.23145781572164,-67.2604623123754,-67.83798641567289,-112.04376183555608,5.648776424405049,-42.07844909378249,-89.17054242189681
-0.4626402365403186,7.369646182136612,40.36722926752871,-61.988142882839455,122.72764931240624,-64.1003630562217,-177.39879489792534,-139.67759340722276,-162.14182584600474,-123.00192349841836,-52.0192761824218,-104.97432152157832,126.93556115373724,-99.91120311990186,-79.18246599561758,-136.2833004576813,52.41381965238538,27.05586834852325,-110.70311498035736
75.85698518476296,75.9109276625945,107.30253156111452,116.78063979338732,85.52955640145562,102.15147069558982,-173.44072709989103,-101.8332107128753,-52.27455279496452,-99.03201939052448,-104.00577895581618,6.3363216120219645,85.60606905164836,25.93373303920361,-64.11242221101618,-52.69018872018784,63.82957597043034,155.33095461530743,-38.211511646788686
157.31224308387024,62.87159127879713,85.18399311044173,189.35474711026703,47.55522144848374,202.6680285460073,-133.65996553349592,-60.36030794703499,15.61988158998142,-108.54582825810016,-76.4329141445392,118.4500863316052,-15.24428808742372,118.05035232870658,56.99245031916569,8.073955925689312,13.341806808186458,142.06307837963715,25.27762666149749
92.06122670389271,41.93297825176499,70.70017420225507,74.19167994147129,101.20617959498458,138.5861499977187,-83.16354406344566,-26.74849407956131,25.998664100045524,-23.381940144210017,45.464244763355474,67.59524202563253,85.61307541976086,56.10211361128413,167.8128271428311,15.95936115684678,-0.7006341271028156,18.9036646056366,21.668210788148738
-38.7843699966711,61.063886534644254,66.02209330344806,-55.54285738493176,175.6616348921584,-1.4670488311016976,-61.58617164474303,-2.8368347860588705,29.98992974234065,63.818100041358775,119.17024108767806,-69.2752860022178,234.4098230013926,-44.46046768013802,58.12952000235546,58.6920727664888,-8.205724186094079,-68.90207728846451,-24.479948270948743
-93.55152103206775,11.177605213260554,17.407196262072897,-98.30622687656354,184.19240318324543,-120.86873307253283,-165.31462320996292,-72.84891601695402,-95.60641481104656,-61.3476313153525,62.23277146185512,-109.78261593265384,117.72436882562435,-77.98132406318815,-145.18873161329014,38.69230511324483,-5.310262375532725,-146.06675125593475,-94.45315427555448
5.502948610791496,-86.44962174435624,-29.6334063783846,-60.18867342056184,107.23671947636824,-185.2697149193434,-281.9413217257554,-176.06585896559292,-176.49865459443006,-188.44694464770944,-0.0140365889109853,5.077838516851983,-29.05383911237294,-13.76431098448506,-194.92498082801444,-45.23124535372118,30.5144676303196,-161.11652352469986,-102.34170729536515
160.9971666043622,-130.70338522276668,-8.658432510936313,-36.00488363345975,85.71796878343106,-161.88067601885777,-202.33199964654935,-189.4638863053356,-63.16804891964122,-149.93504747907696,16.04095035416958,111.89356687144355,56.72280062712937,25.237021120370297,-84.02693063348457,-76.06105652950613,10.038428876544517,-49.08258454446677,-34.43050539714372
107.88364403371186,-112.15214829569533,30.809070258152552,-55.23933758716967,200.4930575344987,-48.46485154723222,-16.425548818652935,-112.30292241072088,9.836568803130875,-72.27939020024793,43.17616461509338,69.71164235234636,147.09068457096842,-32.338605842756735,53.93431629129128,-82.47152349654266,-57.20670938397108,61.98567144663416,-19.399998542654583
-42.04876389418044,-54.99713562078998,-1.993092494902243,-7.4590038030309245,276.10382557925533,52.50571422834285,1.6110260802031051,-8.656170641870284,-42.03373169360644,10.91765604148481,0.8470770710748641,22.754014173601785,75.1721280154855,-29.670759161334605,49.26070649518565,-53.48410180234691,-58.236023656969344,114.04520412408569,-14.29548982770634
2.435035528333422,-9.840702455090009,-13.125834643643673,70.6155787921222,204.0822623462629,76.4487443660696,-132.24438522425942,40.3057317779124,-58.30778106336888,46.91726602442171,-60.024672052191455,61.62433065279598,32.47974430370243,58.11194728868023,-57.536996420821424,22.93547027839494,9.3241375791565,100.22866925368352,18.087584699379462
25.59912039660058,-28.79220427013842,39.408265286520766,66.19323286853744,125.1339573035454,61.1371478066139,-147.07956813741697,11.941246471875564,31.23155083615413,-0.0884883702121705,-48.69593413580931,57.40235590597706,74.93541426358968,74.34529594011035,-33.58828031654351,47.81669918930029,-4.220423581189331,12.549266537362788,-22.270438554966837
-72.2230876520092,-69.4545423142301,51.38938152693416,8.766010464702536,150.812267018349,9.061792034452044,-63.0592861937157,-6.908773447239408,95.33088793822895,30.404371834328543,9.09258179036396,10.511453748325224,27.358755719702447,10.874873884840412,70.11999292486112,51.713857942037215,-96.44843724810288,-44.58750412684321,-63.613546689174925
32.46512304743427,-84.96987965094624,33.76687618372446,-61.48842906454325,164.69332040215662,-72.12505130444022,-104.19810717178416,2.852523718387526,-3.4865757834231244,84.44154710897962,49.05051283490597,-32.99212074237359,-67.99670363649886,-69.0254492422161,31.43737652915842,118.5848834712278,-74.96803143954291,-79.9892273514019,-74.7559732380678
207.56103387907055,-37.977664787409736,70.77682669138912,-80.36393763556816,103.99277336006692,-105.3981713342154,-224.71056490180507,-50.99764524473687,-108.44642457113676,-34.66208376136393,70.5953771926948,-43.37424112308181,-72.21056628620339,-99.39343840358242,-83.62956267272249,133.1685779502491,49.57306486591409,-138.06543427166946,-136.87133036901912
153.46928804840104,49.79506477685364,161.51395105169487,36.447564600417785,88.74232433450518,-74.77580347620294,-270.26097854219506,-162.4362065161772,-99.62858305164468,-175.08921134355865,98.78757008102244,29.019222315631207,-28.252733092113957,-40.58979139723255,-114.64194928549264,16.280647050963367,115.94506781493196,-136.354207694311,-172.34041621362405
44.90600073447931,95.53667586643309,192.9401541543828,149.9299965681644,102.20832366690318,-40.63790340707115,-248.1267841184886,-211.38546806065887,-77.87839198960191,-168.770218979757,146.79021807998066,73.13184707081165,16.968020987407634,-18.277112390950126,-77.770721953087,-105.28080197429576,99.97018196927591,-90.79522640044554,-157.6573643344896
13.163020908667798,155.0190329299504,151.1502747748296,121.36231578832532,66.94636910388003,-27.342388012644136,-228.30470761045987,-145.33743771294644,-43.38033814008887,-97.72461645776887,198.3974382774736,36.69122038929908,28.029666158929825,-77.83634065879559,-0.3695910355167517,-136.33318922592613,75.10874420647848,-50.37228960111221,-143.10579799231414
8.939948724216437,228.1128290756417,144.95877922815475,99.8544262062495,19.446395601026374,-17.589939041460262,-237.1943672917016,-56.59981437671777,-34.57295823460806,-42.0075843412742,193.77610211080383,22.28395552235848,-21.476082689538625,-102.85266167912958,30.985738337845817,-100.95501249969564,91.0869737225648,-9.8839836652966,-75.56241864054275
91.26264131473394,222.1929858967656,189.36459402536116,154.27149905243297,-19.56144984025006,5.869184448391216,-228.51150847027264,-30.097950097560627,-33.15493132007833,-15.949048541476328,136.27345023976514,100.89282867443534,-34.17815170758936,-17.851674651985206,-40.212174990119536,-62.06443040513898,123.32555523844356,-9.698007614407215,3.251930345210574
171.8541869044388,183.8641640338609,209.65184276171405,130.57634941280105,-29.63192626096001,12.445311860234296,-194.32125198347157,-14.998635112547126,50.90610277461008,8.515236701615711,106.75362994978808,170.80904987224113,-14.672819148191609,89.76552288541623,-64.13005162259904,-45.25670728174556,73.5597756805559,-62.67224186479163,-5.809778012455992
63.78658916239492,163.0528741992439,161.59640962293594,31.40098212972441,-13.780586734550974,-29.737029648908244,-157.0803234828328,33.53202054146429,100.26196796964746,64.3662484871055,115.50257641547203,46.39138042986208,-47.26873088614545,47.56912862588239,-10.431420437526404,23.938089620170917,-55.35114486797451,-94.12375354824049,-27.69202709693073
-53.83086129991841,120.9558308835736,85.55292811387274,-13.337709523131478,-5.787763908453784,-32.935539416957454,-101.67063116738775,97.45963706679832,64.88147894888228,124.94104117293736,107.32710618837632,-101.2500395993548,-69.6739803197283,-25.393304173074224,35.97196315043755,173.32751968700077,-71.92116844710841,-43.9507056005098,36.05150033701054
9.10291050179958,22.04450930908104,24.713098628229705,-25.504445154964607,-18.41694837343234,25.80546953589304,-122.84158657892102,107.34000876208718,-12.973582819360107,88.96422222727871,19.58812153175852,-59.11854379435,-104.78086532353464,53.916066244687386,19.13424190690236,241.69022264536244,19.9412221090282,-8.650407589241828,97.36384059473508
48.734596844406326,-113.00058158411258,-6.963265113778166,-48.14715609732097,-68.17940824738524,38.067825086050505,-228.52343897839685,9.775991788966737,-48.04377428690566,-22.04548334966316,-102.76868351156428,3.809627717799238,-183.52302768934328,109.136707777246,-63.54588805305139,154.85945543418703,4.074496196398017,-40.279090040522746,56.34336453432192
-33.05334233385378,-210.7451310850157,-36.137754096723576,-46.07954802384091,-120.7974396409875,9.807282579842688,-282.48264085078404,-53.89178235192181,0.6680175373748884,-52.39208757534088,-115.01753128867446,-53.62489854133814,-167.67137189159985,8.50681564166848,-76.83521098545263,55.9380192040833,-88.50992647358264,-88.25633870209995,-51.44441196925936
-78.10153772001044,-195.3894652090129,-121.2036475512926,-28.2678999847877,-128.74322560620593,-33.49011888457553,-284.8495392834187,6.407027055450883,-22.469901090993087,11.301883216126749,-45.1737781200633,-158.51323111919837,-87.59517071675523,-96.44800733038969,-26.777623848603007,27.376170534761208,-124.59848741605198,-136.6628015906859,-126.88376681897356
-36.51492896702534,-86.11093646202438,-207.1491369452784,8.126503895803786,-116.59441538281304,-77.95325705327413,-289.32641314144047,63.84576118646165,-61.42724418840728,96.05121967184782,-21.01163057451988,-147.94685256227237,-119.14973472076926,-85.32373722631871,-4.840573790779817,63.65066344455028,-106.3488683612785,-125.6857796277906,-99.51957687856935
-4.741236188147949,-29.49934010195254,-207.2375851988084,20.79275249317132,-120.50156138164068,-103.06315138636248,-287.2059996129411,52.21334251232826,14.03490910331725,111.1670775606797,-83.27721355276643,-12.48173390790974,-224.93582720878777,-43.137636854024606,15.940425435948324,93.55872694812244,-84.7316050998377,-141.50455750449345,-45.824231742042514
12.86361328020447,-122.54046775890905,-174.61435020577906,-79.8772328982856,-125.9987302782023,-185.97935401750752,-239.46328837453592,40.702393867795294,72.05833848752488,72.55460910109989,-177.26741496377372,50.26994844930866,-222.6352082205848,-77.65646894869549,27.86755299372716,54.444997047271,-107.1567005360386,-219.28307916090856,-21.76282142792621
30.685592127854388,-232.4508240451005,-191.24029879594383,-185.65965518443508,-142.29077395646,-246.0920934551144,-191.2234106832792,52.04700381449034,67.89157158493171,89.43164370750928,-176.5917416987427,-35.11188719843872,-129.28126835017747,-145.7479131283899,41.60828811117037,35.32493222090759,-161.9317841951736,-190.91462266453567,1.3764734411292368
-86.07242000868938,-193.7226368647094,-236.0051339216931,-195.5010598405199,-169.10299881241752,-187.0420536481805,-181.791492724824,9.213427187427504,62.23202584113935,55.077523670724815,-80.82902904161816,-167.6497388962495,-88.57047245612836,-138.42599702596976,42.92526946160125,23.743979138949168,-213.7890301115334,-104.11931527213493,-29.561846086335617
-258.7789744198104,-56.64048944697827,-203.6518132242865,-123.77835161813836,-153.19168884884323,-141.25360526014077,-131.16439837016998,-104.99083835538562,38.07195573351726,-89.42662730508778,24.934107748370657,-210.78221683953723,-62.41288590840732,-41.71784743545227,16.99639444055181,-43.880545872385696,-173.50414130347534,-79.79299938883382,-107.75224057611614
-262.1029479236698,24.161988834274865,-80.47297639520407,-8.896324226385467,-137.4026562455464,-146.53100298215057,-80.22259569906967,-235.0639408234108,37.91988318065302,-208.02346742923265,62.35279543234579,-136.86139359955894,-12.63833467795026,-57.24746234196581,54.46008438156471,-96.29514267479166,-41.915102953538245,-114.45349191914585,-145.9069029496188
-138.60297858328593,-25.893376330272343,-25.378521364337,0.319308246166984,-171.77730257387353,-160.43819049851297,-84.1194318796299,-277.7726036428295,128.09004923083955,-237.53542738587305,-19.803793175074983,-64.0838871360902,-1.9515231663880184,-176.7729698428808,112.5396000325008,-89.94428652892421,-20.99274676262931,-153.29625111684462,-154.5120620125827
-38.66580265604742,-73.85099687493958,-65.98389446114675,-49.935994138064494,-200.86513006509875,-158.58189918120726,-83.35814333787239,-178.7421532886182,230.3556588907636,-138.5240438829428,-52.79302694117353,-64.62073794878516,-8.494459081781416,-127.6301815815102,110.02070177453348,2.961813757295714,-94.29659091865064,-155.20498152467707,-176.92804630892235
-19.977752627338685,-8.097417306507598,-64.79630810389763,-14.908181629681264,-173.22782879606538,-88.06827158595138,-123.6101864499881,-26.93642737488067,150.8323644585698,52.21549393879573,28.14140430493264,-112.88559860399572,-60.4200055388768,-4.221214589513551,49.47182149284755,138.66835424873986,-70.28967356343777,-115.0157295233099,-129.88253357045016
-44.32143709935956,63.79242888966239,-19.344926528202148,13.42863986913145,-157.66760744490546,2.4015302449502607,-225.3576936692556,136.3890549131411,-62.233883456630565,200.9789605702072,51.86648116278637,-173.70321698882955,-136.33746632098027,68.03019795283234,-34.5474029847199,216.42430510505403,26.1237860015734,-33.96162656795539,27.97704869017319
-57.088411630557815,55.16816380337547,17.35001959996587,-30.76865112686242,-224.2020640402507,27.87990046328128,-274.6226027291014,239.26824117020584,-70.95038528328902,265.299495928637,31.316499640854108,-186.5088870064332,-81.91941570368259,92.1859940281918,-5.358474067903887,235.22277936551757,91.06333495351922,-19.44227576735818,130.45542359289658
-27.765782198987683,-49.61603856439041,42.543592552525,-77.41045483764982,-205.74126415180976,-21.148334898061425,-239.37028509606975,216.8447419463837,71.94877301199311,233.86174193277284,-3.4379404550698363,-131.9775541162219,-1.0148456335529474,-27.02256602089724,80.21210288107908,231.29084139380765,78.95556725761718,-71.92806147787776,90.43379210186733
21.81981804155719,-147.32037607646328,13.462125440765368,-49.70305078929131,-86.8929238895775,-67.27323556301181,-218.3908002019832,148.13632431232034,50.80384370286487,123.94097661334642,-42.47211675804023,-105.27597368823766,0.4605467720552011,-85.9190354895494,58.76015477242861,195.66245323291463,3.590403103870432,-52.52674846168748,29.493287686975723
-7.823241291068412,-116.759970899343,-64.43843666706717,24.261770890066902,-104.10148492416135,-16.89681529609405,-234.33970167898477,90.07386302376858,9.828001009391242,69.95365153378336,-15.402694288645284,-111.68997545224208,46.66604965192806,30.79912478539457,20.621389863188327,122.270267125992,-69.3653397290536,28.69034510466347,70.7432749432347
-151.64477664788512,-19.55642209335583,-111.66426075186966,54.17949084905124,-189.4216028244274,90.2091757319805,-163.1640774995584,138.16433118861585,131.0292373923802,147.36716657481597,-29.879331274106345,-90.77521024907564,67.19211520365027,94.20837443652228,48.79048181987668,105.37130228372833,-121.64677201733598,99.75654949707258,184.7992392558121
-279.45227873265804,59.25020826460777,-120.74157885365094,4.276719425860092,-191.88067612499643,109.1715778082524,-54.16949929388828,242.9416948552772,196.56071122799207,222.70974194459032,-49.47438585780481,-109.59108798109058,-8.060039469810455,61.94239954526063,72.41252892634543,152.44490169506335,-144.8478853994188,71.24664145095028,212.0735559571052
-266.7218125863293,36.63502377369704,-128.64166230747682,-99.86967059663932,-166.5349586024838,16.301221962358433,-58.66318404772464,228.6777432748553,78.2854772860036,199.6066403618037,38.17033032098596,-183.5850111078186,-84.95120116892416,19.343596591764623,21.41161856970649,173.06099908377692,-141.5930242176247,-61.7642966416956,137.79924638693151
-225.13524768414567,-121.44599587602784,-144.21583552637662,-185.5815981412055,-156.413101568099,-78.98568887751033,-101.87974075791632,164.8117990661281,-51.35852515900567,147.60384670838206,73.59446779412721,-255.4195079106864,-158.06031167857162,-16.59654577169236,-76.42804429545663,193.62904931529957,-170.4835424464703,-150.04883411916552,82.44717192825404
-274.9322897241098,-272.297030307958,-172.63932457190106,-249.49814830133548,-215.9994519212717,-176.10520424875563,-126.71722412847426,110.76670556386831,-52.82056878811253,97.874848040006,42.353589888843686,-325.757291159638,-193.02485162591108,-96.93467057468212,-122.00952750346686,195.3625974586528,-216.7606298877944,-201.50934737069144,40.15504257758379
-347.383606093133,-272.0356970049996,-173.7187358066169,-298.48871165163075,-305.5475005580399,-260.4622066367449,-108.37438550229432,73.41325665428097,28.195646923702757,115.90558207862937,62.4677682919184,-368.867935054587,-140.67262386514227,-183.55975772748832,-75.60262579971105,165.47147208310017,-215.89446738527997,-222.5431501626093,42.06008154428108
-367.7510756600407,-206.31231709246288,-88.13832861663627,-267.19096055985176,-263.6459759534038,-193.6319589022497,7.560652476091615,171.05129301747326,111.37426249698396,232.78159041829892,74.93483336158445,-351.5717555299036,-47.89569180769847,-137.06511101116158,6.82251565842938,221.68080689647616,-176.90474774470184,-91.01287424185266,140.40642066689713
-333.1217298222432,-205.60910257911024,1.2788413077767178,-137.51514493409417,-142.71445916177274,-16.90141089445189,78.64677643307728,340.05576027689665,141.08195163849518,310.83492247521605,-5.729261054095112,-282.99304311942586,33.79648167985833,-18.58700489796084,37.36195292140634,300.10943142767815,-134.51858477689214,83.04415305760715,229.3322137821511
-284.1805115121732,-166.4235680973105,-32.90270152234686,-12.82963569225585,-89.048084410468,94.4277838368201,-1.7548755407342238,362.0281891750551,73.65360405485706,292.59220963928965,-112.88826051248355,-170.23375963436305,57.78660649215524,49.89303595877042,-3.5244591509754213,187.83753781854008,-94.2731629755831,140.51461785195823,240.13372076731864
-188.17101701393125,-32.82570242026396,-72.79748330966815,-6.039737719402483,-63.42907040769975,121.76987371352324,-99.91441341479783,257.6359097683322,-31.21668484734042,224.15809052773287,-96.61146537550732,-51.905864020496246,56.54055016466239,65.30968568677604,-30.502489141791585,-28.008932962784503,-30.78513332345358,144.33976931252215,217.2144316457964
-27.35700425053854,48.254122472708026,25.95174633230308,-15.211720200676767,2.332829036048481,130.34411540976808,-69.70782101966377,209.9918591112058,-110.82947184208716,191.1070571330409,-11.048090748905665,-12.426288647248043,126.88684011162684,66.39233474951772,4.772910214364102,-85.77710913552305,36.91769082368916,173.63474268859645,234.748507374232
65.39926502366909,50.71109010477643,120.07829217349932,61.37534008072284,89.62716757942114,178.68176022713075,-10.883202429071211,274.9364172737462,-156.3046766839442,275.70125012617814,25.68550787800534,-31.467532276114625,180.06077361282,117.70780491551524,8.792363127953388,39.28988173038746,42.16268165656274,205.5917386613247,294.5831253252384
26.452705415528847,50.84717470107448,100.1151055226194,128.7076185920828,136.96270482308793,292.65541276941053,-78.76498276642475,379.9259767306815,-92.6134704528208,387.7263366356297,26.985643535905133,9.217746247312157,121.95565876111505,231.64777640000224,-34.67483895157665,193.7136062316493,9.484800722136388,219.30216310155228,333.1540177418018
-34.554517678433484,28.094621857651678,69.34845526639849,140.1790485942731,118.56063305495464,338.6421229074473,-160.2763472647875,354.09413180126626,8.837777337650442,325.16409618744854,3.202278325985433,93.2981603678335,52.73034344752187,295.6155286285829,-39.08220094481188,216.82031404415724,-2.3451612892337024,203.99091842297025,318.39542931955907
-13.021614321118738,-25.406039409815744,79.56414590073851,99.64439592952932,80.5213964597023,255.52062242387072,-189.76155187909072,207.25193747203747,-15.215779445837526,134.25103346346282,12.337477585279265,105.1290020569586,27.723843184425075,224.9331260657549,-36.39956453557986,127.68930521083736,-0.6557160871800187,160.50846974021616,273.76916647657373
15.911975672515236,-57.456315389045216,132.8406953459997,42.88250362955216,64.53022136236964,203.5961708510313,-248.52100144630217,142.07521429482514,-73.17090329291007,68.30074251711606,57.505779362765225,66.26327943099777,65.03922169273125,126.27053358613158,-51.85741920311985,64.29585730652255,24.32351347834143,158.31919209718637,275.9011144509678
8.262774167976739,-32.44678484370649,211.62114049200943,31.87518056950544,94.78238029517884,218.73665841909343,-284.78387136046007,136.69630583874397,-108.2091399152364,84.54160442075079,88.27575428510909,72.31362388661873,99.62168763470264,76.89776362273875,-55.23955401344051,-20.0596317941636,72.53783092406003,213.5448891040857,286.3929485133446
9.135457939317671,48.72343120154414,215.02375147361144,33.49402554779826,145.5587371240314,210.09602780814453,-260.44825800490474,88.4656413806412,-169.22873356738492,44.82927028201167,116.62385558014596,77.59521485556517,57.59155103418213,56.50549312033045,-38.88559914312592,-153.91370741320912,68.94203652783978,253.33361967680392,213.6368904566148
-72.80130921371388,133.4280803326193,177.7463114707336,55.544739933966255,187.54408618978448,206.1588212614536,-168.77374629673827,42.25193179658176,-101.513650949707,20.342899131052828,93.70331003910292,71.5995778921627,64.0420047242944,82.64323898953282,-8.156504549378349,-222.15560843378336,3.768423904738212,261.3701668909623,118.60379866530413
-126.11973239686505,189.812288759862,196.58695830502964,112.37856984437336,229.00756678069277,262.01293496388985,-0.1647381208361556,58.98155605774664,78.58115084670392,20.406330390340923,34.229676495686675,140.33608726385168,122.45151936624036,126.21101095700296,-9.66793526474833,-184.934101878114,-12.778175861522485,283.8313164266237,78.64074351622236
4.613024591427304,216.9266397825825,212.37246232457247,149.8848519208525,223.0222873603849,295.63386632789144,101.12893412121804,41.82185099605896,85.71920076581776,-8.63044219335374,44.86905364426059,194.1905752050484,114.43021519978385,111.29337163883562,-21.496364641324973,-109.80653202725986,66.69609814756558,251.6973280824445,58.31550069503181
75.22100170912383,186.11578058360067,202.0435641728843,166.1642576328373,145.20666848796202,200.1157094776564,18.92966361415321,-106.11048292786876,-5.495698054523548,-94.14583758484656,129.97439232089388,178.0419182094122,68.8856898192327,23.90987182511679,7.497302009722739,-118.64402037578104,153.8607086560127,111.17557103715332,-19.68898799711859
14.388002968697888,112.00678799590747,221.12989206068391,135.3179851609001,60.03056533364871,55.69496159471043,-98.53794776183314,-242.75272240522412,38.3554129723899,-207.02269296636405,208.1446266471948,173.631555506416,43.56577625528386,-48.26604407203027,43.817153535799584,-175.6362635680396,174.28349814742322,4.347400471445162,-110.00349764046084
41.655361484504034,71.4856727567164,242.2092427597952,53.10715407800497,38.54718492366071,-15.19355787274244,-58.03906545988343,-277.64237781591834,67.28885250890498,-283.2188500736231,188.80064766609803,156.24162096660922,8.867649471189926,-69.64536442641119,62.82718991122371,-150.83651056926644,159.87249577757612,-30.71480454200213,-135.33557339789513
150.6560358147427,113.55957227357608,165.40336021887583,-17.259921180949515,26.246432544291345,-66.61611747902165,3.3599997066010823,-259.8225137573592,33.336019924839874,-302.0829111652966,76.65834619154587,127.26251400493967,-28.193591518110324,-82.98021236160156,63.61224553849385,-84.36504550586238,140.21203712274198,-75.92121090834979,-124.0887753166369
192.51785085595668,152.31652321128053,29.90447285609428,-62.9813514257547,-35.84235983653955,-134.29435972707583,-40.4353327199187,-192.69239963352905,80.51013556276254,-197.5195961169605,-1.8313126682648315,123.51892878708456,3.145728280628376,-72.64511672197945,39.49588497675968,-25.690258252878323,112.8023638427025,-122.03548917842356,-85.43326835052297
134.01218635601518,74.8784379718407,-26.306705178386085,-53.91937619864118,-70.71250821525061,-160.75551224530588,-44.45692496551657,-139.85682718257442,92.69928974135628,-72.02302039509246,4.083363841948829,120.82200353435056,31.92642782976424,-45.331444253418674,-1.4713863736733892,2.648275825615615,130.5147591143993,-154.0465981064967,-73.23598923836875
96.9565134591816,-1.4662852677321907,-4.354780002286892,6.044829954008248,-94.34485467518316,-166.81597456213464,-48.07757847659364,-190.14286894887792,28.013611330778406,-140.47701203772868,35.738614135475984,130.86699333258343,-8.346959641027247,-44.94421631586368,-53.04850936895556,-40.95952132507301,197.52861607962348,-188.33600620509537,-142.2487251426083
207.78921238882137,31.649840569315938,65.24169107113583,31.620802568836712,-93.34826703172578,-183.2976850654017,-84.86185179053234,-274.64873114542473,-51.21267617630576,-245.39774341597663,84.24926889765,166.52965095512133,-33.36020818326017,-65.61712012105,-106.67783299906316,-119.65678954735642,240.7047580779553,-228.4332171429144,-202.1083233301597
314.018229777644,66.3006462127395,160.70465865579348,41.778089742863486,14.728227024040844,-177.69691257785996,-37.2812380104903,-273.77603706955347,-158.55218812659234,-213.48319781230015,172.68740457519635,185.74269733366825,5.529933445156859,-64.5886848830081,-142.3909393181877,-167.90388358149212,232.30156032160772,-202.21027143137272,-158.49854364077677
240.21942865430776,115.73410488057638,245.3273797588162,94.63954424112096,105.42175633271668,-86.2082668047387,18.05215763777368,-193.78142256660465,-163.21670108755973,-161.84019604749932,239.86504501906828,162.85369707198268,72.32103917827605,-35.85372085458334,-151.5138236026026,-144.58431899464486,198.59672575507815,-50.98243923651933,-37.04981218069669
217.6309541022998,240.84362575990056,309.50520751189805,156.78076738706798,106.10027970869427,39.78875531414685,14.267869015784433,-122.37198825099726,-96.87430474107906,-136.15489180392908,193.9261324114126,165.67498283444928,108.20577234269116,-3.560467529697023,-130.25031687235156,-114.48125339272212,214.09728133186616,71.93498953629656,24.04982481388657
354.8484416357488,288.273717129279,306.1051457336528,199.88802358120333,104.79155145522606,79.33255970362886,-35.03251274786063,-114.97027939599724,-155.09781702189784,-152.29888315774917,99.11124432379894,203.48279076574835,114.84087677785416,31.419295714150326,-108.55085896850996,-165.07478463793177,267.59000361994475,63.85393001087981,-29.279687838327607
381.3397747478917,221.85287452250785,255.61928720156143,230.5163069988524,130.5348123887295,103.47873551545646,-94.49042713962707,-118.69806727949614,-196.97881957167536,-164.26187300570672,67.40972888728935,214.9535746219048,104.27328696736828,48.4379702680919,-107.1911462371211,-215.8512749819741,238.9894643240631,68.42014361508414,-80.55262578841209
278.220279423956,207.44010778231592,223.2440339246579,259.4000386362365,150.22899846359556,143.42808620676374,-63.63442598371814,-84.11111647983753,-95.42944294825784,-92.40247286463376,102.88431113260415,229.1269164079624,80.53312375514214,19.45844054026637,-75.47343030115724,-193.13011171076573,186.9976127158451,111.86601609922474,-81.42080037665178
239.6725716871487,250.20237978831943,221.65299747012287,269.91835536740604,145.95017676983855,146.3737043728268,1.5940136563501022,-76.56996025951526,-38.36306998963294,-65.3876219007351,158.85725108979068,258.8508030263303,83.59189309254366,-18.373881671776573,-17.191795472877686,-169.71278220718247,258.154723597396,120.94838193710926,-90.29910318044872
316.4271132105944,255.42071557083156,265.1676207600552,240.967965903344,158.4412571848892,154.97273302667892,2.600295255567377,-82.29684592212307,-90.56785726093425,-79.03405291482693,142.9190202830708,282.7518846668094,122.89350156152015,-6.636806643470295,8.692149954124277,-180.56235283074855,356.43258961003346,120.42994578454578,-81.34054085076565
403.37364360736257,202.63161435918133,257.23164417204885,174.6843998277859,170.8497508246407,132.79207769715958,-21.395828592400512,-44.41678712435953,-151.74526320819163,-51.84188540661996,96.1110877161244,243.8563847259352,152.54365026873677,-12.73021769586938,-24.235633597288768,-208.3851991853724,282.6470409418947,88.85412976370121,-65.872425910684
341.9759241533714,139.24446626994492,107.08867288627236,71.33201572561794,140.84597451139217,65.19255939165355,-43.29592451343655,-61.86758696378449,-141.45276128824142,-84.67381316234696,155.0197743557791,127.566894382776,111.82427370998228,-92.54116358960675,-71.04019820660666,-256.42908132126774,76.44590315172182,57.96617870658918,-130.15468723924013
144.3868011679343,135.45702022659356,-48.33123619626596,26.653122680047645,93.55857147829325,44.11407743621782,-53.8965406655269,-113.76354031848116,-98.35674815390507,-129.40580718181414,241.887563286069,40.90637040436855,57.37915336600266,-100.3517274341138,-47.436833322699925,-266.66244344357625,-20.196922429890936,90.68116923098744,-156.18906175147526
-47.53365349496677,122.50615687894474,-102.2395479814492,88.27995612887233,46.53738503821117,56.65890184783314,-44.32830532215948,-79.47167039006463,-124.88677431863309,-80.58593059649539,196.35003861753987,-5.79629008146295,53.193773019713895,3.579156979333656,-8.683423837832152,-210.5382093907077,33.46906544915341,101.9376199345926,-95.96932752940086
-64.8218792777282,91.23498655791738,-83.47787076231484,112.7897245823389,41.609148048383695,23.853499388131592,-16.74359137248495,-53.09409682930774,-95.89700100062524,-21.79667875843915,92.28538279346716,-0.762487921422487,50.05283701441561,33.83549151034151,1.813401338968704,-129.6702469096704,87.2143325459392,54.67722386353151,-109.69957933567824
76.14468344962341,136.38446669825123,-35.71518991286553,48.47295142041308,97.72437434266838,-32.224737751512365,45.563933423774486,-74.27997873495671,19.047583686742417,-22.143038954018632,48.916429363742,54.58187028287502,32.98718614494251,-56.2344439176341,38.47008377886428,-74.18569710467685,71.71278981189006,16.26288317153408,-167.84963107644717
87.9413271601662,103.7011575270134,-66.89062054892929,-42.34213683583738,126.98782817493236,-77.25517634020835,67.03995911265547,-71.0084353167875,58.32781361364617,-54.74847311332178,-9.54092257811219,55.99906506870953,-21.532084420463523,-138.5570663533993,39.48272993885206,-101.4272231343374,-41.36214591197224,-26.618314925195364,-181.5889995635041
11.233472800622907,-56.67172008331145,-177.00704967135988,-124.66312614851178,56.62334336736931,-126.7029950425415,4.8986897063014965,-77.62759543446269,53.636691461519206,-68.92438207256777,-69.12755552100693,52.8692274639327,-84.13865237426265,-145.8378438220098,10.238676162448412,-136.00137342600357,-115.93120747947768,-118.49263731456476,-169.27028214306725
87.71528938490543,-135.20649339261206,-202.7413317882291,-131.7487513041469,-11.442614328182284,-170.8982774578261,7.045617892211239,-111.2144963755144,26.95385565420828,-35.555808914434294,-80.68487805751413,82.46677172695568,-45.59382396361138,-93.53007969769128,50.81645261653021,-100.83730328542434,-23.7216524444513,-204.9737247488716,-165.18773193469832
160.43104011611402,-136.78734529495358,-138.49228091416478,-71.57439653443345,-5.457908252763357,-189.76847908372864,80.265946497633,-133.0201494122818,8.894073720879925,-20.865210187521495,-86.89696503062868,78.54573247045887,15.79536548028316,-76.73921498659277,103.5018332004601,-68.2711761310078,60.93905007332175,-221.83780788787797,-205.7488600459976
99.85801403263758,-138.7019272506328,-125.23246150631732,-50.14545149702074,-47.08206122274674,-178.4608270265371,98.62872881492218,-141.80315654468467,77.33662668102207,-91.3237213214111,-59.67951260230855,53.16225994997003,-17.065915822974652,-119.827792430476,100.60824910471146,-75.25121231870588,24.441088890283154,-199.59691650239145,-254.6464240985555
10.716258030680883,-150.8394506768424,-159.1763743283233,-92.10587689856854,-160.5304763951327,-188.49301977063865,93.30809343600826,-161.28192567424085,122.88734203538314,-137.67857546213298,-33.619993964818285,9.106057026081269,-61.070520323308976,-127.1164799004622,69.44564459613808,-86.7363798724809,-41.98475753581702,-212.4938645620492,-224.34922727820188
-35.492548934591255,-178.395993990794,-130.7766701114187,-149.62850364066307,-210.42535878143605,-208.33490206102277,104.98227077718514,-111.12019599801572,115.82828083133118,-8.746381949420277,-42.17926896790917,-5.910682496017257,-67.21582319683067,-110.38871663578742,20.335058496072453,-53.25575661010596,-42.51265802949339,-209.11562942335385,-97.41664948162598
26.10451933255837,-116.48975317688009,-72.92320381804004,-153.9798783643089,-145.896399091996,-141.35114903596065,128.32780229779723,35.95355083421158,128.12760932705547,152.41213864105,-37.394552313433074,68.48605923879185,-81.65135983131017,-70.02642164340561,-7.393031269069025,-19.886739613737383,-5.34595888453894,-108.74700088421726,-2.7029904509774294
40.74054098379059,-6.2952748679453165,-106.29459266065676,-99.03782301568016,-95.92237928548514,-56.81599233194454,151.9056187690365,109.9109459505304,116.07342994894522,156.87305682605984,-16.298007626993037,75.4704749258329,-81.46025207688331,-14.451497646816811,12.234923979356097,-51.81641510050223,-41.52702359644012,-42.99970950885157,-21.99770790691231
-114.30122246570431,-16.614511466382123,-190.3688427680044,-37.52682957796058,-89.69821545364678,-30.123911542283,171.4443754686094,126.47965792188616,94.8054916779369,162.4573827067872,-3.4239331448430854,-22.880080108412304,-53.156406097683785,9.328757060196669,33.71156969687581,-36.11438980554319,-105.254183963124,-41.27882573226853,-45.24255649327772
-145.64761561836852,-93.03914379322478,-222.3670836268377,40.10353676513048,-39.6198493500749,21.076403319103427,191.1562182622525,168.86192474086968,112.09931837786554,196.85715679309095,-14.881945173963103,-4.44351148374512,-43.348370241139854,86.88222802372601,28.085374189400365,30.521716897967316,-120.25766878594058,26.10992979195183,-29.496045460047963
-26.50263559924716,-111.92638112089688,-214.493258798125,60.06454519285818,-6.267305273990203,85.28905675244896,162.3262750548146,123.88288694984024,74.22328426754214,108.4913608871577,-36.73125069672773,59.924430743750655,-56.71923553344606,124.57575710460648,-6.665943825251474,-23.55988750878453,-127.37812646634346,78.17099111734277,-41.264988551602926
-45.683039170620674,-100.08231886607297,-171.61040231111753,-30.71329339875217,-3.312068511124441,75.40396748362613,137.75915194093395,3.230164297925921,-39.71787539013968,-21.6342501063256,-57.47469047198308,-13.21566814442823,-46.78538552050189,-7.7893915469354384,-39.864293619158914,-140.39219921084333,-127.76385554960092,67.22317082324882,-34.385887750626104
-131.3678405785383,-108.2453552834164,-99.0023303670661,-85.4822378579791,12.172693845592068,44.38294286094633,176.75161774768182,-59.43696880490414,-66.64074996479052,-87.45137831951784,-70.53290798530752,-84.48779907306363,-23.794587341044856,-111.14314288753538,-39.46976860648457,-131.81058965940198,-111.43616200602884,113.70812381744632,36.7018615401833
-128.86321363662927,-113.06193939901485,-75.32869576891183,-50.536085296168224,55.12718536344835,80.44341140587755,207.31137331883485,-20.50397616292655,23.36760522544227,-50.44642705859674,-53.35893608893204,-49.92999335352378,-10.826255958924811,-57.59063448516245,8.889013964974412,-5.070026988773338,-101.45874229871768,165.71857278641704,76.14812091248302
-101.49209787100872,-87.96915739614853,-121.0565013382471,-32.347447323279866,133.87890837872754,96.88660469749438,241.40203783322016,13.129693301706196,103.548597621012,9.939429672920893,-47.56944530567628,-9.14867509995125,64.59110500871644,32.30453152414822,77.33723493793583,95.88442135583516,-114.75903463124928,112.62282293814516,56.34486766534163
-99.45354477650866,-33.10552785495985,-153.67916269875383,-76.91476603892734,196.08677809442463,28.958912878801765,304.0286757294591,-18.70545004513855,109.56407059603664,-2.7889536746294774,-91.45556452677182,-13.323199919218563,151.509726573132,49.8832815502194,109.63758568787873,92.36179228483113,-126.19618814350474,28.574650033379683,34.37354411470622
-105.57262588891244,-19.37425135922148,-145.44360711357714,-126.95267191392097,223.6086927819608,-10.029664184159929,282.92430062472005,-7.471507196607448,38.660253827394,-7.542062392300114,-127.40371809997976,-40.480466243196815,71.97406864181617,-2.9809545201520957,120.22850598322914,58.06793274962495,-133.67005818222898,9.070234423780173,21.5227928797256
-101.6545532259944,-114.93859495812512,-146.62667100708603,-123.68156934620542,168.7224685523924,16.995585937239028,204.88368305044176,55.96622634377249,15.048099282093863,37.67112208314047,-166.8529378868648,-78.92532002144581,-86.75751013781542,-40.19552710175316,105.87151022660838,84.4034186650494,-182.50330375303847,95.85400022599508,36.17085365190243
-97.798022476886,-162.5325999941226,-121.49948299010435,-39.38429067152901,79.65657235532632,89.46339712225266,239.60025484593703,110.31012542704728,105.8904744922292,99.1896014431048,-216.14114980613755,-88.04114879623478,-89.81661552807586,23.159139989616754,82.72545272046376,145.31727468740343,-181.4337331658825,241.02826751025125,60.5527801692697
-112.90115268448268,-51.36486004000398,-43.8646984451444,101.43594571428102,86.72181752667116,218.18746550486915,319.55551789611945,129.7292365589296,147.88408776555997,91.7626537418818,-186.6392144285583,-45.372823769729145,26.985811194390084,121.93469459191635,103.79952186895332,155.67545924014678,-103.50312784991164,290.98021109622306,81.47312119627095
-137.71153053227448,50.59758537227405,27.22884512317837,160.3141638288475,123.37622176683192,292.0933880557395,359.90568777667994,107.48566733691952,101.0550669253923,19.359957819550655,-111.45995721478016,-16.5117067990857,110.48347810215289,136.10399943833303,143.20150289421005,115.460642822616,-71.84204026788981,264.9147647333526,161.52981879280534
-121.09202168327624,73.70280232913542,62.21149161973104,97.9163010016607,141.29775770593554,233.37194035467584,388.637188562159,71.09595301923048,73.19129061928986,29.24535547418021,-48.57492826458972,-22.491722006103867,135.3673415744702,87.13048953036063,172.01986646276842,106.54813385143176,-73.2272591859915,219.23566998656756,217.452419087972
-36.16368334246739,63.598688740940055,40.078716089092325,29.053719889242608,136.74666484529874,106.13736003141476,318.2780527218672,-23.993181220631133,51.49672152343946,-19.62386893350087,-45.15308384757174,19.24711331057328,31.0963314339165,48.11040791546653,119.65406434627955,92.36337388749249,-52.85287429119269,45.89077914439048,86.45205204305651
60.76976551483332,14.343777573096268,2.8716063242969434,-19.85534604449524,53.58763532621522,-41.75623078967481,183.10202061177796,-203.71056315146217,-1.9045812164826128,-240.82616352282943,-141.4751196067285,119.77691919715,-135.48783290163286,68.77647264514756,16.12612411974485,24.89529035652208,45.01005197700553,-149.17015066003398,-81.96153232983265
157.24088312461976,-6.182749392988352,23.574771511276342,-39.39521121388985,4.4124654072975495,-114.32216325587106,154.05233053831304,-310.76141244078934,-31.404444002626285,-332.41426283525834,-174.81105692798303,189.75476730714027,-76.64522371520009,115.67559369254818,32.422673354471705,11.516660123270228,200.3340710085496,-171.95762872631946,-69.23531578044111
290.9702193355299,36.17699237229292,72.34956204647179,-0.3514627801659321,110.67244767768142,-67.12072116664281,264.3759125265879,-234.83071966341424,-45.60414633354237,-221.87942278070744,-70.90941148410045,211.07672523111728,112.93606760169357,119.34119588498788,114.91664536503458,65.63553455984173,258.11069296145496,-90.8024146204994,13.501502033569809
385.9747105258655,97.92172569203032,100.63618452534811,72.70951665968848,223.300207518822,-19.653499847848188,307.39136371802107,-93.46720049231004,-63.58611523719204,-78.49555448921353,3.2691601490473348,230.7492788379285,149.80791044853913,112.72580716144768,102.74818661016864,113.594174303993,231.95536830416304,-42.78646676838608,31.850711417994287
293.6858724175075,116.26796729501154,64.26322861196478,125.63175365374283,152.20673810778405,-19.55297584898442,164.33001692159343,-0.6845919026351865,-23.829394362496856,9.195376876161346,-12.246061173150842,205.97607041248145,78.19581687062896,110.0421972638051,18.677659551281035,143.04951734997763,167.48959685507006,-90.74708383735548,28.247728205157717
45.76544528351491,-0.3003819871629271,-21.60446542759326,58.00360529870416,-22.290284130237016,-72.26094860881949,86.30147814271953,17.91581837805695,-4.4681445164256175,-24.632260995547764,-14.036389387989342,77.53935381850225,1.1190076711280512,106.02450722757284,-5.8366922510975465,114.03709830944328,52.366708714637575,-173.9497540285888,38.21646546062295
-74.41534733325557,-149.58060871076364,-34.70925162434197,-82.34493353279976,-85.30282142271389,-162.43474622936,156.63107530484947,12.62812285004747,-50.01707157923102,-13.33662428848682,19.14328059432177,-49.605026980759256,-35.61815381012325,93.00523562547548,48.69304388260859,88.9730453316723,-24.609674920693934,-198.64056970061316,66.43865442130588
-14.204879399413054,-157.8834068414554,-19.99430874549599,-127.61243120672408,-2.3993308234704407,-181.4922960469096,225.2499131078937,67.47650278602606,-61.59055620781034,102.98112012730708,-17.75728130556342,-96.97366361691395,-25.07997712367374,44.444545758912746,71.03335540504787,163.53945367919866,-82.32481426815006,-140.16160170051964,123.98110060376447
-61.49695037454136,-98.2878949393895,-87.94685921423103,-90.52750257561824,88.85950321286145,-135.54419505490327,293.76816398774616,134.66272848132564,-23.32078265407853,143.40313649675616,-93.95452694093431,-114.13507983939496,40.14003234861327,42.21448677406284,50.92672086477721,220.53760179747655,-139.87845261267245,-9.981808299926373,199.06362447124445
-214.86624883477427,-80.81181535373716,-147.76400085250137,-58.60341364219324,124.50190124772134,-84.25127722209821,363.21284214359,146.40410622262883,38.480633116083865,114.97379778834032,-81.58967018911565,-100.3893132382932,158.30092211669685,79.39623630071533,49.33790649138751,163.70068287482584,-144.55216858375266,70.21250217256235,220.82900523478943
-293.2035341379946,-86.89118436544862,-153.76819621880912,-59.57325459083084,157.53648405999016,-40.56989636062435,388.1376471657219,97.35436312862042,45.728909328275456,39.22569579612686,-25.15470097129073,-114.83901379088738,184.16339741700352,46.93062146676127,47.18026897849482,67.25082995921426,-176.96768189751336,33.44150415267335,119.50853648250327
-306.13328247542944,-104.95064022583978,-169.57710366935171,-91.16916955803812,152.38522313732406,-66.57445675122123,292.51695302074,-2.567636539933017,-39.90209835820099,-94.54118818490824,4.739382989301664,-191.7853202215417,68.22837960374753,-32.611337308466105,22.68988872781812,7.751292238171515,-225.3853229604743,-28.01228527883012,-10.885281523971086
-252.8570976284368,-167.44334807477517,-213.04750798926355,-107.10353481058743,69.0651060822299,-105.79175715709889,121.63422826570988,-74.23089167518864,-73.08122979173068,-157.67766613196054,0.7502875352881967,-197.41730372118533,-80.52091711095791,-89.21100319015069,-7.5032190691204,31.09187572969302,-242.44823249086207,-38.27505334136124,-20.175133306568053
-212.2259782170185,-246.49059589441453,-238.151410879561,-74.59387227597381,20.66875546435014,-47.37755641184644,91.00121831975127,-19.20390046105276,-8.58230839149894,-66.22242356137195,-48.168246314885145,-127.78821833200465,-135.976718924216,-17.200482504010868,-40.045079381125085,103.52988708130754,-283.26467910661955,26.161820132332924,82.76482584021626
-272.5267490859621,-230.74170737678935,-201.45716643209795,-16.880762134692745,55.48001910835573,44.29282307590805,166.494333848203,114.07696214463138,-0.0803929778781454,79.91076726488258,-71.02908497411322,-100.605353103977,-62.72948084171729,110.8789402662834,-47.06233313617889,125.01187034369975,-291.25708696604266,102.83613996929398,213.01930629913423
-309.2444122876189,-119.04635145688336,-143.9041761625181,3.44218004908716,70.89310110473062,72.65834592825051,190.54536898732684,145.6739656243064,-25.296852174455488,115.06103746648948,-38.71306877253799,-131.70572900084778,26.7647984507894,70.80417562278359,-11.613456265265215,71.88078716399552,-263.25319887523284,88.34070981706654,235.95661641385053
-281.3323730932097,-56.956890855356896,-91.32548944126836,-43.21543678686988,3.8658707482602384,28.528665683773205,146.76826928618627,54.42258416765738,15.523785091371147,28.36391292997209,-1.95615771800434,-154.8154134731104,53.0409758580167,-16.2016462695444,26.08872636585628,-14.306445960846204,-237.39857364605407,-4.058870913347164,118.27804808622687
-231.7385306869644,-95.8120843369018,-32.10725300803058,-76.98334879194067,-24.227236248191705,-1.6423157366639458,96.40721159555252,2.117064821934464,9.072214200609894,-4.766370724236952,5.552643947228329,-130.60030649217325,-6.738108698839835,21.798066321223025,36.77323020467684,-16.162644913973732,-179.18208567879603,-58.66768792251743,47.99852028387875
-161.0131738132685,-150.32515053513546,-6.445803940687734,-34.13269590646358,2.053314736506627,54.32811349232336,99.22416703739292,54.69001294459574,-38.61605313345822,50.68555092619952,-33.080221322827875,-118.60169799001768,-105.39098351979678,88.72040077703214,-27.28913602853727,86.65350856073468,-156.55185157900672,-36.536323582946565,40.743436403302304
-167.1659459770136,-154.04128165032307,-8.566722956899524,-32.69498593101139,-37.36136963857391,95.52129800688692,95.52678034166608,105.22759329774856,-41.2210279288548,46.394395262188205,-48.00979533623494,-169.42103527156348,-148.60871228021148,90.38609652772328,-125.43070547738373,120.0900949531987,-186.43101344569945,-18.539542788631664,13.86040293165346
-224.87758836378924,-132.4885793689788,24.281166357326704,-138.0144258234878,-65.24411332143609,78.90366905235594,96.58717327977128,96.19188756899143,-41.06460603876846,0.9188579235400112,-20.892881251410667,-246.1796310100517,-103.3524233769002,49.40828299290136,-75.7675204519593,96.3113022683793,-190.8735669454212,-6.471305360792755,46.15382678200898
-211.1162511966185,-133.694151932957,33.310697684017974,-157.96437670507802,-83.0035368416079,107.55161974594374,150.45566607146293,128.07089915742318,5.16541699652186,21.1824772117863,-20.51074217847129,-259.3776811093241,0.4181174786539575,77.14055264595468,51.3841008887086,142.18239751217962,-168.07395749664886,39.65199016127553,126.70137798364112
-220.64388523267965,-160.48696175955342,-24.82994096311244,-36.74428069823194,-102.52696841518647,118.54121113544404,179.73085041409243,160.66574392625176,36.53312720446434,81.08228354663737,-34.45802043246059,-207.26526990497703,60.98429080170785,140.52661546752563,36.51241637174988,162.75473891000755,-164.26481949751923,20.48529863117412,145.76615969965306
-258.45294214387104,-216.19726076363756,-55.59008509462644,26.42442811446252,-49.38897294336012,47.89874678356852,137.7535842894166,91.6534213719285,-33.24833194354171,80.23912961555781,-71.8680684939727,-204.7271990606116,30.69842170449845,108.2739466120119,-33.27544383168719,89.02987709243092,-203.83414669979555,-62.85392184572171,57.625353803694864
-196.2241565236126,-258.2711626061629,-78.92969177027182,11.555200152556935,-10.952229356083183,16.48957404349588,96.90500748522828,45.383829259815855,-71.7542802203372,35.06124340554107,-153.11454802770388,-222.83003059463948,-63.85175327635432,36.76307389448971,-47.7074645156149,48.5896196500532,-241.1306732107032,-47.016652293798415,-49.37871294449416
-152.961892445037,-246.2588058578364,-170.32077550975967,-6.602836460328533,-28.632413357738734,6.909754210905166,77.4047188278519,34.32500402591289,-66.17703363592277,6.214923523775303,-190.49639437534853,-202.23575124489932,-150.5842262190854,-19.94448353073885,-57.80989659877212,38.85382439804332,-231.32501318990725,-10.019687491618438,-98.70614641471454
-188.787441212184,-223.28491141015004,-246.32833941116047,-93.6492319535913,-104.663047092061,-64.15567703409796,-16.86525353744976,-68.16458311297423,-92.09651427137406,-81.38098570885836,-145.61322824496114,-217.73010232776272,-150.01883739019695,-103.57450919045588,-82.1600616233661,-48.40719568487985,-203.9318627512347,-81.36435077589329,-125.65404019384628
-182.2973650621894,-194.5538562882086,-231.96847474428924,-169.00810328239285,-151.49959566396691,-134.42895337952766,-63.22388410270376,-156.15978771298987,-122.72104944142474,-165.57747413869478,-102.7773146923486,-237.2321491137594,-105.9238816301431,-159.06683465646788,-111.0318913763986,-137.1022843999632,-184.6299956302236,-117.90954527789664,-126.72873400296136
-159.68639619849498,-164.88312421361994,-160.24502858220143,-109.5012468089422,-103.10710412610676,-127.7657915871562,1.9127468172331408,-146.73418414646903,-101.85743554063362,-171.56634733617952,-110.18529063287522,-195.7267383232596,-44.58436437274426,-110.0345686134649,-101.25735079893892,-173.1923333103556,-163.20099487054927,-58.46370062170859,-129.4907658033132
-156.21482948563096,-149.11836333005897,-63.20418138051991,-41.408743690414056,-106.36078557032998,-46.3675154339672,0.8406900640945537,-142.3108903455149,-29.088210852157747,-191.6425490106542,-118.23168749614756,-158.71312833880876,-6.68778120315603,-39.9181424842196,-70.48061733059528,-191.793077127493,-158.58074586386272,23.40254927280624,-127.56824697126048
-169.8053702051655,-84.17728160240247,-34.135023843826374,-15.11074516254472,-122.25578318050133,38.36647600841045,-38.94515726545264,-113.05857918412752,-7.087788617092979,-127.98968084657557,-86.14885127904967,-150.04197161814338,-112.29201809614092,-25.16243769449681,-69.21781448185767,-163.06016575209512,-177.81501878703796,95.11269550611054,-94.6146457486927
-189.1448493186507,23.57867105062779,-84.83061705120943,22.57811148473763,-99.84415987780112,85.1479535090345,-64.47896680330904,-26.937080818094856,-44.2352288310986,29.31540783623626,-62.3437527570323,-131.04559977445666,-272.8328358814884,8.398990119561155,-61.86625713766348,-122.80712725994826,-169.49020160260875,109.18024672744102,-98.64556932516652
-118.19503369765656,79.02834302605166,-55.06091243808637,-0.8663336037317755,-110.063598236016,74.15245164243211,-86.26024988423619,1.2031935350774572,-53.25569618366318,37.57931074168916,-78.15413604931494,-101.96736513494504,-279.65098095422,46.85244697483376,-48.22592398463389,-133.5394488026196,-122.36374802526508,83.24324124265829,-116.23325236425916
30.235702595604952,111.89376623659724,71.64711254979419,-14.476550300730391,-57.57459375322076,31.979805902680948,-57.451465244839824,-32.727762144825434,-32.39877881426497,-57.854249266836455,-27.27518670646471,-43.017017133904034,-94.41769884889496,9.38422901861577,-45.81563740874326,-166.5456952481001,-39.83038477025908,92.21348729153024,-98.76564270020134
109.82927867725724,173.4789079095361,226.49968987227265,86.7261355718353,56.94314340455258,67.26033497802257,7.174214323407454,-65.7184022846823,-39.59799994360633,-77.65195094210735,112.66391538296648,14.78157954075213,108.57614739470417,-43.15970740284756,-43.293133421660606,-177.17807201399333,63.46469982143942,159.97840283051423,-47.17145901177682
29.458833493241023,171.35807803425794,295.36463571130906,142.83808177504437,110.76584480377883,137.94310008860148,51.41808068741162,-86.19836986926884,-71.96171279372471,-74.54391748811793,143.09600842534743,-3.0169095273981323,103.94789157183008,-57.779263579621386,-71.13771254025855,-147.60754631791792,72.45216561622158,181.2131525656803,-10.74228959658244
-72.7241755159618,95.22444137565353,188.6467359727077,73.53511053431998,69.5916265001396,111.62571873688326,-0.9838391173831088,-109.89713226638402,-50.34320659059151,-104.3734305420746,58.160184765113904,-30.163346204331955,-50.725379153517146,-67.63990063410662,-138.69358035093842,-97.5734916321232,-11.220498820427784,83.38390891461235,-51.347649409113785
-29.677096995499923,19.74740351733158,92.1020307835614,-4.543568657629311,-14.477525674859596,43.12131751968786,-115.55001508137028,-139.49796716272874,-55.02362411525687,-125.46383213536916,54.4176568382147,-35.92171657374121,-118.05239963242003,-56.84478508590279,-172.50135621396504,-78.14465725169092,-37.50798611100812,-0.1378961159795674,-82.76165039453429
49.53456738046809,-30.490787247382222,93.9088995631264,-6.890906591738949,-18.934802478180117,47.82868940210441,-160.9791740749059,-77.09255634639845,-150.99486746673094,-44.10196985434826,74.43573773973426,-62.30062625700123,-78.09691803045101,-7.612249939988899,-130.43115087199283,-76.42335377500288,-12.409669847214555,12.28007528320394,-40.4249361159718
35.59206600096557,23.562953932973343,70.39369376697184,88.75948845636404,53.87553352477266,86.54651535544448,-112.21057474236062,50.12364968836115,-133.9068374341143,99.49192576042918,31.487531805287052,-17.489336835159236,-60.17196781871662,57.24260660189296,-77.17959086157474,-16.083079151090082,0.826156471884506,61.799804509721305,13.194695160222672
-15.385215337309196,138.70998263996657,37.53210142862539,196.31810980598084,62.35349826687925,70.97511149861775,-25.839922044909,68.46232892877623,-43.24909746710161,84.54282259482343,20.616375419335096,106.97929344059374,-80.46395524374734,78.77975474168336,-78.50053664688369,16.051657069833986,74.01886849429616,21.00406820251549,13.966615127949328
78.74655904786088,157.781986559481,103.04523776265351,205.53064084896133,-18.748854074088857,-5.665949243609218,-46.66030919820506,-42.29216202452365,-96.87671000161686,-72.37289373840521,48.53785870323263,186.00029573699211,-90.85117760109898,-16.19092407229039,-128.49026224260692,-102.11498576703966,199.61180387640167,-122.43620567010583,-59.98868304977672
263.21076342661826,145.97851761148308,215.2859677300704,168.15688428059735,-57.22970836480721,-69.9786693324711,-182.2782313608184,-163.81132404444642,-143.35764684311536,-160.37137849683631,92.50498553969616,202.3801908306923,-66.06030690481617,-80.44277496976562,-163.7948753832428,-221.801489558173,231.98397808489128,-174.16590670295966,-155.30948888048007
254.10648715191888,221.9671005275172,253.87418319637436,202.43530540091547,-9.537297532429358,-59.00442548859128,-196.5940365560881,-165.03742811793458,-79.08413871909801,-128.19672560534175,155.2172070753845,180.3309272734525,25.436885798312304,-10.835356683089826,-146.73304993793786,-196.2524950925431,206.14498869697508,-122.15614951949368,-181.36831769646716
213.53394453672135,338.1148786188784,263.42404628000713,252.21778433144783,0.067977879400331,-60.468693996890046,-148.62591041915874,-106.67933543544422,-35.19607079252102,-73.21235543204244,180.11756808224376,143.1073838802945,76.1302577259174,-19.45889410759769,-131.18375882462226,-106.2251724055917,212.81602712541127,-126.2421537425604,-149.66464717055277
285.9609625963227,374.1771018805889,239.7984090178059,177.2149567188621,-81.13441828741375,-142.21252305798342,-198.10492635940992,-120.58785924532592,-27.90223070871913,-66.63853554655499,147.55551023118008,108.03827593647922,4.505871926827195,-97.43281011114496,-134.54910770702134,-70.9591738630024,188.23118878767477,-190.97328358528355,-146.74712885634148
245.73722102738463,286.39991376455254,167.1508839980112,52.360389245343534,-157.34387886051292,-182.986674221346,-186.58546924734324,-86.75407658252043,-53.53760744976463,-51.52216253404679,120.56966893968594,67.76923486141567,-40.29583481663289,-85.27353916711171,-93.85986648992764,-68.50752244479347,200.62272527963407,-177.88444073168043,-97.06813625159376
175.6504432274666,201.95608855745883,156.1245291094043,6.215844801706849,-114.65638903744032,-102.66574646034223,-87.44534173091195,39.519825915990616,-72.44079745156745,34.289096178291175,122.99423956953756,93.73689788944424,-14.337025144606704,-53.22557011035969,-34.03137977974124,-29.010896510923068,265.64210260806,-59.94173417282419,46.19415766313191
173.60718116012,191.89625875758784,160.86184494909375,2.494655319920969,-16.064701712162876,-14.766652642889412,-52.8722059967637,72.81753103071688,-18.845231869413933,64.70073032835641,89.52028569035254,181.2964507313884,8.161693006640753,-39.02121371433852,-29.596638148522448,-30.94368770535916,263.0529127997904,3.52520571668647,84.98908439815077
154.54266721637975,191.90466943019177,137.5175383437266,41.08378308725999,3.2897481713294194,9.334340489805571,-64.9943389436758,-10.18672110477485,45.26717863650259,-24.647835175708654,7.359454835411904,243.75473184350463,0.3793271134946612,-10.210064120898195,-46.873991715506335,-99.10898025362866,245.35405990924707,16.534687959788982,3.3552471042052776
232.89562915838883,175.3426398098632,145.04247093712758,137.7878556944369,9.8593447162671,58.091663245130064,-3.940455826270015,-44.5340232687583,105.75749724809648,-28.71892132189215,-80.75056365092668,310.53097771856466,3.3627427670733363,33.33443208649597,-23.08129493198636,-103.920485325948,233.52533190339972,94.0041905977289,-13.435316139974118
400.3800854830304,125.14040209028153,147.18517500054057,174.52957895765002,31.11429291489959,96.86976637096411,86.2268215210663,-26.163022975385186,125.94753110879287,-16.71686780798358,-108.12489842432788,346.9042879848573,101.14346272740052,49.53628416823344,33.46500654876222,-51.897512329011015,225.06959738498915,110.13231168046316,21.10689921166027
389.92484659753273,46.52803225698533,102.12487787860184,91.2970119467679,24.22602799352388,31.425435452401228,87.00090710226439,-91.106648013871,19.561537421882445,-154.07380504438308,-56.620093824048936,253.77108826758416,188.27499222986705,14.916633565135324,80.63317114594346,-67.77567828832127,224.6955540336345,19.04799172253422,18.381106515803527
220.67007081757595,-1.847953800873249,40.677751295958736,-22.257476153348566,29.658960722838955,-46.56232355220878,36.237133900766,-157.79466626620405,-44.60354703099743,-195.71524587270164,9.40089878109113,127.14171348672969,173.9985126403672,30.152048701542764,99.8695222084859,-111.8402912001924,153.42169649160567,-31.72651862575797,-21.56984878562928
144.41604045194168,26.380465543262837,32.261036582990336,-84.99763953088731,45.62448711311918,-39.98624128741716,19.49240582625985,-93.263382231704,41.266773105326266,-73.59791742825072,65.45155240513584,82.38027530369531,157.7735309813694,107.87198699361896,95.55725124576794,-65.43973428029848,76.7262552855861,-52.375037986557935,-73.99102852361916
73.91776992584887,102.0082471775082,83.26021549563849,-64.45371222140069,117.88515663497932,2.346887813751915,66.9469208144525,3.6801262067613543,81.96936918621454,31.91255913267771,45.07776760789184,58.759990868883605,142.94359918301942,139.0092509210281,62.812508642394846,6.401120871814718,59.56869322433394,-78.04354558366714,-107.12285096807332
-29.10163196065573,126.02025869709917,134.89971619518494,14.57635537492285,165.8545511819953,-3.1254519993945187,79.6199954617225,43.39350349229546,24.382811618607093,58.35467868660636,-7.83402744165557,32.84721914415231,104.64289702084612,105.32426402088817,22.08133823109124,27.134490572530613,85.53354531712131,-80.71346883237386,-87.25646271565725
20.69907370739124,101.18836290340826,134.67103326013486,53.92145344103968,66.97491249056891,-32.59951443606381,36.36575474071199,52.49850889458159,-24.54081750955507,28.776036379215977,34.78745817213856,50.899582365066266,92.8275170101801,65.32446701416924,6.022495849200005,27.15199148540548,139.0484222729905,-63.38781272827272,3.139042427396898
71.41777429583861,141.4927654161664,78.81631913518227,26.033862345503582,-5.341653485822279,-48.88426302666568,76.5044357366426,35.414438594241304,-24.92175958924029,24.80904212932148,102.58899803786188,91.32390717413624,106.24104886235308,50.783325131499794,-6.755759963152881,-4.315241451681847,150.54683819606413,-35.37326305442993,94.07785419288498
3.603343425115908,211.67511502828572,28.5959317032952,-18.944093506199877,-36.91580837465264,-67.87008020646212,104.34270629045253,26.482418458081792,36.50916762531157,45.51692817111755,164.31365095411047,103.32711350425448,103.00275942839346,24.31095547879636,-15.578053289049691,-34.200165981207846,133.57498521431324,-32.99317379909489,111.31010662057676
-33.333293803627406,189.9984897961712,40.34230359910894,-73.47115011533953,-114.94094426468764,-86.77255429478345,29.654483459229496,43.98332059940105,101.83565701302624,37.75828456190606,222.60654215037627,50.87630911813221,81.3013746651164,-21.302436977125904,18.763507627464115,-12.453684392694909,121.37031124592498,-60.25796794070765,67.11611373741137
28.253339388676466,141.48289107022455,113.5048949858702,-105.81597924298498,-118.24928871004704,-99.92547113863472,-32.77360683884297,21.65763470334578,91.07222986536593,20.05322903684998,226.43670469528948,-18.30425369996403,101.80509515791417,-28.34787980601409,50.97519596674936,19.875354613112403,118.47329527764136,-63.20039228820073,11.693082852882922
112.12880517607512,161.63861645533166,154.61105673053865,-52.52863733537347,-47.670284215208206,-72.54488313723061,-37.90423599797071,53.74224087283202,24.580396755262303,99.92282698634708,208.1764325231224,-30.97986363820719,114.9653540066598,-4.675001198801842,0.3460385720788388,37.898145466832766,108.82082660064926,-23.993363907882067,8.934314780203227
76.08205915985029,174.7899031633368,104.548014028197,31.64682932156004,3.313654275011144,-41.744205162193175,-27.91749252933359,161.36573716216512,-15.950469083438144,217.04205853897489,170.41714961780085,-18.74742944942934,11.25019436644281,-20.93143635539288,-88.862226341526,61.11848144368344,67.31478234358602,-17.428263979780564,-0.8949149018823028
3.273376474838392,121.65732329445608,32.652304738309084,25.46468373302181,-42.579865408574925,-85.9869599230506,-64.30813968086917,141.45361805246156,22.11383959968561,166.5390485891244,138.18504825070977,-35.385235849201656,-58.12210868693257,-72.32734526111854,-68.42651292299419,80.30293828595843,65.7299338169692,-62.31903123182821,-67.31308011973425
23.590674579837817,89.03821920199104,43.49738305851798,2.8683457791970155,-86.56695576856461,-106.40781117224292,-0.0319779803870046,85.20005286147935,86.72281279880917,95.7376834496556,157.5417226215735,-58.284952266574926,43.619893348683455,-68.31566884090824,70.89916424495016,110.93477714841164,95.53142376838775,-52.21463990660085,-58.31598195514039
37.41839908127267,138.05002078917016,127.11683571393206,85.59413323626116,17.563284145068042,-27.92588715768062,161.78198089982823,105.66963797791736,102.94371434675438,101.2825031708262,155.0181021046462,-22.818164576705858,123.853154504773,-18.28526722599865,115.51620302424178,172.5290413877268,121.7434435094633,26.35938769658204,14.748662254663108
51.34369409474528,213.07813778229675,148.50035212342073,132.92977749946888,50.72525712600784,29.803077739629224,112.10552222329432,56.99540295229125,67.88777832309712,33.758280897164994,138.81345384299476,37.162173828802246,89.07092548093708,6.225229290291181,18.896306969247245,164.0957306580363,168.95215880362522,35.89295536692729,21.463378069965355
129.2343387023183,197.23864235494787,121.1701499713015,69.55956963263098,-50.44822710596739,-3.548234209787809,-9.235979327778866,-33.99310333293712,2.083382853555425,-38.62095337368319,149.80061946924394,46.76704593694716,44.66780741334357,-12.413188157721804,-19.919340022921308,93.15932096303108,195.8403896560625,-83.82178028948128,-18.3313805164549
127.50844206474156,41.51597364390166,96.5380489566854,6.855941761987207,-121.64950919596028,-103.76290170030867,-23.86297351690789,-98.73996217883912,-34.92490350684983,-86.63374518101189,110.25096192961102,-4.674987307165411,-19.84120171808219,-99.5296768219169,20.080776577280563,72.84164185992917,143.0446320981972,-215.3274069763425,-57.7558362940806
-47.71713800896031,-112.16319092241636,-20.35771054396211,-82.36364931393649,-185.0018900441848,-228.3736810077296,-32.39956309109555,-140.5852079446799,50.23957497801754,-98.60451964081106,37.58151552891474,-105.78162919189616,-86.7433572295088,-182.80477041596848,83.37153536144625,80.61035921393511,-26.76843890485675,-247.84926492775085,-65.19927578723814
-194.44458008746008,-158.48754004133366,-182.97552438516163,-191.820038997203,-197.67010100725045,-269.9321199582922,36.7884966534554,-84.40993019261114,162.76083441396872,-2.666191430248977,-33.97484333405722,-164.74731154951456,-107.80935344996377,-183.26702701190243,123.1873972423476,112.3941769209031,-165.37385121015333,-204.0056214050888,-35.20727588404125
-131.25624780373087,-155.59514658910666,-238.10163924791937,-196.3438700286441,-162.6948056310146,-207.18664844056852,90.47982582865907,32.0097082768229,127.0611916787728,93.72000376919512,-119.77110642979744,-129.02328937246938,-132.94526011587678,-138.81193253348457,32.32809030221476,157.2462935466012,-129.37230529230197,-133.16024750063454,3.1777952875088324
-9.841031933866448,-155.90048801808848,-203.64116422516565,-116.30006848327324,-153.79863720471852,-126.9793163063546,55.02895369793887,117.70913503999375,78.88015486296372,154.58651119933904,-191.87736281555067,-72.30985322066864,-162.69756324316415,-89.82434363509473,-41.139723288890615,180.0075557864223,-84.88246975511319,-46.62224819576223,46.76176427682567
3.400766389813756,-165.83556312835003,-194.50285178538655,-46.78036843895986,-140.79690014519446,-59.32397244232608,68.36229641641467,158.75286239239264,110.11437644684808,168.63297705010308,-197.63963658232333,-45.82380966734856,-129.39868149024733,-60.300679272889646,31.840887794653398,186.5399740247024,-90.2753970574748,2.307384526533718,64.99424432518549
-5.72683363175356,-142.73438498163617,-180.8896665783568,-8.064187545167162,-102.41811961330065,-22.50645059134761,108.63857014448254,137.70216419362694,92.0167905773058,108.11191844871053,-70.34476400469588,-3.0526507813902994,18.2055973648638,-32.53184457960376,93.26208259916864,152.1002478028562,-13.838750147982362,-3.1388179382932297,100.7766388612559
42.63373903249546,-82.46040017004826,-78.81202005398224,-0.2724616678510622,-19.837439919821307,-21.52886714857381,140.94848364819978,107.41946460132915,87.90660861644254,84.12557440817558,77.07452272145105,85.28744941416419,137.5565414923222,-38.428850218732485,84.96302862454431,122.0704171667802,67.94387076951128,-4.877480104082362,159.75704064892994
62.588891602458645,-66.97336965191523,-38.0866008164873,-56.25507929241984,-9.461963007756625,-42.27542307649222,134.03909126749264,100.31296761063209,151.14306540251636,69.34406532291108,57.01765829002849,88.07764992576496,36.53073026666805,-75.79041390162283,80.82137189792319,113.15202880656466,-4.88662705946342,-19.153257591021223,95.02447452472973
-29.578638351918613,-109.61065040284774,-159.58429332499247,-145.2162509707352,-101.4767083907773,-82.5106624198601,102.1825103597496,77.56411228782274,181.51841895379457,35.22548225806026,-93.02564063679978,-34.2156688490336,-154.08578029181,-51.71816702901709,95.29818651697796,105.45191481839022,-174.4434923419937,-59.99970218869252,-24.666438411966613
-152.9385782219955,-154.63009656925678,-250.1100507989369,-138.84055303171203,-117.62881274289512,-71.29653094428056,99.45667940562409,94.68507276807496,128.94603754962208,104.18157878474544,-166.23138267979593,-111.5351166779502,-200.07967004521677,15.918938212711089,78.35483372568169,134.5876577908938,-227.6228807392486,-88.88342213500306,-22.05713439181046
-165.08674920077087,-200.4723856722281,-245.68134655272772,-81.34613539925614,-133.04595601070952,-42.03031494722576,59.002977561399135,102.92521521880708,72.5845190384967,132.08840372316473,-98.927181215196,-92.32097292042256,-119.06636411712492,24.793117783843872,48.6453575221711,101.92458202938305,-164.60954924126582,-144.34803829580954,-11.934441451135031
-122.15306896640678,-260.9159498136321,-270.46731605898583,-123.45810961440291,-197.12380337212696,-112.69252310769892,26.539151122328523,-16.44945791601257,115.41107244317284,0.5280000444908196,-64.13269021206033,-78.74964123823543,-70.15092942509456,-83.72738795995657,65.74111715681106,-14.13640501921289,-187.0957709723938,-236.5636586073388,-112.7331029305778
-146.98587628072664,-276.5026960296393,-259.9162167054959,-170.23869579260696,-175.55421197866522,-165.51210783065827,35.93601935946397,-87.767949746942,172.94544770791748,-35.7986637533447,-94.33980583402048,-100.56362071855956,-72.1564249121097,-144.3632356560674,36.80009619834141,-21.525499862989182,-229.0413923062301,-227.85778630520636,-161.06849552632949
-150.43650370589955,-168.54368659146476,-114.74641555877028,-106.65979457254404,-135.9797007452561,-75.8373568894323,23.3618477223799,-26.091019802679792,110.26542753295054,14.43775792159808,-91.69951942155188,-121.31084954106218,-95.41489185682912,-70.49776766688474,-35.13121441269069,63.301633433018985,-114.2408049207948,-89.0237180434316,-91.08253027620016
-69.46700347274313,13.550630995807746,26.527922403981712,-3.091847650221557,-140.0392766876489,26.094568283840758,-19.88608718059647,-51.706715322326986,-69.68417026281357,-83.83815482877641,-42.12794962306205,-118.14994749438316,-167.65723440927917,-50.15002295277145,-22.642449371351766,31.452107866748587,71.97928159568835,13.161108276602391,-62.11532109679149
4.984542411718488,107.6244109898704,81.9962997517157,93.0493168682203,-176.5826777073854,22.044472640145084,-106.82989079256596,-159.36776000382994,-167.151291881572,-213.71025549858624,41.331243802850565,-55.20651071721137,-176.96887927004047,-50.19817246347968,-13.119616237540033,-95.53446886851472,166.41002011340194,1.064305443852797,-87.52616685260415
70.24673313283921,81.15044998531076,102.1534647822692,154.37756967110306,-180.2867633152026,-13.353837144605766,-115.43122476153708,-185.5965660090048,-85.60575981875628,-184.2962347777045,65.90631049149556,36.244961762659806,-86.20686295849559,12.076554498836234,-65.14459493888266,-132.51161510386945,114.96739342561814,-63.63473495548415,-95.19885999922803
111.57601460802675,32.67871728188647,81.42928980837846,132.07277647271633,-77.44826590906949,-10.750470992810078,-29.37688173788045,-123.0368544819817,-39.288499353965975,-58.91117418122256,21.528994210889245,49.37611309888062,-48.65496452633308,0.6648641605920678,-86.42807798235859,-57.7152868196861,19.331756473533183,-57.66678310382726,-49.14653184655977
40.907506947012365,5.1120874435865,33.8366597190824,69.60369278829675,-26.373108030887245,23.71085485800127,31.4053019924498,-6.530679369989239,-43.23322034422369,32.77118371194629,27.743668234015367,-15.033327898361534,-32.50121182726026,-64.44214228116445,-73.59150872890152,33.4793860653692,-4.5198713136449165,60.99748827428875,72.85409516336678
-66.9754369677007,38.18450778501806,-6.809058520064696,61.58400789002433,-51.7045657869924,85.02205351001601,125.46802346488715,89.62530653439458,25.56523957511054,90.95627266667115,49.542623045072034,-36.24819571346331,2.7152054338678147,-56.945449341252505,-53.857978349987086,70.77474679884466,21.46770628596926,152.3283765081978,122.41050404366344
-82.97963820596736,110.21829253606415,1.951330994751951,102.02923158657134,-47.2252104496537,107.33872001324336,180.16936597403657,104.70625316871636,90.6993581585804,130.72117764528386,6.808069991494226,19.31475929279582,-60.964946449585945,-56.77934527559817,-24.7164000536209,29.80118151721362,48.75850235755723,136.4904593986568,28.12224140634769
-26.5272740797949,96.1719836957843,30.905209966920225,98.54167496729002,-52.88775541148743,54.77999191739197,156.62433701408875,86.1856007560352,81.97244765959945,99.98180753931288,-33.25798442143384,41.84704162504869,-131.19512826419708,-110.58753381751124,8.178566193618952,-24.96331535598252,39.76699297496063,67.0075806398148,-51.852885133683785
2.9420638962809456,28.441726788668955,29.134076158702914,49.38526692333525,-34.51931388131876,-28.56658944502689,166.8625298284689,44.18568059687838,7.633980383175703,20.23753620453252,-6.066136348878833,-1.2272560009556597,-112.33919443681404,-104.801372385904,11.403238132886424,-34.87626443630719,-1.8411795505531037,18.37513227582187,-46.29716964961296
-48.93242547498698,-4.598221446620811,13.350198867595394,23.927009102505423,5.99623503087776,-70.66062549019401,147.11309920311467,-7.525215661705413,-32.974597311502464,-26.739867838854657,5.8084355812969095,-37.441756118947865,-103.94554693360446,-50.74619877846335,-10.8709582158838,-4.128158694758831,-49.620423269617625,47.8055390252919,14.12124938229483
-67.31937757027882,-70.77437800066035,-48.547256686569845,6.178011545785695,5.926962990269649,2.34439564457319,116.57032786926716,31.97886087429808,21.54202802314092,24.96108464256336,-89.34612246910805,-47.944247145775705,-81.28406054779501,-9.244125377263297,-1.6074335267408206,84.83358706311385,-90.11844230776182,130.85780601602818,94.90063742289296
6.700210941879495,-147.84933942008766,-90.59783665709134,-15.211948686897232,9.419045411759228,102.0544050677688,90.72642458043256,148.93132213526357,60.00985750063614,147.24513104775636,-181.969763055288,-70.54911502456154,-8.99561971721283,12.97640054036014,-0.9296401989421804,179.70175574684853,-98.77358115387854,200.11680908764768,133.4834702053834
-6.732013646873258,-113.33477407453935,-52.81568404662177,-24.75381257315982,35.17806209650234,106.03588199427487,15.851621251339784,196.1544625635265,35.49349330714844,192.72676615156857,-149.2020844986192,-101.13326390337542,12.99502154145517,31.71862564351818,-0.041306806562554,165.32386870560904,-97.3226259985307,217.98078507238472,127.97763139149995
-80.10288769282346,5.359246817163993,-6.663051736250322,-50.55430865972284,38.20136973967967,79.67395022744734,-40.77746602280196,126.94483827478528,37.71631141648351,110.96598903411594,-44.192456636256864,-68.47569167353834,-36.78954181521057,68.13866781059566,65.2269071962468,75.85271047294668,-64.26202966452956,164.75996574595345,76.90623896642005
-36.361478270324085,50.88540002590943,-1.217928858400304,-75.71730557299456,5.076459347712831,59.28751757779968,-125.93142744220552,10.3279806665499,54.07154327410643,0.2701275466280028,17.194601338455662,-17.120682802303104,-59.34757359475979,44.344700260487066,62.35896377884509,37.79104025939559,-9.420375971612604,51.18605432062754,-12.377258106178951
14.492121673232283,-55.931125423219946,-70.93292638753121,-113.10655283088708,-43.71099526648892,17.165926994717644,-205.2219620774508,-63.63595984562205,13.206289820345892,-31.908937754372843,-38.28728933704163,-33.58913086267096,-53.6198441618059,-21.33237246058266,-23.96510597547909,72.34765624156253,-29.93429580502708,-32.31277262726104,12.604055200573464
-37.37770365198107,-164.0779955623605,-159.67535046136035,-176.23538417012657,-99.11834696578806,10.78413902746578,-172.4852558354796,-26.92098030064529,34.965905463214085,31.280460178257268,-134.2578942060528,-76.86763408303037,-105.03002474217745,-26.017553616738912,-16.00377579659199,137.04067472980887,-113.82967485433768,14.417192906553527,122.1839637985158
-112.81175131838464,-158.19217484645048,-196.18122156606896,-137.12323417369453,-105.37942551145984,75.78271998365288,-124.3470167008012,51.37696340551573,132.47877997985444,100.1910069158107,-173.79241509831166,-112.3080180624996,-133.73998681511637,19.03093463991124,51.901376519001886,192.59344336656656,-166.37192971419523,148.96120957739612,120.31500536209464
-105.95823455041524,-90.56508093479698,-123.28856478454765,27.023025924972806,-14.103950807418084,210.10241244948253,-99.62836289450875,84.38948424903802,92.06554103464482,94.6253712611557,-145.28574676975146,-84.98620263646706,-41.61250644232933,92.38535259529272,78.37873288555011,175.49075686568892,-74.10162092284259,248.54819484105363,84.84080676716808
20.410700372144078,15.37778725313365,57.56830648014539,140.34965762851112,91.75648215177064,314.7909739467972,-117.78556895891369,61.64928093909775,-31.51539163287237,-4.69795865889645,-42.4344458632647,22.08321482539761,64.43122332644299,142.40577961798598,79.10081956145717,85.3417853251885,100.21973306543114,261.74687413913813,82.43761312201413
173.3391268202724,57.29598005915227,161.9357053687309,137.0108845761663,171.21922024603182,276.76477157998625,-168.19220435934835,-5.293053902198136,-58.49689535668072,-72.68525749897388,34.97930379177309,110.935046114755,98.82308841243642,138.05014621815278,64.68175224098671,16.92515205518759,128.3436062375196,192.5375641946556,27.1757749167576
237.8292331032657,-8.376137461016954,114.65076525826996,92.87432754098604,250.36999617193732,191.10526168573983,-163.26558509098004,-35.54778587535833,-53.8482228617343,-29.54931120611653,10.24479048856417,116.00887146529487,130.6059633473864,97.3868477661647,54.03757698585984,19.30604851892524,39.32613168851133,90.09599849488144,-24.265191049987607
132.10668877163891,-53.52193023812284,3.837006781007909,37.45138539158852,247.39664532515624,104.310184810871,-207.45226139243744,-49.01624816301178,-107.54351255942012,-47.95409766290034,-57.5743247228827,21.85076858073863,103.44801715358052,21.504186682392103,22.63415556190412,25.95086623282491,-22.00576140636368,3.4784570671238737,-50.4648464645572
-45.37114678158719,-74.0087317005933,-93.46557137230144,5.032291269340328,140.33940240266483,3.765520064587948,-303.7834911261068,-94.50941114965438,-128.64367141941247,-126.21372893621646,-121.14903788657236,-60.90862979186602,-36.13689072139513,-34.59121173333042,-39.37873643453268,7.801564177005577,-57.19143473555599,-45.04826508019273,-86.8293798225727
-79.55744030081509,-79.32346774431991,-143.76624619117177,10.604010136165387,44.665147235012846,-37.34717890977551,-282.1505509482268,-99.48425808067104,-63.92026094557099,-100.612087061518,-112.94731263650652,-31.42163711272129,-93.32402355687088,-61.4969333340327,-1.6692751272335378,-10.049745801159734,-58.8930985541956,-43.57618946451749,-70.60803574508759
-43.75672521168625,-67.3935490236196,-160.86250350937206,-33.9341145758055,-10.7428293722001,-63.54139676676038,-195.20819722402732,-67.10666120517169,-45.654656994154486,-65.76985582803384,-52.77208067371324,-15.11568982331251,-39.0250849062824,-88.51803966245274,119.79114169069123,-65.84902701092703,-48.63388161741204,-67.91097134544552,-26.225237912434928
-52.7803877509304,-87.51736472776966,-168.18354495652304,-103.05938606103732,-79.3178602997998,-110.0287205259836,-160.2916647448353,-44.571287255765554,-64.61018443647092,-81.82676372697237,-66.93475559026038,-57.16870970724381,-16.27404668881071,-93.04829946545718,139.6009097186715,-104.44277594060186,-56.8345277648578,-140.14925474238197,-26.19438859061424
-1.3843308631122553,-48.58538180839521,-184.71557959099232,-90.5479758429888,-135.32154905496617,-141.4458570559401,-156.35201704759697,-35.46010665133961,-8.658704648008822,-20.78654981826601,-122.1921428658871,-29.32443993156966,-23.98645776828794,-117.51435378059053,63.84694702316442,-76.82407864760555,-26.61500413901634,-156.71509768645802,-45.284581606909136
74.7240798644836,69.7257736160592,-143.4286142755574,-59.93212829566474,-133.40123383366722,-180.5336309220952,-120.56358867008028,-15.199352229173106,77.8988769995768,66.44889529119646,-125.3054900423079,30.28486067701562,-36.30521100662545,-165.1641163806318,16.10763178485379,-51.1292448988298,26.853233942321168,-115.14328138488484,-70.33332823697026
74.11155835959094,166.96429340347763,-48.53868585930015,-48.75589342761716,-124.03783727884536,-188.11027032358297,-61.107458320821465,27.46671396402156,103.22230606537562,85.64680834434022,-118.08158656955143,16.881504747837532,-64.78645102187133,-101.50874443260884,25.970143018383016,4.396975969093393,54.90055322031984,-107.0524248062012,-80.9797562473977
97.8383319460637,190.5567002673539,-13.667117023935416,-23.43173197911285,-135.2032330758795,-163.28787122907883,-74.44868201610679,49.37535715074693,6.089979725042854,96.14935116464078,-112.61774895417616,-2.638501717313335,-63.539534722694576,36.04263383625878,38.62653294419892,51.17625925453538,92.94069446716728,-123.12465537728744,-14.36930337309686
113.0025336765514,147.21641864416105,-5.487604844706496,-37.41334915795903,-133.69657453351184,-169.48974161948894,-112.63471785372232,69.97137900618844,-52.57810151531247,115.40659621550662,-51.0700323591364,24.48869380813601,-4.1482659188485504,75.85040931645239,44.83781049061849,20.14502444935456,135.33132419137874,-91.32587058689722,73.16902810661863
27.22330939815152,110.572330373777,13.186659106973863,-44.55988152944605,-103.22324954915442,-120.68398493328375,-20.581820460526338,112.52953412193352,91.68015032247352,129.11444056080805,-5.756651258491543,87.92019785942018,33.65619626765295,40.85115021683964,92.67676631421564,-14.01271007406624,115.06938714434376,-6.66669892903227,84.7333586596327
-12.54605792885866,48.08746950934503,33.10639329009005,-0.5832033528869508,-14.431343691785475,2.433947647273828,85.76366714149336,108.09089924266998,172.7118542504067,102.08732709950252,-24.279212184015208,130.29036965964568,69.30609981262336,40.84386587188271,86.56792385932229,-68.67732106848423,40.440641030610166,98.48120643437736,50.37577352052874
-6.932997318096766,-44.37986206758388,70.95898031371144,47.31215652199848,102.13092531853214,92.07048954963793,50.39004436414221,69.5172433583414,15.887111247198057,-0.2944497081563698,-34.88207836623558,74.76632156189805,122.0866697488804,100.0487990750832,-9.36659168291461,-112.21149724895496,-0.9709194864895644,154.66871292291668,32.498858819641306
-40.62976295737744,-77.05841835389182,51.647948892380825,111.68999339242556,151.63356346145227,127.7169150898561,-30.542347514048632,34.55891777697917,-135.8280792524032,-89.06333124671187,-57.60533006064429,26.77536705160089,94.80545869624974,149.540104790983,-59.98670019371491,-69.84456978033148,17.885637192954313,142.20272382024277,47.62182164974922
8.418002876999344,3.7840024227546873,-4.896040683762918,149.37511784335234,120.3583269186123,88.62872222495947,-86.27357848068013,-2.1507914866427544,-131.44890232520754,-47.57947798100879,-35.94030436114212,77.99565591497363,64.58729916288988,114.69689980866244,-70.22719480530728,-32.33952044237503,101.70314095139878,131.52923491003315,54.55378197615984
200.1979249895438,149.40042275890994,23.625891817699845,143.436324946604,107.31658838386822,14.797897034421345,-115.16880657706945,22.848518036757685,-82.6081061628434,82.12441983414111,70.89679620179587,151.47795471991398,105.78692662053268,20.11928911900135,-71.59799305459747,-22.086612627303857,213.29235910120147,88.08038176535203,2.3405796983284897
337.2982507641303,91.55724765763492,64.72554817505758,112.26335318744748,152.26235296079986,-8.460885908534475,-148.48454088441673,70.70034161790153,-87.54703875242738,110.77808520268586,63.91292860137246,157.06875786966833,111.0647529283389,-10.295065854391614,-66.7072791296002,5.010837192632585,172.19403020464213,-4.532143904449836,-60.863884504429954
234.5231322724701,-109.77607185158624,7.769731483564148,62.35993878745968,135.4602016965013,12.7302165941355,-221.3999712728279,67.16059831430584,-110.488764654453,52.39903202845365,-54.36546937811275,97.45765914674476,4.2155140240457545,81.9515235478247,-93.57524158857,45.96784071634071,31.16096977908184,-44.62077714300043,-54.94418139150663
117.5211512303245,-152.06972518898883,-55.302160698225165,59.10331352507416,55.50022463407025,46.7902052735038,-257.4662238826021,54.87941374473856,-143.6963313744052,48.41020121567698,-63.78204733465715,79.67980071317851,-100.53547945007568,150.62426648815594,-71.88613819691804,51.69649636781762,31.8660341948344,-49.09107914692613,-15.003843473324975
180.90655723916709,-123.55543727003206,-12.746982427499184,55.94532533539978,27.339211605508257,40.954101639450656,-210.90865769833516,26.002679165608864,-173.0890557265115,23.07359864092849,1.1196593268516657,84.96731332932647,-8.445488214942271,97.20507710595056,1.8257771473374944,-7.163044842137936,113.71955635542577,-68.09581585147797,-13.609324861820085
240.13331108606496,-84.83535439343977,73.65684658017254,43.12425415510342,42.27621255663228,21.942193518250555,-119.14813793199048,-19.4460022421002,-118.156982008721,-43.3708198387268,-4.6824681789488745,67.52014538775833,134.7560842986367,0.4364218553880535,8.903577755855578,-47.76317051282663,131.1460060197189,-50.17020082616574,-40.00996383883601
217.15389026633764,13.901957565608566,89.50540810903406,62.89765274639823,74.42627932222956,25.496676990212435,-76.20803527044237,-72.3454670192564,-78.01364710422271,-111.28382297440098,-12.080013599112425,87.58635338098114,86.87849889175752,-57.69064770951512,-47.47513128426402,-80.11944693551614,104.51947896082343,-42.80394453052228,-91.22775100306276
193.57838894515487,84.87763211692273,88.69270816048919,48.89110105310117,106.7807475378444,-2.818712718204862,-117.80258893244864,-156.9304891339089,-144.8553605590726,-191.50929094366003,40.03404880527709,89.42640318613938,8.533009930665754,-56.99895364977197,-96.190452126203,-135.88424883494014,108.7482427435466,-80.14689450853604,-149.8366772699154
203.66473411721876,138.9620991092788,158.8698009541561,59.40794082637443,135.7395081528799,14.456216790869298,-95.26756254920308,-157.64605833382737,-142.47189174585392,-145.33340161660522,80.140397011327,77.98464579751942,40.89338067574512,-6.585774833337843,-67.53160085344287,-96.95649090828763,140.2257801757906,-2.7089154177708035,-101.98049189450526
171.22303404358416,215.8216737163661,176.15130244955077,106.904903938663,173.919420440837,116.2113971938173,51.00034673081293,-33.89947193805468,-7.110110567558249,2.147799725967682,76.40969218017105,95.7081503889624,101.05361401539186,53.17615200915705,54.147375000062056,18.40333780274434,123.54338685620974,157.08730412968615,21.776482122632533
61.20639810250444,189.18581989989136,59.66476481568972,77.74393484603947,175.65904108795445,143.70169446162305,148.26698483719994,19.060248538402824,90.14221247780044,28.194127204923788,7.103299179653106,64.86310157768958,141.04940856725634,36.71003679349179,143.74256441981058,24.75204185857803,43.36553033780625,181.49173126448483,22.831070271866427
-17.095266370751986,33.36909825791389,-64.66324396425772,43.0696218697917,135.4072162914844,82.68972407958579,70.62549266727102,-29.860916583555216,68.06463434479537,-41.7552675890494,-69.41434852659425,21.076422381530044,77.3707754235015,-10.733985767185825,84.37525235555213,-74.92998115045596,-63.21001253235488,131.98041962875175,-79.16765981334912
-16.814321064597795,-32.547797947814615,-79.21385844803442,91.0465900381817,84.5702567236831,84.01963242571915,-28.928651998620907,-36.5045565894973,14.81439638009886,-41.62735541422074,-53.41094534604159,32.09316671690293,6.011091205121913,4.152155308020405,-5.628864005765816,-100.47978361108323,-64.55596695386005,189.8804018277185,-54.08590347145804
51.49907210791747,75.65817922749454,38.617482755081184,171.43148098730396,78.65454942445824,140.3068057805078,28.29228066849195,30.92973875157808,27.196471850031305,46.06754504264433,9.55810435843224,72.7124755808519,125.96317356985526,32.06010900468996,46.0629299241951,-12.642640121927144,65.41739363476461,289.4229085901084,110.9589688107065
83.7864665520035,179.89834878248124,166.55140027064647,225.57646060481727,132.10127644084878,153.53938961217366,95.89195348981907,116.85504133718446,21.573566370864693,98.050492717333,68.01031437661625,84.4878067463502,213.04460413633436,50.36112994808133,115.3168864700389,55.26603112228602,129.60945032138454,270.6978993590216,188.13868048735853
27.094250398997573,164.3449096931664,187.9186767353232,219.13609782827143,157.6448594903595,150.62363068966596,9.2237270862406,128.03658395764174,-59.88075026548498,85.16129288779855,80.73487085830082,49.72874696169993,98.83395490685076,36.576580815317264,52.24417721610096,36.40652066528117,99.5252181268305,203.70203172283203,133.74272433379576
-22.375163950668277,138.9174475508008,148.5441055230031,136.48474127610731,145.7265855257762,143.28320658832044,-104.36007270448034,102.326291993356,-63.0754427929357,126.02667895410714,19.833845812564824,12.866257149470352,24.117133193531554,-1.7214101111006506,-30.61736111708133,22.44187785188277,64.47119151107991,211.5097034958256,107.54420022044692
-26.47554635858184,135.51941351407456,98.83889479391696,21.687611904162605,98.98913673760651,111.99012898440772,-89.31174238215256,127.64482741645382,6.917749913507696,143.90624429834534,-1.1165516108935492,-6.489896208342506,38.697076913539,-15.807188784572515,-23.287883501575347,44.12754357495157,32.86008067544935,202.17751039244283,129.1077377852335
22.69069769465786,44.22807781083672,52.07538292806191,-47.569235741868034,28.97802389385541,48.669351339294245,-25.67649628348236,96.90951050518794,6.28521417123787,31.595363001082383,25.557091657755507,-14.799526141622438,-10.814243437291202,-69.58319760010082,38.65084213917053,52.57672709863501,11.27627715638657,82.08817572277452,88.77604079726638
44.55331122445413,-15.822394129102134,-5.736100072178203,-78.09021215549022,-3.4115182063002023,-64.0334118385483,-50.38147427630697,-9.513053722826502,-32.963328495015766,-51.413280859761024,0.4773521930387052,-29.39872677821109,-86.61534176469316,-121.91774565824446,53.44426441313774,31.6700106662526,-8.060248535916527,-49.23172304963156,-0.8367341113288541
-1.4236785571169308,41.715418286369655,-63.4009863255469,-111.60114057045588,-54.78395099981882,-111.42390395328064,-82.97701865324699,-65.9676536317758,-12.509851290794954,-69.51086293635791,-17.262619342864262,-27.782239132803745,-62.45907317492056,-91.31084649977431,17.027002755212088,-40.77613353419329,6.992738225161559,-63.70862720311192,-36.97352929135298
-13.370404838946476,78.14773790241802,-46.72268991416826,-135.20642263619095,-93.4933878119891,-35.81449009931129,-16.164252077197098,-54.84852769300584,60.01171734416434,-85.50742236375277,5.890237707004747,-5.772685648484702,45.83507273474024,-64.47360853071137,42.85767606496805,-68.24091840095177,57.46192109603443,2.267686059457234,-0.6081458316254129
47.70945762143816,84.24506046529459,7.994127427171801,-120.36545617557854,-12.692530593046634,45.22725930194429,86.91271646163035,-19.53453049392426,73.23286601275476,-33.93515912519307,22.51602752887035,34.356714820061,113.0197450770446,-56.23441544122691,96.66136896479878,-4.419472314110131,93.16205506254236,68.89802201039498,81.24892104724796
136.83041447061936,64.14872773170565,16.130614160613813,-94.70354586860796,82.86319459754458,82.81429005539759,107.29778961894506,8.318771486326439,21.12846169691272,18.524782036183343,29.07725738801072,93.7759790115818,80.74933707411536,-10.540590595379571,51.32243399578775,28.9090317147678,83.51121463312977,83.04802458821167,105.57550020638156
127.88777153499544,-13.934241322270465,4.566909524732641,-86.39439561074242,90.7148483763178,120.81632433976957,62.59705973169088,11.369231994234534,22.500102713787022,13.351374481523605,8.430254371136735,80.8149041837874,24.85076176247442,19.63520472603989,-23.84743860121804,15.15933803983255,13.506019907573,63.28402619099101,24.20713872278652
-28.18616108436253,-61.98065615592581,-13.471295185500969,-73.97890021136493,77.52881685455344,159.2047935762965,56.50147164955121,-11.44612435358816,64.45506469162052,18.047135553340397,-40.58784840232279,43.610074759146215,-6.568790609968152,19.588715490512552,-9.161102554385993,-36.13258303893092,-31.96469957190809,105.55324920959156,-16.335363409689442
-131.87981496747196,-75.48873646852624,-56.7453719831789,-102.36325711752144,80.11973843093995,150.19182406123366,56.28482492326218,-32.78127342540687,87.51035230934055,-6.650656387076413,-89.96968757734167,78.47535013911401,-28.623540949280315,3.0381877448775034,14.414649977403762,-103.72704678769196,-29.434083725595656,128.2319701384244,5.994404548592892
-76.9178402149909,-130.35687047667943,-47.75583336482653,-139.59987735995395,69.04453759045406,122.83462359235776,58.06620269380235,-44.90422277511735,96.5534277542408,-64.47585901317387,-83.3560132875996,112.673278975566,32.331340030053184,-13.208903882022296,12.717456759003474,-128.82823621201103,-48.218773569944574,93.72654076133448,52.31907634059612
-54.52932864679415,-192.120444381471,11.652698971095733,-120.84810925622112,85.42912383304126,110.07352931915928,85.31120755363726,-70.95979981003362,76.3767905651266,-78.82383354111343,-16.393966416129565,107.63859210851612,129.9980557005196,44.49926916143858,54.84772441998902,-123.71152396336582,-81.5558552252443,109.22545560398954,141.1414122519668
-81.39747962238279,-214.7841710948506,-7.848553432634388,-122.98753597401084,123.61010292040356,93.42201197002704,92.26102188821925,-41.11187265986744,63.26618326504875,-32.965631854078744,-6.37809068689547,89.69651040371714,136.53091896279483,68.8644599443923,51.33335372488576,-78.89264145788158,-113.26242258346878,115.73323707367842,178.39763276477635
-34.85917611090765,-227.3330735860192,-57.74527148430613,-130.69231688251742,126.57128422315428,100.33687695618892,117.71651960071404,70.55209271212607,53.85020643598584,53.19780356087803,-52.03119396212295,65.66521128708257,132.12694348730298,20.723444424955428,10.533817246651608,-38.18703145305022,-133.53325341188008,83.97095155819838,158.92532537923952
-61.35617438705279,-230.4158398444353,-50.00339742631469,-113.61258605127482,152.08062524783506,88.42695016216504,118.8851378297094,135.75582972837856,10.09199299788879,94.91313306726067,-48.96393489278979,26.6132731807987,107.53750632215908,25.556748497744486,27.92644484118916,-41.89029682813694,-164.7683819984478,29.92694128840402,121.30527160837616
-168.64332397460478,-187.0691244365585,-45.90796356530237,-126.29973047801565,162.73605906348047,-15.060999010504664,44.21971390965849,101.601360066703,-11.971643327565411,76.4854499213265,8.740213993427504,0.1119656370536533,0.2124414585711855,22.36266822515392,22.243058363639165,-35.98966204225913,-194.7871767921117,-86.8302111704516,68.61825821414055
-138.458633906246,-109.94319363616876,-42.20971378260965,-133.1799920348745,110.87336081299044,-83.23314008060983,42.68314509389654,79.50490100290304,-33.92490865474137,101.32819695808372,102.57030085044872,22.45435917374655,-24.001353652792524,5.827655457591623,13.352752652301696,-8.239995558093797,-125.11912483946196,-126.51514350860474,116.40083817632252
8.058421180631143,-57.48380109007009,-34.05871069862274,-87.63396448802233,83.67649551776086,-2.525017168213152,132.5310659128344,133.34601703947638,-11.937415627796891,139.8552179732635,157.15674174226191,77.25175019424121,80.82807872997904,23.63700640783428,52.12576113369197,47.6635567030256,-21.91845940922305,-52.99742963728253,185.0794300946355
125.76844789614796,-53.94945622952833,-78.87488599054606,-52.65758005466555,40.93414781877824,41.731741364312185,154.75032846455042,120.77821381215496,107.43381659742752,94.93057374847416,95.82590390677412,121.06985999012534,123.18078160434192,35.29690057620441,51.22031824196362,73.0494551017883,-33.754274620781395,-53.131944445458586,92.85103090716274
142.10516520043754,-82.2014140875377,-120.40301252107216,-88.56038256171091,-11.687741065940504,-30.41474462681249,118.826750911024,10.938654648299163,140.1015080356676,0.4634174738905705,52.95287162282832,129.70686346276702,60.73594144937206,55.8694876164071,19.51419311446182,3.8474073830666895,-83.08713879437903,-88.72207149324062,-8.109212630229639
89.25439077410182,-90.62023028354584,-103.5421357156665,-119.8376953139162,-30.826972367150447,-52.73441323810504,52.01248881988375,-34.388608559553354,56.21777415618228,-74.66493645479306,111.50525251387258,138.41194774864235,-3.61569222037554,59.05069800124645,-10.36833941800318,-74.74218187380144,-49.863980414826365,-82.88683796539007,15.690806551302217
88.3500231427256,-13.708491627598342,-70.39729125371993,-85.4014400969556,-101.42387646512302,-58.72255041710049,-88.23994152782716,-34.954852329697374,-11.625332710218572,-78.44004507350986,140.27189381022558,136.86006656208951,-53.41056448979518,23.26920544154923,-66.57336460197402,-110.35392330145709,8.789647627192993,-137.69554171152612,23.7006229339876
117.95397284512528,49.88774742615303,-27.37709857362465,-17.239168028608066,-180.91784775732984,-113.92323772515746,-150.04103849304073,-35.70916262263431,-6.022014336983018,-19.857561507900037,131.5062625756751,116.25237221184112,-67.69466095812092,27.011643994923585,-80.37600758975562,-92.8873354646468,46.86508851280695,-227.28132135276863,-37.65653106783304
159.61343474917433,22.536981706497112,35.996933533614616,60.448723161891216,-194.53866547351248,-126.6765075984826,-76.03495813401138,13.786242160804422,37.434388987383606,13.9662008722598,146.04087340373337,121.9560425195562,-40.11484381662972,106.17794875049763,-22.22647422964642,4.147171843824292,98.8833648809294,-236.711994162935,-65.35553136699949
268.1838690313496,50.110496754921954,94.33026481548772,106.9061694533437,-151.31503350318496,-79.4907392952897,-25.294117498881768,62.76064031349239,-10.991551751837674,33.13645758612249,128.86089482048462,104.19731198058057,-13.321633054714008,152.35249694288575,-14.352308336866937,99.08356021456032,149.63165750099083,-178.25740363936615,-38.79398294227509
281.85376873140586,119.61731255807604,98.2783622978545,101.22448570716404,-88.18167046536568,-40.48616684818362,-17.873559429978645,73.07048413929279,-59.13279712696775,75.34867201564361,85.05742386918972,70.4901926612434,-8.397467322805257,94.10044893029306,-21.444639428698828,103.15880320430637,158.1767465559171,-132.8899431406508,-27.008938442361437
148.48644508119918,101.0624392992802,85.39251114545112,69.83022418951698,-101.65546332185517,-47.17203428687488,0.0214916112069184,55.23234402597132,25.153669305161014,65.45917974362638,85.90066823879698,74.74335787964775,-35.14366642582051,19.972072730818727,62.01855910979169,38.29197584459876,123.50731714801832,-133.84929582886014,-48.391679539615104
66.29523027421361,37.47964362050528,109.45834722414148,54.84940130584772,-156.51896602067504,-38.54857064426725,47.350911787185886,-14.129642442896252,90.63548630318472,-28.667918688430923,73.99616425419224,59.38968742675279,-41.52505635204291,5.719206913136418,92.18276619802356,-31.51692329437445,69.02330110823688,-123.2766107695234,-77.99680530735111
23.234543270845965,18.148455620771166,79.055525149565,86.91690228197888,-121.4700500973432,23.635707116592872,76.9770741312611,-101.02766252991864,59.21980356207597,-141.85715942827994,-10.7779504558794,32.4820619777938,0.8188793678150379,64.61654877284089,0.0182318499950662,-54.35261560824663,40.40510163824676,-63.45521099174396,-95.87084857297448
-51.5484776380846,65.2131206948087,62.75255493819697,129.37758055570896,-43.65986478286325,74.74096335843616,30.785976711177504,-125.53915301279274,-4.978305375984815,-171.30814285796873,-32.81998696412565,13.268093549180795,53.39340444751458,105.01578578194136,-74.19942457548964,-44.46164527943648,82.85974250902306,-25.486873378201008,-88.47130483508013
-13.369684854871643,97.90982407417944,174.69505411714033,117.43564342731368,11.621121207291743,76.66117861621667,10.632409605603248,-80.85616294169157,-49.265198504117286,-56.125932693513214,25.351996553758315,-10.296817282148275,93.09849328615344,54.37549567078676,-62.803541247434175,-26.861878123078533,133.3837773343118,16.772540832804854,-40.74068003136761
106.42152912015428,84.72806104405801,251.39316698725736,65.89736143251025,95.0011961391226,91.34819173297626,91.97519086957811,9.296251651868303,-17.034763874977273,72.36362493074886,72.58225365873002,-16.885570084091984,153.01522311265273,41.84383801222979,4.888537930920847,28.26147409582856,80.51339043359471,94.90078057077643,25.2926049443708
85.82120918486437,82.0712257279107,223.69420586980385,59.54177401205985,177.32775120639909,139.52744566132,181.51143882434005,101.5397233893866,15.234581041429411,97.29497638637628,131.7234413677609,-46.71388744663067,228.77945268615773,87.21797612009105,50.577889729898274,67.83356374240613,-27.588309911366068,94.66353082524044,44.12353738171869
-52.4633373328542,79.43690734235432,167.6754972297832,91.52196331525164,190.3551518582979,130.01556245499592,152.6024266914271,118.89916045301956,-34.4134282563538,82.12318024082964,121.991167211481,-85.28991613902116,194.5848455159832,103.80925608577664,34.64217947090425,50.45689994038246,-61.10699637401402,61.48147635041092,42.3818443423256
-165.35810585981747,96.09129310070108,131.39523751826138,90.96324202484656,158.08336664976648,98.34945760821547,54.404212333685976,97.64284814614672,-27.84175123107425,95.52843163539424,72.31331398018186,-77.47205683153848,87.64625104850914,129.88555827873748,-3.792870272908684,70.49802328754454,-34.842780933659355,81.7095608563013,59.47876032976065
-159.14841856029955,118.25886361877748,204.49545168357184,63.06821917457708,140.7376978643986,121.30859344829273,33.56274368837979,121.88329082186044,76.99254580971636,155.12164934160657,107.89763475684204,-51.728431617779016,106.44352769835608,142.92905162811908,-40.56353357705701,118.55686735617871,-21.13168135868039,91.47470094782084,63.28708653626734
-53.78165939593993,114.46911206044058,293.77550962995724,46.05255376999299,144.29494285759782,119.33090716047742,12.76231794345329,136.8001403767201,63.4903673804993,153.92696715140636,132.25305343760948,-49.47810091934082,204.1497088448267,96.45546277480643,-66.14354963851207,91.05581283328608,7.063451297394742,72.05005412188156,66.87463749868841
-49.94545893034677,181.44271554821228,230.2011307966561,46.97832850684604,118.96839638766627,60.47677780792767,-83.0715444579765,64.8275117065913,-82.72834998168189,29.32585159090817,103.54388003041603,-91.49664323387532,160.42382688888154,46.6305485252025,-75.75290548927983,-0.6454078008512968,32.078660095973035,54.15799077610386,54.409225364677546
-143.08010994915443,228.7000377544928,111.99761773183592,58.83394817326309,38.18661676411296,-5.089645847101448,-146.48788494302062,-25.774060739704844,-125.4481012909321,-85.72214757140208,73.12921547162537,-134.17238285774536,22.992319271339177,34.437448862372946,-70.85789016125185,-59.18634374980434,13.991033068815442,40.08479760999708,-16.159355871354027
-113.92087069234056,109.85358087370652,91.0393713524374,78.5216706006432,-12.264080289279503,-28.3338895459206,-117.33040895476242,-40.7584216506218,-73.28442321885677,-70.64439828945572,72.32967460423306,-101.1938134402318,0.1895662377933564,63.46367460417509,-41.83095186120534,-32.20521228434686,27.552997498154262,16.49518638783251,-64.20600399101201
-4.228986856871686,14.072217439186396,136.9737510061644,61.84875365569469,70.73042064241325,-1.8278068215678704,-15.257152286745944,13.668350128659922,-57.82420165228685,83.99091664752434,70.34912111694139,-24.817846817792077,25.37878395047805,108.65969580792375,-9.986368224100907,32.65135965741405,53.13697525799312,0.4020132930941683,-36.36247932397907
-40.89116731114407,89.87843070733545,123.92015798156106,25.508729306878735,173.48600579353888,-9.113761472134824,39.38606259182895,107.71859805800356,-23.77214954155873,215.57471277028768,-12.60097052004513,-3.986357686960696,-15.07826899693835,101.32733159663128,-26.831869147428467,59.53183939244475,25.55820588977832,-27.93371872784749,-57.79870406211437
-173.39916494089144,160.7929835924621,37.26633582494532,32.98594727959738,142.50401734476495,-72.43821012535534,-26.05939475961428,149.05482795922683,3.907786089292637,200.71139512921013,-73.69051715218576,-61.16996113952236,-69.45993391872076,40.98918722012743,-63.992499223819706,54.14349225727478,-3.989970243090586,-88.4101818504235,-137.51096602933663
-206.00953004137773,57.64345746513634,-60.91574029423844,-7.362642980253236,8.98545908580317,-127.24481281645258,-111.71562489826456,77.69161684427432,-19.75740789256251,117.3850204604058,-65.99648097319871,-140.7192227646688,-138.38899685165487,19.780307133385747,-43.20624711552101,67.35520798611714,-43.1881143384324,-109.89653756383908,-148.27602913086685
-201.28476123905764,-116.87685130027216,-118.99782311206368,-114.530335150973,-91.54763202939856,-142.1176511614839,-111.91348492172963,-7.064163759411684,27.887287419700893,22.7283892661852,-91.654863756816,-140.6245488462189,-184.514355065734,39.19818584960496,18.749689791391926,55.194113932546834,-99.58056737079268,-92.89195496422612,-116.91718357246296
-212.8316858285999,-205.4773909475912,-67.53777744347657,-138.58852470211482,-58.616256110151326,-107.4055443695069,-15.046807851345786,-66.77376419013318,87.52539794859169,-68.74691835105673,-130.56887134852516,-72.12782459615251,-110.29405109081058,16.45046331114136,70.00474028548707,-1.6639049808870374,-96.06189442011456,-68.2441651665587,-77.87499510547495
-178.49540153507635,-179.4378337155285,-4.380705246371507,-101.79125871596686,13.309436538223514,-54.97826493791577,24.00867618318825,-88.7813273663708,29.284863590462237,-84.65854566816223,-111.88241791474805,-92.15254745748352,9.735048200755465,-44.13283417336542,62.69113166844654,-34.85189146385544,-65.07407497396775,-0.6341048439648744,-36.33189301397109
-199.2233287336984,-65.91632665354338,-46.703465381014986,-130.2235159350995,48.39632713532518,-22.124749788062907,-32.72291951653073,-25.548676141745386,-16.255278171594128,7.058516084436654,-13.533984701098593,-188.6546838923914,42.53164757758487,-95.77668573011717,-13.205179138029306,-41.69103284927916,-118.0690975771921,67.22330505900852,-33.52280517101617
-317.11118101386586,16.05335736560461,-91.86559978855132,-190.2373349260993,63.23438024036801,-2.0267278331657708,-12.54861446172654,27.338872397755285,25.29062373405762,49.93435773199194,67.95165428527646,-249.0926396016804,18.86885609556133,-126.5677721098348,-54.56321650084259,-35.43122969217039,-214.0217616900352,65.32015839351817,-27.622457024653155
-414.2418111302113,-24.989019604306822,-64.90023856699659,-236.062734090856,28.197757509893496,-28.138354129701927,47.03001167584315,-16.237135366849476,65.88545192551445,-22.28040677355573,40.80215490447888,-253.63879820167568,-13.701264556115287,-102.17906027182048,-41.67032486254603,-43.06622074720031,-264.3347127772236,-7.304717271889671,-6.04001164682386
-421.6598771896398,-65.98309625112047,-2.1417948691175703,-247.0258950192336,36.482469779545845,-78.93531013081902,79.61043405321269,-56.04970773379705,98.94915661333182,-26.304439640403984,-13.194891615893669,-178.58997347746484,-26.061798686151334,-35.15997910246664,-4.2865217781946185,-63.12252861891293,-251.28866802622835,-78.38927760592281,8.858768639053297
-300.8906830758737,0.3021656505821324,53.69659483656089,-162.4453317242806,84.58495746857787,-68.8770315297073,127.60210065313578,-21.856493803760877,103.34550374313984,43.93350992336216,-11.218904052896615,-95.15883170893996,19.337681182426287,1.1091242993143156,74.90798304679187,-47.513442321044,-166.02409217063368,-75.30125225921198,7.092486691828453
-188.3339971472007,48.13913714487123,51.37265245108268,-74.94117414480506,18.922744579165737,-48.86475012976029,63.801574542310846,-13.247574151024248,43.39644672460745,37.98980700714572,-11.38773472346168,-131.60806254909045,-3.1656995314617205,10.14154745449948,54.133896362528006,-46.94089288753649,-125.39536877910794,-109.48014689583768,-97.56341355555654
-217.5579415244541,-6.2666622276492685,18.401441714552305,-71.62416578126636,-87.18834813685379,-63.69915705516381,-109.09981312785992,-67.27818928842726,14.744684744317212,-30.94801368497769,-42.86683901526796,-208.3992855352957,-77.79663777916439,-23.70238608498414,-86.04333185456161,-50.04400940268381,-145.2200590288083,-198.6337211766636,-217.7762442896809
-160.5896612460513,-66.11641418975718,62.50147381409118,-70.95417006927826,-90.57466773212032,-24.30556244890816,-144.4581759077334,-80.84907015608013,1.1232906030095953,-82.61005254177378,-20.53777580046671,-158.44632383613595,-19.82603053321897,-50.61789463961285,-112.2214722063264,-9.117156248129284,-34.884076423493035,-150.58286532547118,-146.5729097171918
5.320577822695689,-63.26106341527606,130.1266745865911,-26.019759733930098,-30.01980872056604,42.05352930559967,-57.38235203358999,-40.33553767269255,-81.50768019518848,-85.83888647783775,5.1629117765460935,-44.22517355284893,21.09238954467266,38.80183194498015,-19.90113114321477,-0.6877839756539623,104.88388042635052,-53.68819108871849,-42.42910079195501
4.409887177559538,-22.217047775135107,85.49446660484413,13.276426778033663,-32.159513916389855,24.765331680317477,-46.23411027469944,-57.00587842641962,-117.78940693747688,-80.85140887507407,-3.4944880620128607,-51.82558638098429,-75.17414409379357,61.35650416090264,15.75751498922214,-20.878197716314613,80.11386937089364,-64.59113952534004,-96.25470625432924
-110.12115887200352,5.976260578405559,16.567723888477186,1.2509735501263617,-83.72070859157803,9.255299716779772,-90.4301246078151,-109.7266956360531,-86.1779012800553,-96.09868117148667,17.156498294915547,-137.56346574044102,-98.27763501710784,-5.520460938008422,-57.86496446208508,-15.319375765993671,30.26301612967816,-27.664364252580324,-122.7717394770662
-149.22593999644866,34.46004239066166,5.178463237207909,-14.371929678646651,-75.35359997473732,73.72312215050694,-81.17861481883344,-50.40151791654793,-60.22096570074574,-56.3995085233188,-9.179784651717023,-129.80588352403336,-20.024758054579426,59.703188460529375,-109.22185710728516,-5.538691785735606,42.09904414263553,107.9464368689974,-14.127084692859894
-67.95356644681766,66.16052732005734,43.158829769595926,-8.188764634968775,-21.63030945710267,130.64439950257812,17.233311273805665,72.49814036486838,-9.05439941886496,24.87348263599157,-16.296540325923992,-33.74650650618488,35.71131307106679,89.71189672274626,-10.835141292302314,21.95974406663872,80.88661283085872,184.11716089419056,95.8056486952252
81.82811134654993,67.31124353391544,149.36267737822857,35.061989190743205,23.14703253674355,139.30208292699146,83.47602655612138,72.95579577985632,-45.59909910113085,5.306137242870546,53.63448074103605,11.267982542497544,44.65751604505235,16.14152140825928,29.543659339117823,53.17982517777285,135.34972667969805,167.26704198064817,110.7055663690918
125.1091395090084,60.51637474066811,162.0101886716261,151.61788493248207,12.258017096134283,113.8846429722602,-25.045174713592317,-11.944905606909597,-151.58288758364716,-64.96656928799932,-4.298611917542719,-27.08474610774164,-34.13513501838826,26.81941812975901,-76.4298732126706,60.428659735063775,102.75041574889303,133.76472358086977,58.14699606770574
-53.7828769659281,27.760333969514694,24.882611462215813,216.64484133654523,-55.05596586008309,55.2970677835768,-136.66497103133145,-10.17920764883422,-42.24923219300698,-25.67522827087769,-134.58438677640387,-42.54002385878161,-178.86718123354763,52.70352696698625,-73.54548951312402,104.40347479456108,-11.848732775188626,74.17532282852642,-7.24113500370717
-283.03899160942245,-80.11152057671359,-80.09717255283745,100.22471378158868,-113.97766189811276,-54.20385138223275,-97.46694054311084,-0.4897411061274341,142.15905635229987,13.399170381750595,-156.98440296032723,-59.601989173826055,-250.8518309063684,16.376409127624157,3.591128832343223,99.5114134812396,-131.02451581872896,-80.0045750973503,-96.34472738729222
-249.0182669357585,-203.2536085687367,-100.72885567748936,-77.77303619064448,-114.3225199705888,-192.84422224925163,-26.37428547424232,-74.74194314229663,89.32635330964322,-34.1674198468482,-109.24046656032752,-107.97965096544702,-150.80487702926013,-79.80984501259566,13.33800469460805,-9.071392274139177,-161.92632936140924,-229.20995384422577,-149.08226721174958
-20.441210798295,-216.92856632361045,-84.06112861914846,-91.33348877297172,-38.69523451926952,-270.8509874252544,4.867740433824459,-102.92982009316702,-25.035393824255884,-76.87424203001783,-57.19646857645357,-67.01346542679983,1.7436994293771428,-170.45523720590754,31.163453708540136,-11.593635594068829,-60.628194071823415,-238.35379658790305,-93.103093773501
87.06517678751527,-157.26313179587194,-92.39853048207864,-4.275775346015184,-12.904432833942392,-274.2718983663524,-31.878557576280347,-139.56793141415545,-54.54139133082207,-144.92140927688465,-60.28979596711082,2.002018046121669,18.41195754730763,-124.7125105775729,19.03222447756705,27.20070096739221,-24.12057924752732,-221.96143199158556,-49.5848431364728
107.50020103872107,-128.20894607608022,-122.98298532319788,-63.44932618091694,-91.13809556996478,-295.94577971090405,-119.32746624833138,-244.03082907314956,-129.86351527285146,-219.76673338591908,-43.62080009471858,-45.06292857878658,-37.81077689317343,-74.60773194263191,-60.125586871944776,-70.4686463093609,-86.99722796665787,-280.0285984353132,-97.20123386992648
73.86543480447658,-97.118988334802,-97.57584467361816,-224.7378036076014,-117.18587933074572,-330.2836597353055,-110.78697478049844,-258.5335234554563,-176.75530644558742,-231.4937525450181,28.19926343906792,-139.26634837957903,-68.93703297168267,-146.13264637531685,-80.11874896794491,-128.30173032847338,-113.1752893812727,-279.17574206455754,-100.44517769011462
-88.44915339867015,-57.29537776524952,-64.16113732019024,-290.3718476217575,-71.78278629424892,-239.5526007984795,-13.932868981708666,-211.64907403288868,-74.90772534914996,-217.48404545279988,11.62004052119977,-144.1657612834223,-76.07732374597296,-151.77496527422713,-18.17485532704937,-100.4171008449582,-111.17800770084402,-126.9639720912214,-13.20681889489782
-161.07833479690325,-26.010013011786512,-102.33682747615372,-169.28705704332012,-72.46671040615833,-50.204353259747066,12.7726587361892,-173.68167545655317,31.474958014023944,-211.11075311443545,-61.439962876648245,-69.33182140881095,-34.44034865386307,-24.23056866775915,34.141367482708915,-79.62826680083789,-70.41596603866027,45.40057835188893,30.093320457006996
-65.44174813383817,21.697719483424446,-125.56159063493136,63.8521639853906,-107.00615374270664,92.321789137173,-31.43983845310742,-113.33927037366188,9.874360188233688,-195.74608917234133,-53.06864229541202,-10.128597834244632,6.742095220460692,46.9165184423844,41.58225248725034,-45.88041202341281,16.33613914274243,95.10044281936766,6.658602342605296
-3.8915782577884537,50.32489519690535,-35.05407987628967,169.6275171697248,-59.49501095777813,163.45029985272706,-63.1956876141091,-73.29713078924726,-83.73419553630919,-107.67472587354106,61.93533206783468,-25.64303939756573,31.841338648814425,7.7888398253621745,24.8119542850686,-33.23352937126255,49.56612343257543,80.02970150440329,9.163597176006776
-90.95807288579752,16.237972113059303,64.0315910997788,66.64022459510188,75.13008679293725,141.57538203240932,-53.874522442411546,-33.60579850150991,-169.4872555221937,5.98618243787954,131.9618725396901,-140.7773414499454,48.11323888058253,-5.3963944464862434,-1.5502369822093502,-18.12597291334274,-26.36078783188978,81.43953243337523,38.22164643259418
-259.1091676973074,-21.65066919990986,20.07984498420694,-50.85892243204992,139.86149674542415,60.63974172775252,-43.00122224134105,29.011677145464446,-169.41758742294164,46.361214173843024,74.05766725107596,-217.31402616304567,-9.603298037259885,38.24914653516352,-36.03989247119997,-9.56400750546386,-116.86849437140864,81.40521634022421,24.697818747647464
-255.65009849539865,-13.588262104258144,-93.10345811694351,13.966174548911756,72.69389855643354,75.05060314861856,-78.78581288964926,52.55326709663402,-31.58251041404921,49.15948634282948,29.89986060191409,-88.28602116834544,-49.33259891588063,78.81706148181401,-28.460730648617965,-54.307028509629504,-122.983802287283,104.65385707980708,-16.618129843937545
-79.48719313321594,6.387724941047394,-111.89964325032766,202.2528573708029,39.65310009939796,161.86756291998333,-68.06625295839709,9.766111423488448,55.386049727355584,-21.826163788746157,-23.29151840143284,93.19814829268454,-18.377257796041448,121.08938865766056,32.75714889102181,-83.51922923544103,-68.45480967690676,134.76104406201975,-40.64345197294551
15.19224074589296,51.693139487528974,-74.29697007966791,280.1159643506291,78.78658950272784,168.84259989621737,-25.05819359373526,-80.46544680957074,-76.25189291838964,-176.0646769422891,-112.43793686172184,87.61649241799954,-25.11849446682218,100.22504853638388,39.556555408170894,-111.2786292173908,-7.779068943386173,93.98585184089131,-88.31889426932102
49.43676101134272,87.41742701115605,-76.83162540004402,199.7033229844064,62.51822356053728,98.0466016948759,-109.1695880531548,-145.94711108230794,-218.4379574032436,-214.52936836129075,-104.81152164586742,-38.3320856795701,-9.88400200674714,15.348045247517886,-52.88286857581959,-117.58484152150317,35.609339772184846,-0.5210035571631165,-158.43268352642414
47.10464231987911,3.755032164706967,-94.16956709728548,82.95734951613764,17.37914243295602,27.39510321634073,-239.97624322480897,-161.87005293593606,-211.5568980990317,-141.1664668102383,-31.89696021719424,-80.73811555586867,27.501687113065103,20.52315157027241,-135.04505505532697,-67.40476776741949,42.085687236163714,-91.19306952359348,-168.6232060479164
-3.467136903015167,-139.6322667789016,-98.36062106483888,28.8685328173512,-9.683652767530813,13.40461404237951,-262.064710360198,-179.02006055706354,-196.58859991609748,-154.63572011448107,34.80304463873222,2.4654256327542616,-14.70102871815008,61.84947193029696,-115.21142996464944,-91.2860604009548,35.476768643408555,-78.35633040951059,-56.58884265378448
55.64385325266066,-201.00552886194092,-63.336393573829696,86.50347254544839,-4.485513654117575,54.11291351269502,-187.9998567059433,-177.87823896858148,-220.6559528423521,-189.98214921260413,56.85205571846611,129.37804274136673,-15.486945885605987,29.371782793178305,-72.7375655250498,-171.32320602239614,73.4422807616472,52.47992569155837,96.54998736496898
142.2300246243207,-172.73680319621496,-7.051728690341111,169.7059389714401,40.33128633400381,77.59234911792309,-103.53861837044867,-139.6925063710105,-189.5685980309649,-122.87653458337722,-33.35232913776996,208.16134633626783,2.5128108138421483,-0.9388396313967988,-63.68868199573914,-166.7392614485268,113.27651731227635,140.22145476504446,143.5012385780226
129.47055213170526,-48.76216573235311,-33.584527718268234,133.50160088869538,14.085384917293236,50.2861833034212,-101.75287303250532,-101.83637325494853,-132.44783272610476,-77.6219086545565,-114.34256738454307,155.92179515998194,-97.786986196737,-39.33301366315423,-61.57787952447674,-109.86360801112356,68.75273748176619,113.96459965628397,89.07693860295723
122.45484348507748,111.17579744767664,-105.25578220717544,8.189682771365192,-89.56261140726401,-20.11773148691189,-156.56833889593426,-73.67922273405463,-111.73920922877323,-84.69712761175714,-65.03073714408073,10.293268797266755,-169.31574701103764,-128.72428477107445,-120.12030777336368,-82.14068469622666,-6.896878762062773,64.43063467971787,17.57199565564023
123.58478432095238,84.96189827750769,-102.5617477800251,-8.178005869461083,-139.00795350298517,-33.39311775012186,-154.10623486410546,-2.5220276515749345,-65.0229790987399,-7.244880270521944,-23.921992901568757,-18.541969188092207,-132.4737765987145,-137.34053716761505,-145.93598822280998,-76.29508304908828,-8.626683995320052,122.68599565365837,18.76240499774736
82.24609166603913,-72.55634383758778,-58.29291621917368,114.03563391930128,-155.26830184138885,75.88762621737257,-102.45100941415176,71.72981321259194,33.71981975614369,32.96725200329801,-34.80923898271865,77.20068457345016,-52.93182705894765,-40.0892674363286,-42.034429936046216,-93.0743319041576,31.32694520782577,207.57404196324327,46.84583490213642
63.94930002550839,-93.93040727242608,-3.81000876454807,196.46928410462115,-182.41293903948863,129.3561630559375,-82.26821435658637,-9.00319325276098,62.71059602682267,-92.55728044607864,-16.309341233319113,95.59390333298732,42.39601676290823,9.5413810082076,13.516793730010406,-143.51107540536353,71.1437986020999,139.3194867085641,-33.594754004992204
93.267510545407,0.2040872782886247,61.08015709955557,196.94416842378743,-143.907902526575,48.75120766777463,-107.36089145666752,-140.85330493280023,2.1263693508649766,-175.29810378270898,0.0110222929915338,71.18463103195343,66.69451447424896,-8.297404248314798,-57.08341692817074,-169.49820382861725,109.7863706010575,32.86789154181351,-121.52297444638204
103.72135350018878,72.71306988088571,96.76891615547842,190.3197249867665,-46.00377325890196,15.350459130043973,-106.04126716721476,-122.93180731326504,-48.13018190000777,-94.72572337805369,6.012932113707893,87.23860957254472,10.275232992713727,-22.55015363581472,-113.8103599032572,-133.37304884047225,101.94867431878431,45.69967688621941,-71.17667501197809
115.83979921128592,98.08920065006352,105.9549041260575,221.53333322584527,24.433437278394724,83.07213819248595,-34.10611292442394,-43.39491735277517,-98.50059209769448,-19.741198212776563,-11.180535003298854,122.54207509987444,-28.06915781367056,-1.2620502693597264,-83.78187661113758,-72.58196300056711,115.95532589366316,102.2611727477714,44.98629499454964
160.80089987095351,42.24774351436434,50.21298261928128,261.1965131977662,2.1226258170491934,99.05570466253016,12.062331014230486,-55.08721752642266,-98.5838655941188,-77.64968526568725,-40.129100898564936,195.5264376168264,-26.022853849162804,24.323374435014443,-33.44853958042871,-52.48958824784957,155.6077378107436,42.84388396697297,60.60561916995225
172.8105375471422,-31.9469765708552,-67.3127393054189,207.6266932467936,-69.26777015291219,14.121259776361748,-5.641325046507919,-149.11506324949897,-8.257873879814046,-170.54553135297996,10.625194601282692,232.9053010951121,-13.43141446282764,21.532385486905643,-0.4905255964925791,-96.95819461660624,95.7406839385058,-116.08560315137927,-52.47482975158766
146.54218463540732,-37.05324431483478,-118.51979775450953,81.91868890866202,-60.17752578835088,-65.70061789846537,-3.711446557774003,-187.26214075110607,6.626561425440567,-203.4333640871961,71.0925016905449,160.46189328023948,13.955066464721387,28.38606578093802,-0.8977558141120028,-118.04656638428744,11.136309841960864,-178.68389993443157,-117.91328209927909
71.08433652964577,-87.49439920538897,-55.811890058184126,13.351938896399876,5.827438948589134,-82.75224564009831,-9.78683399469111,-110.09983713127606,-56.19896940843004,-129.10156800396268,44.01303845586019,71.77911532440189,10.95077239782942,0.123801592498983,-37.47673094223782,-60.462669675773874,7.11097082343568,-130.4028593040341,-56.10213310913735
-5.233596377451493,-141.87092426888586,30.62636800356732,31.429691392623344,24.75446417981006,-79.93442859673718,-49.65980018411653,-24.38751293149719,-48.12910839055778,5.51745385441834,4.475234576491983,73.89107524624359,-43.043159135243535,-61.78374156741741,-33.40386434188169,-20.969954148002092,37.81982377920448,-116.80315410767184,-4.830925669394978
54.26891902324984,-71.98442562552752,32.17902773557724,46.95505255669861,16.53699511055851,-116.07848923714158,-52.14876257340497,-56.65676537958812,17.200323585344712,-40.656140000579775,-1.0677732091996823,137.72471771373958,-47.85698862265538,-71.65115729342314,-6.904319577762767,-52.39944438258368,37.38029808640665,-135.1694112620567,-41.34059613089242
159.17986242079368,-49.588987536424064,-20.377484316676792,7.699250161135867,-0.2525625183823101,-161.58574464110106,-64.64245219073895,-147.82439894251294,33.34466940693897,-164.0547164158857,0.5968473728067463,140.43767493921138,-36.12988755149895,-90.1804188377208,5.577003229642572,-58.43472676878711,19.93783825863063,-137.6932652988983,-88.70279501727394
177.62084053700275,-104.50750558924028,-24.96301000045062,-67.2254500384874,-26.60936614451315,-181.9279138144568,-96.04250599962644,-147.6545758935942,-42.00354534483179,-112.88870198868068,42.43239528874563,41.85299838055553,-61.734047135200775,-142.65687740764668,3.360308652822217,-19.00602948278934,33.28740553101094,-121.79032746905328,-86.29033239060227
131.27459307110342,-55.393731228729,-4.7365318636629725,-118.25029294552492,-19.43702561466837,-197.6624477954998,-46.77132362506116,-117.0511871611494,-73.2293405316357,-63.01695564900753,142.92025017974603,-49.77749102799067,-4.838764477694856,-155.27863539951005,-38.09485536006287,-12.232613900306504,50.69487185021328,-25.69251298696184,-59.15523793614959
43.18298749296654,59.83266357652566,31.62547777813376,-49.40479742713042,2.2453575546600755,-139.5280477477417,18.882861220180686,-99.3439834195291,-24.71510772210527,-95.55638575103964,178.57203136573708,-57.02583097414583,104.816653489974,-104.03103062248566,-58.951024751266544,-36.96346428771728,67.05404452241562,101.62127161684444,-14.858019649559196
26.414050480487,113.36860682950773,99.7765570853051,51.72430476256287,39.780259706776285,13.97389367392519,34.2204897776184,-40.85962857284315,-45.55704136171676,-77.62262942618622,121.95705471623305,5.001064608958155,107.67088851204691,-16.688875076987756,-31.420523190359464,-40.11612661483045,97.6394731345694,162.41287677658153,71.84333169702272
103.62440927479464,100.44135402481967,115.79954082854766,45.049190136221405,103.04686377212678,114.24765417018828,61.54164297515742,22.806063861542384,-37.95470099316314,-25.963139171196776,99.60981635640992,82.27705269936195,55.10198689823436,13.815100952216309,25.161395858513576,37.50685522218754,94.19239022187531,184.3805598774405,160.26011828762338
62.32740921569551,85.14372771130583,84.12238606142462,11.994250894084692,121.73573860182417,92.89311625899978,89.18300139975207,77.34661146088723,53.10595964055855,36.99406019517152,61.28012394630131,61.82467788532638,44.69527296748856,-35.09149145643463,64.10627111660764,103.38239945227213,15.532687357352224,147.19154384676446,158.09652377191517
-50.17900259970293,77.75631035955261,36.52112488006121,4.112079904386935,74.85055936588972,16.459429779314426,38.549638227564046,81.09947003737315,23.398480935561324,91.65539056966924,-44.44892400531215,-31.28079404362116,-4.848569266116282,-62.80061341600207,4.187787166953445,40.205399120479775,-60.0791901699807,45.5121171594823,64.31946631660145
23.18345153427105,13.919997199734262,-58.28810357554973,-42.501885517017016,-9.892298790144642,-80.76574685250772,-29.928849932418824,9.592704045698436,-56.881210872614055,52.327829791357495,-92.54220519018467,-32.856994933663835,-63.56476979472224,-75.9248216467523,-51.48394981964562,-12.092830654401196,-40.94292545294974,-85.56167710058267,-15.680536735928552
106.1547574926069,-70.53177848820536,-137.21479203716373,-149.6524928670137,-92.56997002339416,-191.28243730799136,4.4483721932691465,-80.27988523439424,13.178561704157133,-36.24393958232484,-48.69853048971124,-0.5058071823503131,-13.4032947612392,-135.1855937153236,-0.3115208685425261,-21.89293192291067,-35.81954886799836,-199.96081894896105,-52.70730977837199
-20.142931622047342,-60.40480335226064,-151.93664014152247,-244.23557201000307,-113.48801393573956,-235.2779860545239,74.66367774048047,-108.0079951627838,129.51044508066897,-38.4942404957322,-4.533011980674916,-44.25900745134769,19.693691319238184,-162.7840628089831,27.16599830071516,-35.47321827678579,-104.01628571723086,-172.50472401353016,-44.51597685749534
-136.5732319851006,-23.775452059150645,-161.24373770764137,-252.3288322611092,-97.31934847305104,-169.72357275038985,83.66027004412774,-21.40610526140079,129.7124090921611,43.65742771238274,-32.1706203426432,-95.64609994376616,-97.0710334173688,-139.93091339721263,15.534992578025594,30.931277112613586,-153.12807930458996,-60.4069669322055,29.44945338365021
-209.40139604347792,-72.45408225166219,-221.04329665646105,-231.53644556989616,-143.0706784699229,-139.31693945212658,44.52934747572064,39.7328323295815,68.20351926617025,77.96629982741342,-96.97492389248345,-136.35647253289858,-214.7755305513517,-141.11716651806054,41.34605189255999,38.06031038274714,-194.3184832363324,-37.17366751358929,78.25336196403283
-308.70060850280845,-116.4499108404663,-308.5923755729695,-239.2560228925677,-200.03475183502852,-205.34563185595957,6.960530348228359,1.4010934708070626,49.29112143088009,24.076352591464207,-143.1082802996952,-167.8392317150618,-178.68188076155948,-178.85763066732468,4.263467331245925,-71.62009710218739,-239.19272681101745,-52.28565813414933,76.09278161366679
-264.8993107519447,-90.95841207277368,-330.95745838928366,-249.22840197040185,-165.53899282447475,-187.4144063651084,2.03747471600538,9.26010101578224,69.11075512449149,35.61609926913257,-179.58758995700194,-134.75510415000232,-99.70663450945676,-208.49221800246772,-72.2888769235555,-94.75795746945246,-242.78124307362336,28.94180767810183,128.67328836286168
-122.29543452961975,-51.02453581202651,-259.27276660013683,-220.34322546825825,-91.72093464284274,-40.476156083871054,36.47579750797867,119.82758304468402,122.2340980216711,180.05873866859335,-143.4514829989773,-33.5346387469405,-42.37599002144951,-138.4267571770365,-37.25235571461325,-14.37598681234797,-195.46735702787453,161.97208778960643,242.3257521430038
-1.5710387569897322,-17.390354334915227,-182.5389088409777,-173.295905069369,-16.690191221454274,68.22312422406254,120.73517209423136,236.0954607456013,172.06840226346145,282.25355649899217,-33.43381972139575,61.505590670384166,28.23938061066684,-42.0757302796508,35.56406936439732,70.08143895551895,-111.61074509182754,197.26946778679465,264.12280318103257
78.32407938646698,14.669916236549255,-121.68508263641677,-143.93749517702685,57.37422554564532,108.0812952954464,165.83577666744523,233.2460618183584,100.47194242348746,238.58885041731128,-29.4994276600794,72.36947551417433,-7.116554847574836,-33.81902824763147,24.326794493327316,80.45288892783753,-51.15388168282209,141.44848891590678,161.97270880739694
45.32662168837408,26.758354333820677,-62.53078897791004,-77.68548897882569,76.37647348761742,130.37028284535594,112.41337292630163,142.82246561327605,-10.13706477275161,139.14588810826748,-104.62487377560517,39.31428228304008,-107.90521133526347,-24.183727869043487,-2.542026867554693,42.47408500662909,-26.3382758188763,102.06183555009171,82.84362580677605
-10.88079663021426,-9.705246041722368,-84.62624109478973,-12.334212054232058,11.879880042892855,75.70763779904883,48.916521289299006,78.51558332964086,21.1615574453557,68.15816754239056,-95.1016180833153,29.083148216625588,-99.68433089573048,-17.774003648824955,0.0880490354408287,47.23500769451265,-3.2759069319353658,57.14114346491945,21.63794640463661
65.21429571766873,-62.89529702696559,-150.58846372424478,-18.039289640182563,-32.51736891432128,16.24406226128401,95.14921363699516,83.179305465793,108.28166025735742,79.87251754397609,-60.47302473177839,54.706779008091495,1.0158502786923358,-11.491535105756189,-11.073474006645728,87.14533889092091,-7.49845350020041,12.211028487198972,-8.046943906803827
137.25292165935534,-93.2526463633114,-143.74819424221903,-36.97243054194615,-3.171119853444474,52.72190756066466,217.4873929271271,143.88160525783857,117.450951055672,106.80156024487998,-48.28929739790373,72.54814557194383,103.3056192989939,73.31079280888638,-6.015481544314002,146.29092650330068,-10.05637060106294,36.604297760959554,69.22481531772398
35.22915726780384,-109.5732094162971,-72.99774470821251,-60.98551313642536,-25.581693722116043,45.4402516093426,200.69501650944835,145.75363815001737,59.06887132178668,63.030391095588136,-28.43816745091644,6.352988541904499,111.03785947776193,70.62251060193918,46.37558686600974,128.96278956571746,15.13841618472434,32.811402725075176,120.13927126220416
-91.18332073847286,-52.05998497840488,4.341434111679255,-61.36272800268461,-61.288799422591296,-16.195943185143438,95.01276912719328,120.8284800694883,33.97184108049741,124.04786520303315,-3.5805839850505365,-38.35998753362733,28.466885098130383,-20.39625960139436,95.08331168919788,42.64967493257927,11.476351596502122,-13.129594425762043,108.47143266092588
-110.74286210655414,107.29935226095954,42.00459210939604,37.21979450682873,-4.630498435644602,23.810454711326077,82.4802411708741,202.40812926715185,115.72909015061968,281.72351274139146,64.7940996445007,41.84843343773366,-29.571405780701483,59.56943121349317,89.73293794323759,54.67405566023365,-17.145186277238036,28.95391523175991,106.28682284862532
-41.145109457460656,174.90208814134672,28.12898553759601,149.27680056362237,85.2966929367499,118.79151383456345,117.36500388372444,273.6617309702784,186.06078058381,295.12276461830305,98.66061263289916,114.64316280499456,-12.58203061243377,198.40350752783843,75.77387828592057,102.72476678843908,-85.0675091089238,82.26310588049733,68.87239067692805
13.17616550596612,14.455235120081268,-32.27061958433664,106.24131609514043,123.87734396124075,113.1293518482545,154.2518090110725,206.74335596606824,175.96257875467006,184.76620171482324,-2.872669861531099,80.4303657311394,51.80424045102038,152.91759754693334,87.32527464899343,83.63692899162636,-182.87015379103931,22.08664249390624,10.98272590928204
-88.29067997536364,-185.12925852862412,-122.7356836250354,-68.63759408148275,51.44261453753915,0.961104737352468,161.80463827912268,82.73442741225597,186.5564169862957,49.59748940784477,-102.14059456139604,-3.376750849070868,59.71388962939393,22.28515313885324,100.20225398000623,68.40050523777141,-211.1891040784335,-70.3219828487581,-10.21877363169026
-162.20953755372167,-226.52524094417893,-160.07140938970966,-177.60081315903628,-74.33522739509142,-56.8875001557453,157.81463386574674,6.680767835752356,216.57441786445497,-26.23384152657366,-76.8924975918001,-55.18550362529702,-6.928922732785059,-15.521453912074394,107.23103505437048,91.38593965802104,-167.5526349148302,-66.93298199604226,-7.285000579511101
-105.37175588246572,-114.81951211947543,-107.94112828569654,-161.30969041169536,-139.78255179170574,-3.508934258470114,173.8871843036877,-23.595021090365943,178.42698023314733,-23.007826853795343,9.351633926104917,-82.04554584914023,-11.339440070902812,28.615635272586758,66.71023322510665,85.15344374219308,-102.46632599971282,-12.371397383535507,-7.393501172762401
-101.9234264098546,4.109711703497886,-40.57073046086148,-108.70273568025334,-94.62012336124997,30.418999315733156,173.36581450705356,-42.0508314710247,113.01349696837558,-48.35183833428517,58.58784616737349,-92.3102201359445,34.51785885652276,38.58922951377775,46.95533318772236,32.69174332496397,-92.99243849460152,-18.74031045661072,0.6938631334621354
-80.99983963474934,-4.469233115627824,-27.4070615328958,-85.19551120905751,-0.4496847272366598,-6.87019523474472,215.08643911399,-24.541170515910697,107.10873370450972,-30.72520602356694,24.273362894045587,-28.76462515363504,29.46785799044283,9.356956920931871,109.1142804112744,9.641715706979612,-141.50943605936732,-53.8105217288168,40.68084163639938
26.430992206122323,-69.15487161472367,-101.30208781483805,-81.53517441218487,34.47212080896864,-40.85827837695534,253.28355986773968,41.33435060663984,122.19135548418365,76.48498954279049,-37.58120670589896,51.98478520778836,9.67134267520886,25.03915493518473,119.13446351846756,54.24946966744548,-143.7028122928802,-37.08489098013711,76.2802716119906
13.819309103829475,-123.39637669360005,-224.6793259307488,-76.17210436183993,15.136513473430172,-38.242459008946994,179.98001637552397,98.23033352780314,138.40466584516287,140.18674050064232,-69.78665345059589,27.97341810303544,-7.769160100569138,77.58534276518002,60.08950175187686,149.3886969896185,-145.89767364080606,-15.625513805374604,51.74302215021329
-132.3538825861083,-166.3903097880343,-265.8649559611026,-145.68597641668435,-33.61221863116098,-65.94654919615377,111.56922506530688,87.34113843732118,194.2961823241315,131.49522788482744,-55.43338349141477,-63.22125029419493,-11.77088515338741,66.28902581346088,29.39366648653145,192.38776619817244,-173.64367239188743,-79.68216776147945,-17.390414900133564
-159.49740765850504,-186.23466680234927,-202.7263234039686,-294.97468600973576,-65.29117709805364,-175.42743596809157,93.61725477632102,4.179253103062095,169.14559555461852,53.22227214676542,1.800494569685413,-138.41600501569485,41.46784821638952,-18.05111997846019,43.531991013324266,104.06246404271631,-192.5532512783988,-213.26056895598865,-67.47315651598885
-109.31645271105458,-246.46103446938088,-155.94996379285365,-381.0456862892423,-49.17777692495145,-276.86107909628026,25.707728333165,-44.442763246720055,18.72759620985768,-11.373696485671896,25.628836197925303,-210.6685647755711,87.09589243797045,-51.68012707540618,55.58964624064341,26.542029785095544,-219.44577233797628,-293.3680856413624,-47.27096308802241
-170.8262925778796,-275.2656649348117,-139.91181080124218,-333.4191856208683,-82.39383821753819,-266.15376899523403,-76.9917676606883,50.7995419386469,-35.49493690930738,60.52397018497817,1.8694490212616317,-255.03059644320925,34.13932924031597,-12.466024035353565,16.69211270282293,106.80813737097712,-182.0303688312904,-228.78879070322495,28.724254674010623
-174.3043544019722,-204.3273073857093,-88.7549379389725,-258.5855829405817,-163.8455874387337,-224.81912278363663,-146.01158122263982,121.04553892181316,-5.539220428892453,105.94002077039218,-18.347739792750883,-252.18479622818384,-41.75392253839105,1.1602238416379709,-41.35030733326912,222.686314568326,-73.08721040708134,-195.6908698178214,39.65985964556658
-26.309462376545337,-162.61170805485307,-11.18103538754702,-274.8738453587498,-147.11352588618448,-277.70677955274834,-130.36185344780077,-3.324030639967198,-72.32794804980678,17.396976754265904,-1.3235942424717777,-242.50881171728423,35.11126200812194,-108.84168486652447,-67.12407520441269,147.73744063016986,1.341473758413606,-292.85974043493246,-39.19687723859658
44.72170081524745,-127.89204565098944,30.466971362152357,-286.71353039788136,-43.991098756605695,-328.64948813063074,-63.02660053821952,-84.80390439132253,-88.69422662327675,2.817137228093033,26.41424442998148,-191.6743777645661,121.84191703111624,-245.1108603939905,-67.18400063016435,-35.43259096255512,-52.23173478267994,-269.42936127149954,-57.99025914068563
-38.330324477706085,-57.03036542212037,-19.12578636994304,-190.9171579595843,-7.888806849942926,-221.58499458323024,-40.97731771801717,53.16508672711071,48.15165293115991,133.5193533903346,-14.074745701628638,-68.23509192007994,11.54279256204586,-170.32794149551424,-56.22642743609541,-42.80111856385578,-148.14469185805152,-91.18817982496108,40.03493711030952
-44.28363001652626,-41.90336818074309,-68.7240588796396,-79.47429661564888,-55.46483195918508,-41.38067043338258,-39.69690006638248,189.69621286659685,170.03782731398516,209.80843987636203,-32.40750323869545,75.25985017684333,-49.27045044781696,4.538330499224893,-33.151109357450224,103.43127344564807,-66.42706351937494,37.532407436664656,154.53928834282434
132.84333197483875,-1.8753817285362588,20.1899636245519,-11.231647860571044,-107.36449674459016,51.82451750268356,-27.867545757998773,172.30740831933082,167.8301050999908,157.35933444486534,45.48431502382418,125.39103039361738,50.0278550627243,33.61241565110772,-0.6595028877849451,170.43574753055435,117.35780538139224,35.293419932613155,135.1665141446848
226.51785002416625,85.45535637532642,139.15354411827326,23.14964722504318,-112.59743628052682,34.294727931010264,-30.87467824274009,136.2050325115681,51.07445009685111,147.69221533417044,89.38618770477413,35.02216953260461,111.71561269732578,-34.35266188612601,48.98743257406991,123.74994061073603,192.38819030234575,-38.86643383722095,45.236602278565
152.3874363931603,70.9200926884606,130.77282640030333,-34.76676592292174,-74.82728222153659,-45.368859066040336,-34.00289779937011,187.65475970073007,-36.42130539251163,230.1970053832539,36.99437064362876,-60.45537670947591,93.7891886120345,-71.42516135726729,59.4810687342333,97.72821597195322,132.71286274562033,-87.33990749142355,53.905488522776686
129.4892224912169,1.4239321877982725,46.18244499143081,-137.89246885889034,-66.84270820810697,-90.0982720877838,-57.1711845033595,203.9351413840945,-9.15584367899749,222.1497809204316,-56.22923044428431,-76.52099344862849,-44.51683454534755,-68.68117128829603,-2.632015076623629,135.12943404475115,14.902867399972154,-105.29489837626204,34.755920986750866
127.43076643988078,-15.136294045636143,-3.692030701436501,-126.71614845789904,-104.35420389014716,-71.03776389637696,-104.51488865310624,108.14496764041355,4.756022855280958,93.37682638649773,-52.29721303790494,-43.47708097701932,-183.17982122150195,-43.07819601338981,-42.425779142390525,137.44375773912657,3.3753889647572426,-94.6343784214034,-30.66613863993529
81.24327307818349,29.041355112967597,35.18391553736875,-29.737849019014156,-115.21461684617748,-28.585820110907147,-76.62345972330829,21.24013408293816,-9.209959037968598,30.85056473554112,57.689085973995006,19.77541343642803,-60.42953732652997,24.37382325420421,-21.942929460216455,49.50286084165614,118.4570275384691,-36.67092619402264,-1.1652072133051186
103.32477226658902,143.32012921273875,123.34062187591805,113.61409741310048,-61.024126718537545,76.40123797066657,27.81884628209033,50.37060808661763,46.12509141852497,110.13412932438143,77.37850125393699,96.9544389007278,110.14507941091922,123.95046845594156,30.97599630191124,2.4600086517140083,209.11484603249087,97.10296373560764,30.543131032645725
130.34722654808564,248.21582889690796,183.57807330490272,311.2004693400639,9.93217469768718,232.96093460405788,61.68085899240068,176.01379923030834,115.08171758276109,227.0121220216734,15.78569149313774,173.8880554703199,91.09734003952568,221.34572704235617,61.22567469013493,89.35672177703191,257.434827708301,227.94838923786216,31.485559316891493
117.05868522607231,267.70057785648714,219.8754445437014,389.8864380637408,24.807350822790603,300.50407218674616,48.201788589439566,212.6798820998838,108.85361936077432,197.33687482983652,33.69387033565801,187.19144166826112,67.57473911761194,240.01350675005,29.889282769397862,149.12349645410242,265.51630675933706,195.3361284323176,35.30804441672355
161.3698444184859,283.151625270758,234.1378791338444,322.63180602166506,17.41067803418894,221.76698831198823,78.68120908201031,92.70118807942995,53.69031928558767,31.042036972437764,114.24913165973912,137.94109742514632,75.47047781215879,167.65010783480906,-1.7028335634333494,88.99919479023008,194.03037290517932,96.52776843671664,-0.94770974379632
230.6580532436523,275.9270156547857,206.2240113919649,243.81803314764483,31.57788435524557,124.04174203694144,91.68922668040987,1.692127204117115,-0.8758943983045994,-49.00378571549725,126.06666015694412,104.29387069146962,25.916458075550352,71.12892869646592,22.877890624516542,16.644067036618765,119.4407005087652,62.024937211361966,-40.07666537190869
221.0094389280769,154.54012562150442,167.03100082085143,180.4934436421206,40.93578336752223,90.94888107999924,93.45757719959228,3.701988958970381,-34.537298522813664,-14.961647055481244,86.93170372228006,64.69776422571736,3.4616934749219634,-10.158204385788869,74.1899655120435,-1.0926244742816271,92.730547856694,54.86746779139708,-48.20471697047955
138.35949317978674,75.83447592955201,147.68399519124046,165.62372146537032,92.97255867882564,94.28884897998716,110.4067302196204,39.61613593396363,6.767718652724509,71.43672965121907,87.31759874441657,51.36212694458356,81.8276001422199,11.711744385736075,77.28726733563497,41.47581531114464,90.50549093582204,79.63904936009722,-29.540163250962028
92.49603695594,118.82757746551036,147.6478579280256,202.47929267701105,146.77399075972917,116.0315363100952,70.91110455092306,45.046855554068856,101.25160692073646,91.97611028613194,87.89258308326725,112.41402365695788,175.1487202676745,86.48971622167646,40.91938832285767,63.66797187549486,108.7933924085572,104.37031507730484,-30.08249804818436
73.27351755519355,102.49024397227828,142.33055169306633,204.4230082019224,114.6945850606959,96.96513392669976,1.0746351307599955,-50.148575889144254,91.9819218098805,-82.90610588223055,70.41137068844388,121.64543539004212,139.67241025040414,49.85784748033669,57.11105795037356,-15.9840838571238,94.14707926220802,58.44610758663463,-88.92410082089629
62.876125213401735,22.780189169513207,137.65233140234002,151.77947675400006,93.8027715259939,20.668709811579298,1.5868974741609465,-177.15821121697363,-27.737893382373063,-231.7172316828305,46.72463111215776,70.0097507555345,67.43408091654655,-42.11400217106495,105.39544207473604,-121.62119361551808,83.57748777178541,-5.63235148966233,-140.48347539255
140.0057772077671,46.19696936133281,147.86879633037398,156.96567538222314,96.5445580889472,-22.854084602518416,-14.590720709593738,-203.3011362286322,-131.02933402367378,-209.36989087029195,42.52324524543994,86.29484241078809,54.21110905842869,-50.69328877100858,43.30940761335787,-149.64172715196048,172.80004886780458,-31.78438088243725,-157.0809286757833
228.919502412922,113.22480172252097,134.5997570334695,189.6659858903033,38.16044645918769,-40.46144611146253,-141.21924533158975,-140.94677649031323,-168.07098836516738,-164.76078612306011,60.35890159560014,141.99212353842736,-28.98633445969403,-19.70431703253019,-78.40306642018665,-93.90656847580024,239.38716806548908,-63.80523655878312,-130.54575694763412
277.4959580988,44.01252466472606,82.46720461611599,83.10536661814557,-50.692557647397294,-98.86816042669776,-192.8167466913032,-123.92919934205166,-116.2384114893382,-174.33031311983748,32.33801390368258,120.96260017471496,-88.4697322315081,-27.37805978445375,-59.94981206154877,-54.03063119858111,162.1618863650698,-112.2570507135019,-114.52064569423436
259.64249049663715,-18.741183846531893,14.11940795661104,-47.00677899153148,-66.86033264833864,-147.1157237396474,-87.08181615342231,-154.2994334632992,-65.8424046688594,-186.68260872078744,31.038691027477118,-0.519647174507327,-36.051454620769576,-64.84557239239483,28.275746069405752,-78.33362029866916,31.6509645953872,-152.15663793736448,-200.80266045899376
83.53179128943587,79.15640237995753,-25.80376137859813,-21.136309862793585,0.2723425923115683,-143.45694290798718,-27.02292060566501,-104.91697976076556,-126.92433255504795,-100.9436047860601,86.75712849093695,-107.36210651377272,-88.38427760245058,-118.24151408261466,13.92089667155651,-78.68429760597883,-11.723983301853815,-148.75986711980124,-235.6472684051489
-135.7205842791492,141.85654080845512,-23.15559495546425,49.01709630094458,-28.982758758270403,-117.26715445286268,-88.1366691610044,-12.302602823978551,-144.55498512353847,21.32551946162148,84.4793332166444,-136.33721867076375,-208.5267305246622,-111.3391961152445,-23.9643253024438,-17.603347812138836,17.3744936685378,-83.18287676693679,-125.41168793666282
-233.96294158222088,52.83330272830132,-44.0682883195115,23.45654168569775,-135.9199868457902,-83.51601006331192,-113.83631826162276,-15.770718353798822,-2.4872022030195864,29.74507521518387,34.43882477392963,-125.84134229846792,-201.25904161526165,-50.760051127094535,7.87927046183794,34.07019324756283,-13.39466524282167,-54.54253327457389,-62.941521114432696
-230.05357081402096,-81.04592361212622,-74.17120903187617,-23.953871701979757,-129.89371788561118,-62.6689317534923,-29.67759339258722,-71.63899298910378,96.50330942581644,-39.06221709390601,-0.1274007099216056,-104.77893863415788,-118.4362714693914,-45.74729668378409,42.20352296213503,0.2389175555718047,-72.42676322864325,-68.61901368425092,-120.6870252200482
-202.48017144959277,-101.3713352996068,-46.1125073150029,11.549143227590427,-83.42473332365785,-57.215930552181646,11.134607093028183,-91.53622270489603,21.313090342072577,-92.71959972070418,41.802829021209874,-142.68157936453312,-32.59993033926899,-100.96317414344551,60.32118614354961,-86.23245812810282,-62.66020279766011,-76.25625563600869,-188.1039499669841
-140.39523424757607,-15.392805526355277,-19.185890611697413,68.91312395793281,-79.66209570712172,-60.91392580212542,-55.45582234664174,-119.45439208662916,-130.4098419852143,-125.90969307862206,125.9254805239616,-197.7970103667987,-6.274373604641246,-152.63151145570285,48.67287061745671,-112.39958612531498,-6.675133983887062,-107.31964884646015,-191.0165212821706
3.5269630123967506,-1.460635804783594,-37.03182680054056,96.20316744427632,-115.9714320126508,-62.60266604081978,-125.16172411439474,-109.12540894118712,-200.5725763587984,-112.7374804311474,69.15908691714145,-127.02884519064143,-107.72039793067243,-113.53996735899312,-39.31601856804769,-47.26987102775571,63.89062235763353,-65.32489826100586,-113.18306284638206
113.94248750342872,-60.136735914054434,-34.079995338897426,72.01875596695716,-166.72338425303522,-40.55460381002323,-177.31775244269352,-59.89230286068302,-136.22995108066445,-72.36537690748432,-39.73346998786717,-10.681701557547644,-175.7393049391028,-75.40200550661966,-87.5933573177423,-2.127429650885452,97.12485012885836,0.9738219726523816,-25.23703729066774
94.76476594026887,-88.16020310901743,12.926363186546451,-20.19490843116841,-112.88924905639342,-33.43926324030103,-165.24322972824177,-75.8591806835861,-106.6666256118188,-62.32218596922742,4.1793382853735634,1.8068827501311628,-82.44585814197366,-132.51640742628496,-30.7890513333963,-75.85962510545176,77.97586347223182,21.697266814185276,18.20757039060234
54.09448113469864,-38.35367382132454,45.71175727527029,-22.83301059128757,-13.694869885475002,-24.5035341139268,-119.35491304217148,-54.01442262876831,-140.89761608177875,-16.79005600308745,56.39330071728019,-8.73767078364046,-23.48918595950744,-108.65697354384808,-8.051783899370852,-124.00235981260369,66.53875179898851,120.02828003341284,61.5816412514011
-0.9919809571028498,-2.0695657468412847,-5.59854276975991,60.35349110673878,-4.356075647751167,25.21592821205411,-171.4525138215061,15.428375603615631,-114.82766046716048,28.1489826091846,-6.8170743301810255,-9.25480634700044,-89.4418447205972,-33.11151871477491,-45.5478184949285,-17.157536420908148,41.439360085829584,132.41205645978297,70.29544590343795
-47.90347148012445,-126.75112312460512,-92.65381377789608,17.05179852504142,-34.85264775370865,0.056495478907537,-209.9195531985913,2.5855739738402352,-98.27217186755276,4.921705759391977,-106.48886867543632,-41.011032462926096,-147.6530862556568,-51.70402249857489,-87.1532234895715,61.19007959955312,-8.223812014976335,15.676725574441685,31.073096701755237
29.11989926062693,-240.50488812426016,-86.99144077643986,-52.08538316033385,-28.74546150883955,-56.02655232071769,-142.4805977643103,-5.075680781999759,-109.81003601082746,-0.0154567954141879,-169.5252498742154,-1.6315437046003105,-155.90575127885938,-40.833423506541024,-112.93211034157387,-5.568671394641673,-22.657942293979872,45.70515634937132,25.971361786258832
58.815757070536726,-146.87827528399075,-47.32944451629457,-2.649338686821437,2.7399927828865467,23.956100339927414,-61.48347428625216,52.222440410962726,-41.64452135731711,9.178459813598735,-118.92736042990023,62.19425085200807,-109.16169224712006,5.879400836931056,-42.49298065817615,-64.61913867463427,-18.685916330618845,161.10254890018834,37.161618624737336
20.95539660003221,17.125080304286175,-66.92420744513096,47.16885645162398,6.948329977221256,84.79663655499222,-7.4838798742947,88.30143790485387,49.63422622904936,22.207194158122373,-23.173432955858555,59.015269450526304,-18.981870856746863,-16.679826700525684,63.3679148832626,-34.58314183711979,7.130241521058068,162.79964527535537,24.792148880829185
92.6890943039911,59.20300371516088,-75.42988616042192,67.53719466144523,-6.02316912716074,34.948125882156795,0.8051924737206444,64.87274611151969,28.3443734615682,44.62579643472401,-3.010199351037162,74.3564890916398,-2.329726587937284,-45.8286705717828,31.97679229555497,-3.4005584599261134,77.01077450727792,73.55343069651994,-22.17235459257992
107.61395397473774,-27.49265445222169,-44.04398270430712,102.44852434461184,10.617397466194658,27.555719817940176,-19.20706500212713,5.5770379847308105,-88.62225108730404,-14.245283500096628,-22.40452927231784,91.71766364623338,-98.64808221291744,-42.09206588544457,-86.42160971281346,-30.82384192261545,106.41341737325764,-2.362098153422211,-81.82802138891633
36.0851504844489,-63.68969806214548,35.4735390749443,91.16750504571849,61.4539120274497,63.54029028817204,3.853286790170805,-27.66893949254452,-154.57235317240347,-81.06330397915737,-15.1335566861562,69.06242186438955,-101.1700766078267,-4.908126047784101,-84.98736264954066,-68.96090267536648,86.8743910511776,0.5487430718878943,-48.23272674606932
15.58207009506512,4.313827308643501,139.46396216317163,6.270288669916583,139.74370610280778,122.50935757795668,68.96218280938555,-4.420464341801989,-86.26739822345156,-27.530908978965325,31.32057450527384,33.087240617285545,58.03254783136839,46.00436522205974,19.41758330295132,-40.69889264307101,65.64734212215197,54.78746290041785,31.208780598399542
-70.79355384806601,50.16685591620783,125.26487513344222,-73.40523259080683,135.0247569775802,186.18153961388307,64.89892179229682,17.20283960717843,-7.003549922045441,9.096603769525286,45.00506876745319,-35.73324805399384,98.06581030633724,46.40514563887749,16.197731028317722,-19.358234591557142,11.788245539231433,61.00148154584716,7.232065937163082
-218.16707841066963,46.44868908572109,1.529454633870108,-86.42201036696031,-2.3308123788245108,160.50106224012626,-17.084921676245393,-27.004598548245525,-9.275895484526623,-52.94478176254523,1.7325974094600942,-101.98687537932778,-55.13129038986191,18.92532807512345,-65.4395879318441,-67.76879891391337,-69.64926617205934,-0.4424797536909309,-52.2098330413945
-214.85729784785616,-4.448507815251085,-58.97354338636245,-50.11038029082018,-61.76688969621569,152.0878443906227,-2.2369613366403964,-35.878165262743245,-17.53876815959306,-68.47164376418881,-17.580867250144916,-100.44713196924624,-138.43939859485133,3.8421588801336553,-61.77215321091435,-62.72296179022636,-116.45387387448451,20.99183834088643,-25.56175498419464
-72.15984114622921,-43.22064082389223,-23.248245229852635,6.262446772853388,14.31794944019544,254.97384399214232,95.49309617266844,29.59253035272525,-31.27544303170633,-58.60050935657385,-16.28206366369638,-35.282365695547135,-73.30382581334719,14.951262506567511,20.771787517051788,-40.023160907551045,-70.18277079521155,121.18795601395873,16.44697077165618
-49.751415753907885,12.723216963938892,13.177644086327165,55.04785027660747,86.2716337819373,267.87566416403706,116.72613612223566,-33.73155529367312,-42.30679201721382,-124.7368164354405,-17.601533612251952,35.54610396174377,2.4028342233106854,33.08608941373149,87.75646086182452,-116.82344009684785,-2.2670026413360365,96.40305313700073,-26.987486510657117
-143.34469495735812,51.96164059441528,31.1340966526554,47.020238075799234,108.79324689370434,141.68395332666606,75.8845197265529,-185.44984597239463,-46.13823692450829,-201.79053214539883,-13.54206940218124,37.40179457847057,53.87873747297849,37.10858999186597,62.43756520763395,-216.17056038812115,6.04401580877936,-17.257396530270384,-109.67196527002264
-86.88384932217593,9.70727094996293,63.31229199063486,-0.7265593970581049,82.51392848036326,83.2674902045612,33.63355615414342,-230.56371888471315,-97.74224807963236,-229.5060168315488,-53.68400178645491,-6.950503288317831,78.47265776543001,69.8324839171627,-7.074894915901727,-212.4869084633843,24.04317101369491,-32.5332605304769,-127.69348985156158
56.54914659325658,-0.1471348466040749,96.26373315944691,32.04772973126555,111.42403807735522,118.1043959350958,52.719392294494256,-174.9350825504443,-101.15948809376684,-177.45555267080474,-93.52604945487415,15.19328070675988,101.40446608992134,113.52776344931642,-32.564779373560725,-96.96198130712489,41.89939271797961,62.2397741286542,-42.68039303116578
71.7751772148971,83.8260354070833,119.3424292344707,156.627795638583,204.2487064276599,115.59338857641252,100.68443050655084,-112.7901339432654,-62.20355642630952,-122.05822304799965,-50.44447924154647,95.33923283903148,124.10065365071144,137.63287121968474,-44.49271676509375,-17.67686710909573,54.42740546439556,121.14110737809072,29.80819383292885
55.772943786322266,166.42028472580523,129.29203363715737,219.3221595756252,195.3045117220313,56.30022758529688,48.71467953275821,-137.83154010848455,-104.29062450531542,-166.65540358026158,27.350872677048613,112.677908663371,90.57163956967352,129.8298625335816,-59.0591883015892,-13.972943912145125,136.14809374317545,81.74368276839681,-2.0089474339949214
141.2951954474904,147.06723945398957,191.5462344988004,170.7911288994349,139.85219374365107,24.64207367339905,-9.657554100331073,-168.64306219496692,-180.330064736968,-192.7921945186043,116.11005065909778,66.31980095796143,89.29400209371107,67.43802793513211,-56.06242818144113,-6.661038537140697,220.55549520169924,68.41484797393905,-10.018786167100238
186.96740629797685,141.47801175461748,316.1621733946819,145.0787102113568,155.57972464587485,54.7101021891019,13.085376290922158,-116.50142568765526,-188.4311630763012,-135.72667685025633,192.73177413482,28.384385701994496,94.88468586202116,17.06224802084666,-30.598692456863454,10.362391188947353,219.833563765728,137.0221060706908,30.90513322805549
75.64673088923155,249.1071005209164,349.5013620274592,199.7858215967757,180.6452038925352,132.37884762637657,48.95993676661594,-4.541455500456431,-75.20947873509563,-19.816333845767023,171.3937594919751,23.55895743520133,79.46104670534426,44.22463310947335,28.08473343424531,66.0377407759705,184.5306650243148,220.90756044828535,69.59829428642325
-19.232093457256436,301.7763105587393,296.31763503315494,237.73998022810093,193.2180282992583,195.92428576461504,89.15046991360973,99.62157807649986,18.00864938695996,106.39987037299902,73.45436442515867,60.996103349119934,116.88821044846036,102.34326408432482,39.88046992292652,105.84519039604096,166.52334458584025,259.200288859231,140.75197929682955
15.171314991179562,219.48462889363176,204.56867528711533,236.20171277831835,172.59531044969833,179.6092992404572,58.75199140950168,90.08945597435128,-26.66554697565473,121.22786527284352,2.931732831255501,90.00024879306503,72.69842411688398,108.12262495133002,-36.165251801616925,46.34221793628791,117.0914500359938,217.51293702358305,117.82235549027396
59.777278368318825,158.21208283516282,109.53268900281726,247.6815822229098,81.66687573474947,152.49598602885715,-13.533365961309148,68.71549055106811,-7.903113686334715,115.7762937303457,8.682846026716177,84.6493495047175,11.153061094628711,87.9486236604062,-66.7164025359605,25.98411072719386,66.9019509648584,135.7341922909241,17.533215785489265
63.62935026003949,143.49261845461348,130.69785610480596,203.5456799853935,26.053577529491037,109.45857714845263,40.7117097299584,77.1679748734268,63.73691100364484,106.52774243128852,82.62181474933024,54.130590806811,90.77539201744494,82.12536941936773,-5.000049253360317,77.87206468178333,57.09790080333355,41.12814445829901,16.315853266925888
34.32637505040201,52.06582256839525,129.11455326655795,36.87401529734501,38.622264861434815,9.197697139938716,114.561037027605,19.38006459086963,-6.427998567938777,-3.158194184611614,106.74160372195428,-34.52637700608618,139.37822992101354,61.31092904513813,37.026995801673934,61.30497646819578,4.3714719299594105,-44.74100559216958,48.992289460765946
-21.50764323443567,-69.42100856741231,15.5564882636279,-113.82288050624643,32.60467919789847,-9.167463446960138,83.12098551191305,-8.366471038110742,-34.99347468214306,-20.95212368141977,-11.577462815508769,-86.31878505215673,75.6319618274827,92.89513123654282,17.744086631508374,75.13175864668986,-70.13662371944677,-23.452677226631625,86.45105937885569
-85.11301139981875,-108.22217084989514,-64.85697687787734,-139.3860870893558,23.400093703559747,69.65940305818214,58.747380380640735,26.41989437119375,73.32642879459989,40.72480550967552,-131.89834455236084,-50.67215389992816,-10.354055107448474,158.1859861531402,-4.6106415282711,132.47152012999396,-130.4792802973526,55.09302841041416,109.1566257006828
-187.03934445100916,-98.8513121431385,-98.5053868674277,-106.88118178948548,62.43922527782617,110.59395066129248,87.3140742340057,58.40138326273812,105.787035655599,35.034019245103536,-155.4582893073073,-56.77983787773898,-64.18704449856328,106.3668576100352,1.3652697248216408,103.50778993483355,-187.8507496261597,49.32933973912218,53.92911177364536
-237.3255382838841,-41.78083074877578,-82.50344916713394,-72.5448391746292,139.94115556425643,110.54051995340096,183.3709369773747,144.11947685584224,68.08307664660235,159.66176121953788,-114.92571824115454,-75.19969196042061,1.3622836575822994,41.90700956354578,37.54168453482871,109.00915277241542,-157.9815860198913,46.24313396978249,96.99330485666304
-202.5865799047113,44.76892091940313,-60.11347361986806,-76.7044784399442,170.78628895701408,81.46016124976401,332.1502494933846,240.4479565871942,70.19182863835425,309.22697741009534,-51.708783075195655,-58.279837300713,112.50477614689515,87.31422420736317,75.53348198074428,129.44260266975832,-110.41523547685443,71.36944695753152,183.44441816042425
-220.10479070189947,44.6393503646433,-144.89557519784435,-136.4014443413528,57.04709070142585,2.742413208467913,337.8794184473928,167.1570416978531,89.61824253028752,159.90272741939114,-69.01729740297645,-93.28664453528933,50.711903727281374,74.89847970506358,30.976563074244496,32.37375145994777,-153.92433457343935,3.631915009622676,52.03525260123168
-148.67530476532718,55.63810610823579,-190.21210181027,-162.09236202404745,-86.39617380403878,-29.05021632353086,238.08886645236169,54.06798597643337,94.11352550490732,21.643970615614396,-116.73000707826832,-99.95881117473488,-62.00289905190112,-1.9711301758765705,-38.22329319261116,-31.173396663081785,-120.95299900250048,-16.153409990929212,-66.66253704401126
82.37933074399756,162.94950559656252,-48.4307200971221,-71.60046968774249,-47.959107635191785,34.24683984881586,253.8580091120978,127.18133423729412,84.41322650698322,138.6417939664969,-50.18032229453888,-4.3958269055209085,-27.78313911020836,26.513332954182125,19.51292765989411,41.32471836119799,15.260427011983015,90.92677327276978,8.905943279255878
166.9281964196922,201.45694520961715,75.74148727656024,55.75193463779956,49.48420850314542,114.2925198137617,239.25024953035003,209.41949937929667,89.30883795430701,180.47034725087252,10.123603562284371,64.54932361913627,-11.580526774052045,75.69291488820869,108.81932498560714,122.55964671810844,84.36388991743664,148.88845438531405,32.09977677844159
117.30284027992576,187.86926568578284,43.93762487852166,112.85701959996568,19.269803561495102,133.07606870284587,72.68726311628325,151.45488099815128,78.20798780072919,122.51215538631789,-32.63724839049166,64.5321270048343,-67.95935561607675,23.826209295436737,97.21148037923008,126.71691872792248,108.88469693659506,128.79107020041005,-0.2839842725353907
124.73018702360714,209.9759098210661,15.31730453560854,107.79604555182824,-52.3332690787269,40.13879911459456,-67.85000149338481,33.03453928173501,24.97460597827452,93.75687334221432,-11.172911259763916,40.74072364555836,-54.92884540179747,-47.70561690602312,56.579843219573,78.6242225881388,128.24450137326002,41.24217685621507,-4.568693544340223
91.97540109740255,171.95103633502134,45.44525951274413,57.01950088431668,-130.48357163719524,-93.02370427233906,-115.59424234472988,-62.58833548254179,46.04546399960816,22.849870152652656,25.74335723746669,-13.418894619111516,-16.013160792707637,-84.39281609411965,41.28816762326492,25.327519750740336,86.57020750137251,-103.74352872532089,-74.7394578108284
-13.345392513213293,78.45328383573685,-1.9774084362919304,8.030424290549872,-171.02124627931417,-164.9380386836181,-97.02651765311587,-55.84786737404968,135.0830096513777,20.41677172023148,-87.16907211193202,-47.61735236917081,-35.6167409027653,-89.86050733185694,57.83046147900737,5.347842448243163,-10.091777745228445,-149.81045516406337,-119.75080598511718
-44.62616673389725,-2.768970922609544,-124.25153150849512,5.3151621718074535,-77.99143648684898,-148.73696753448374,-24.172471526748183,15.86681066537566,161.64430150036563,101.27503759645327,-171.736939540645,8.838765868629887,2.4019120164288283,-2.8344628091374062,97.10631689818564,33.677079146186074,-72.72040439084927,-63.6118905813219,-27.91426627275896
12.87453480141094,-40.781944629253054,-174.18407799209055,11.686323983572432,45.25541631695819,-61.87532614535526,39.73585277011877,74.23012253619355,173.702058972832,129.66891047803702,-145.5798348810337,86.8010066393825,151.90396039569845,116.7919501573442,117.52343820097686,78.3084474338871,-88.33008594938195,22.283323911692374,86.58966156500881
-25.317975822954143,-15.863075223274194,-151.5237127554621,-41.128132418329216,83.34743415613006,-9.382120047236397,1.7379824486573718,42.56304541205293,149.1784134817512,67.38103095388107,-116.9162929470123,46.17361120519766,157.21676590726852,100.59795625091571,102.8418195838178,25.182611381109435,-128.17669701892098,16.088106175074156,48.85854455777852
-108.71202208734344,24.24646793429801,-111.30274070992692,-165.08930084557306,77.70519600688844,-19.1243416968792,-133.31421455926375,-88.24323064143164,17.215288940025555,-79.26851749096393,-26.928433745399182,-88.90537520125011,12.783348078664572,13.089388392297067,62.80403124753495,-72.87381123929323,-123.12315725375326,-51.19129432110039,-120.46639054740167
-37.21078413049092,48.14853830280188,-9.59553642065518,-217.5551933089847,102.08142719707958,-21.83794161878977,-210.2142511152627,-134.4318412676914,-68.66112870195988,-163.45505396126518,71.2906961301626,-147.47664442890172,26.12701021647584,16.22286206602695,29.9434002776828,-12.882725239228362,-28.013331324062136,-75.79113245214891,-165.85420601470554
32.086079458529035,22.867659267776844,66.48160001006742,-165.2973221673064,121.53494855298251,-32.66571461725491,-221.57075012140743,-93.54841758330944,-42.49029922161768,-119.84404219397771,46.83892089751177,-84.84276459746421,94.2137703820942,75.17418241865442,-16.353429507110423,91.2043102324568,17.216514133544283,-83.9991596489425,-68.25552361112956
-8.452090071586724,-46.51593403962882,26.47017574054632,-122.10684841837254,86.39507898492093,-85.61310160520627,-250.39101784891923,-97.4734738162492,8.147627660625874,-73.59136390389665,-31.57403113062087,-0.238915982735338,8.709218219977775,75.59770767168067,-59.11756605176824,99.48661008715496,-17.596813565129356,-102.242889659946,-6.602012531586296
-32.73362382610962,-89.99144633980082,-1.8939123019141944,-97.26128736734324,34.675491424816954,-126.0258239270522,-211.1846236048258,-76.73709952198202,23.404038847340164,-33.35784291305649,-32.3627323804042,28.995394542091628,-71.17791914512605,13.271111375387678,-24.07031063926301,102.73812056868742,-19.023915803065037,-62.24853661636045,60.92898295508528
-40.389710384483536,-85.2379698543056,34.070512874661645,-102.00442868040705,8.065684064102154,-90.26526911762755,-121.96635570400596,-33.65926179311853,-5.073473056278622,3.1834221273990937,39.32811834176392,-25.797773055752423,-13.11495332557644,-15.967555310004672,33.825728010807694,80.83727913784686,-4.4804434162610365,-12.360857175448087,103.43252184895792
-45.69197667786829,-21.575515789649764,71.6713950214263,-127.3132682224209,27.493204660015937,1.5866679061992428,-93.93985047315026,-8.269243910656174,-10.062499005759324,24.62968029515105,57.61972131933627,-98.47578257026886,69.93633376285486,-4.633643713855519,32.50476789076039,52.20228964627007,-19.27856203900459,50.600045165919575,82.13029052598561
-12.763077665568357,83.49911391626523,100.5916142361073,-58.26928151159805,50.52893034555011,142.5593989486332,-90.32576403432428,117.2392284252428,10.255276204503817,123.65210172629374,51.00120919060614,-73.32251524889972,71.62687708269517,54.67634939243637,-25.03755148648152,81.60333060372811,5.551056285955454,196.06555574252036,123.58475695529722
59.48426793622185,187.68450957278424,151.0625001853681,154.5433162972916,59.245125771310704,313.1903129117489,-65.74482520527788,271.9449136844222,19.941518402456087,215.4486479871981,63.42095726684383,63.179530255716045,42.26117811760648,188.48982750682828,-57.23496999458434,108.69376312313317,91.4633664537695,316.8680796160124,182.8657959348901
139.060050152535,251.15146309397252,230.7461207074012,340.4553283109749,102.57521405297264,360.07912324976473,-17.256158832271026,241.97827749882683,43.84374235412706,163.86366882572497,67.38414016017573,200.1647682507185,52.23016590306143,204.0844993743233,-10.55686908497482,110.6986982955205,174.34181526942126,284.8803714728595,165.2064490205348
138.09719466558693,202.65976678379508,214.495956864587,297.32510122287,150.06615670708027,213.7019644241042,11.600336146795044,85.13339415985263,59.32058819516124,55.21812845688608,97.74387120015996,157.188392714141,109.20854335208804,64.00369072855118,44.67916411620803,78.39119713778604,116.4462579743038,147.49173063473424,60.60257231208707
6.557671179701859,53.19490863696532,55.79412614782589,98.92836999629776,163.45307739112346,84.65227358070996,-17.476622715533768,34.959027980139055,53.98622988896663,25.175263842492157,17.848299231925544,-42.32835858432456,116.00715789279316,21.061640697376475,42.52414507929509,86.53433596408713,-74.2737492375976,82.17834000791441,-32.52905957173528
-150.06904654442778,-74.4133614055952,-78.1002472714972,-19.59345118134777,154.8051193440768,99.60216128139405,-35.997868756800344,145.23278963060187,59.16650360124003,145.41054578564106,-130.798985585224,-154.27850035355775,49.46692726699111,78.78789894320609,18.9933168292027,208.77751902985173,-151.20955546217863,120.00098391187012,21.403858800987084
-185.54585797574245,-92.449105965091,-72.24877716173441,-7.370074352701149,137.71970732732814,94.03890951695644,-22.43224457932418,224.3358670968574,61.49791686463929,245.4367538579491,-66.46367794331171,-135.63857899693298,71.69693923228365,68.95696809627638,17.308567491888443,278.3744657358549,-83.13579543855904,102.3319893183308,99.93867494796103
-109.11841514144022,-10.71078693546998,33.545117407290014,-9.04025660596129,141.22892733042184,41.93318193640059,19.88708984412279,177.4113958162263,34.54248748022113,137.04867465657964,69.22229286840658,-79.82657079121802,128.43587262618658,37.12147943500764,-10.689088889067364,195.8091748455101,-11.72686370513905,49.65647551573172,83.65650285821347
-33.448194849423984,59.466833416751975,98.19764137393986,-26.56334751727928,155.50399404276527,44.51797119456312,63.422734186550606,114.65989690922076,-18.59989275525098,27.31601649689634,51.49492331288484,-8.839270652786206,44.974203940557736,86.52114186036026,-32.81990700460881,71.65631505304486,4.413771569586298,52.36704215165376,41.36819026083596
-15.594228493568515,24.78013963358302,82.4363606686781,19.541412110628084,115.27607565889208,71.19668333098895,79.8749527987309,88.18703665125729,-11.899622569679524,38.99107465192339,-0.1408141087872415,38.488888962655565,-29.251676624203803,165.51079829879063,29.822873703723705,6.480991434438193,-42.5717962560229,69.8182721091292,35.56129920119586
-47.04758178504165,-0.8820849611702897,117.1323806803546,83.98389120604111,56.55912131184573,137.4764199139099,145.5858996707479,102.1144271860966,93.3189971629787,51.49172660173569,3.79513908431256,56.01895718830035,64.43367853280745,193.00291754522803,80.5117763085714,21.523937686184567,-29.53588795598389,124.35515254193744,73.50291642330727
-72.37765397110148,111.25849072758668,213.77875806417936,138.9225904000999,85.97695726913014,215.09558474284972,176.6847008860342,150.25906163899805,151.25828833025324,90.42761093618924,41.84437285849297,66.60857390069022,147.3265991623081,173.93469026228277,44.855743178995446,61.64864086534207,29.875467081184123,153.86821613510503,93.75671796437086
-3.7426975688577753,198.4942928855692,260.0324998589211,123.52874388483772,153.58082491718068,153.5467388997921,102.99778025792436,134.7719508847536,86.50502372353334,115.0849423926389,90.6754608927612,64.65397293001635,130.34460063663502,121.64227031948428,39.148399417737615,62.98152571787236,11.736965996181544,31.759964578665038,73.46707980694077
92.2408753092965,74.25819181675348,192.714593083211,-6.201817955522039,183.88480938801317,-32.40305249195675,51.07151828819287,48.85391355766618,-9.197393202441658,68.1739642799625,54.22798461804071,46.00014797351089,118.9813512166352,22.9851377322333,79.7644111559835,8.34380945175604,-31.838215180223504,-146.88578222049782,12.343038652575
12.90905624502532,-117.6674402280784,50.53255006464005,-145.92282101700053,142.94397162294314,-194.57129838908375,20.787133620750545,-2.706545841090496,-48.18810766580234,28.09762245044903,-63.17357556540958,-16.736375025669727,42.86617125686854,-84.4736220745155,34.60803622127647,-76.23905285287198,-109.89774760570992,-254.4451710447703,-81.26042145853181
-154.92299441646344,-147.1976090760505,-33.35402930756313,-196.908966257988,-0.114514331385973,-246.4124309436647,-0.6966398943567542,-38.80309842911226,-1.932471379191884,-27.784170010919027,-97.20416696668282,-96.29767998237529,-86.91411315662684,-123.42687150398888,-7.985256289145828,-113.80945298765222,-183.1198078116052,-226.57479546597665,-100.32183817248055
-164.2629690786984,-43.06068298426595,-17.156799018203294,-138.08059990107324,-77.23464525493961,-165.38279361073742,48.84016914311922,-41.83626854107206,82.24137309643868,-46.42175941688203,-36.56761055530264,-90.28858216637052,-77.08737002324877,-88.61255113528809,34.70469457875679,-74.29370463881591,-156.73183108281262,-68.54128351276415,-21.192678910251203
-97.74796002750992,-30.49602140482218,-11.239326808081302,-68.58997338446106,-34.014944771423394,-30.73426386867377,91.83270701735384,25.347215596086546,93.3977794163866,0.917320224539526,-11.44520880859719,-42.37530644279867,9.446048341586591,-37.31715549901055,33.7032872550506,-54.045213757749295,-135.91794284611083,24.621166043420267,31.61641349353734
-109.93865655330774,-148.33116471413916,-78.14519473173148,-102.4189651131063,-17.15895823888299,29.030764802847003,78.94864671270896,27.7465310961454,27.298326905678813,-12.971802262009955,-44.57301884225239,-35.01842789499996,8.75597182047367,5.42000104154294,5.471613598181421,-94.42773828315671,-158.27579621518518,-15.501304417310344,21.48438078745046
-111.92956218256806,-235.12888550974063,-138.37779569727337,-185.42244264712204,-1.7631949293868028,-27.29399586333953,101.10567238754568,-61.171687994823145,-18.113130224512105,-83.36406893722693,-82.52251265518285,-24.24381681192113,-14.69875612652399,-11.787414881240435,14.41944021386162,-143.12655935195698,-158.50274932189055,-79.65883528725149,-12.246514000529292
-33.87858329073121,-237.0890432795938,-120.29744858106248,-196.2988831090248,2.42765269799515,-127.76211820320432,148.9777959345638,-154.32917094247273,-34.1821992503526,-154.7507178654131,-84.7017565469188,-27.61189822433649,5.473744706677962,-101.938336577486,33.246389474651544,-150.65822395044435,-114.13052587608732,-147.69110316117394,-79.9202893909247
-17.21140731762983,-141.0577653573221,-36.655172272428935,-87.01229098110932,-26.176076918534783,-129.02327765119077,161.10660396514075,-183.575873483951,1.8332617350606564,-146.2353864977664,-47.95649939654086,-46.92445562069344,32.31106212316563,-112.2432212671808,38.55325939792719,-72.08590888552503,-53.38483988268883,-133.46606240511733,-89.12470595907635
-105.07750398818229,-34.17369605837001,34.81860047589659,9.525670107343036,-33.21768584324472,-58.274621653875485,125.749956178468,-137.38790685775416,52.54894528729577,-96.07244966158802,-20.54307468395208,-36.5438558110367,4.020304666875685,-36.443177401498815,14.354118787235135,-20.703887118783417,-52.28497341256594,-54.83818913196992,-24.1439938768145
-83.62992291106994,-40.45997122853224,28.672943330185795,-24.149991355719568,-72.19336811237311,-49.33745109598562,64.90046806638746,-109.64749883265746,29.01839738922986,-121.78007699901286,-21.080898117640395,-17.839118981126123,-80.82619403263317,-27.766221400573706,-2.193752647861713,-29.021682789736985,-50.89751162038685,-42.8912241983148,2.742681268765466
54.492418530923786,-78.6234194339725,19.345514421738013,-24.979347470490072,-82.41126354650412,-15.00760353534264,62.84881429559095,-41.59293586747896,-8.062072913986148,-54.33035195565254,-49.44677104214983,11.215074059629323,-52.50671492686156,0.5726769886812355,-3.4230755273600755,61.93834005884617,25.579620163096788,12.71345003866266,87.70369757527581
96.86465876357356,-93.0233966527918,11.04322311265256,40.54281954051588,-22.8667863161232,23.98658975363224,80.57092424787953,94.33950495639554,-34.44364135387021,75.5156895140892,-49.38235472858758,18.34522940573896,94.7222190591021,72.35959096059536,-4.346748369481208,149.8072453625539,62.63925647236741,60.00998079572367,191.0188535578575
35.76692074773237,-108.43067024236476,-61.61778009463866,2.845605139883614,-36.00759521436367,-81.8612218364864,21.941361695687892,104.24034410894464,-44.78650835078232,24.31542376967344,52.80426128499304,-42.61206088973013,126.48005739829073,23.35154015219382,-6.787074350472016,101.92801504165182,-12.602168064156109,-70.28220182006099,106.84290635319346
-22.481782492487497,-138.25498538700975,-126.81411640536656,-77.08498153429665,-83.35537218388146,-166.29600724247638,-49.73216088715796,24.40589013684504,-43.99259469963706,-48.04599808375575,70.38612069572997,-105.56961481607472,-6.165372236659388,-47.22725336125172,-25.89631595841669,35.238399719455245,-106.60973597852563,-175.8472936623813,-40.02399446696176
-62.688306074261554,-144.42610829941026,-167.3894196902768,-91.8640088209022,-80.20329292570496,-131.40766120644568,-71.2363553844422,4.191567033104444,-47.0037353118821,-31.572244922019085,-84.13725485892202,-99.0572757596979,-117.85201108689812,-51.43596154721851,-29.14883756748472,3.8028658517865694,-112.79479957188757,-130.20340298183575,-75.79703761878214
-74.53554078511411,-106.2970549015786,-179.2832378509652,-65.26642467565605,-103.90427570141908,-115.8985566598044,-52.90861627980391,-20.16579735257848,-6.572228862211547,-41.262415554289205,-158.48457462156784,-55.18963119467169,-84.4351412480401,-78.03743422965353,-6.691587254418923,-22.903813580149254,-57.6850394327948,-107.82535674112938,-57.03354788858385
-42.22791850789057,-138.05285939093113,-159.67167275333622,-30.673476035020293,-156.47659918260655,-125.6120615413772,-34.244115941229495,-18.24906269504866,35.918583587410644,1.3540773993316677,-122.93406524969504,-22.557165117201823,-55.07307304793317,-90.29680662022744,6.993344844146053,-29.744501139434377,-65.38816437149171,-171.54134378846905,-52.09880675794355
-88.24370500666129,-162.66913811577453,-194.0823596502189,-27.98400807509884,-209.09103486172236,-152.58209069005918,-82.09928536255606,44.900228580040206,33.34569389322687,42.801218993226,-83.65371752996947,-19.69834933296936,-131.75761859842922,-94.68968020064004,-19.57541816170844,-25.78728950193261,-93.29050142586831,-238.0408864965785,-51.58661828434101
-197.12463984538124,-121.69482690244196,-221.16536726243424,-60.8607927688571,-299.555814484231,-202.22709797149207,-161.1112928703552,-7.274179560382381,-26.975218199821963,-70.70316702405336,-5.77557113544809,-62.13523268817475,-192.1930928337562,-142.00183373123664,-69.27946234420985,-49.53161528412822,-17.534044064820545,-264.7347784171956,-44.54305775142744
-113.40964567495728,-166.87276447302563,-143.54695711993745,-89.583885308028,-388.6718501349811,-208.6033440563544,-177.3243591081213,-118.63036825336002,-105.73406674116968,-166.55578748229613,28.581146474726005,-81.91181919144911,-228.16481109900496,-187.22333664667028,-86.4365012199117,-92.94437074434474,75.00903992418773,-242.08448302139595,-54.44191745316851
100.5068102904295,-172.73879143621343,-28.630976012668537,-98.11969847250565,-376.00694358461146,-169.03918643067004,-128.5647955434898,-97.91479941222262,-90.63141358022496,-128.22651403385154,-19.21771302958359,-19.064872628900478,-221.6783695132968,-211.00695231115583,-59.17034610479626,-119.54400964377751,95.1023524209935,-175.56052059567548,-45.16823387515817
181.3438371740465,-52.589358539366216,22.86908956984979,-88.18664817888886,-269.5190735593858,-103.42171335624504,-32.73767947574606,-12.614060485608276,36.43496113751348,-54.65470794248528,-13.188368779987544,86.13373844758016,-117.6958088804661,-178.14717333785407,-8.967128428109078,-100.76104424556118,79.92953837943152,-104.73302323478504,12.280922489176351
145.82140868699724,43.83039035306879,-8.77960625978765,-31.009229156656893,-175.4495668180662,-51.93794830311918,67.8782262474988,61.238094092623896,156.66067405558076,33.32578970589806,10.072558951512976,184.1688155298439,-92.24232927842117,-100.95829487317624,3.7073356866697296,-60.62237026614081,51.80986162615343,-42.89831323627968,41.73954393498391
61.503059091366914,76.19784327643407,-85.55056937906302,3.042578912305764,-159.85944891727985,-76.45104497546764,43.31688964610662,55.38390812257312,129.31066569519555,55.13452419540403,-18.78181053644439,195.67362308687905,-175.07539077802778,-77.55877729481674,-33.85894616326546,-92.67876167705506,37.850912091238825,-25.97840326505323,21.477533722077368
13.172462151179175,69.71153382309028,-88.65427794041251,-53.890531338804905,-188.5382346976967,-118.24433831038394,-68.72382997852857,-41.70149376594631,21.748772896338178,-29.17668111326053,41.49827060813816,138.8075252634329,-138.06238750688195,-87.84975512695635,-62.85348324340025,-214.39232719014112,66.4511745680006,-51.02988059862329,-8.48225720121807
108.9110676567664,77.78185732500863,52.85985855929958,-48.952618279050256,-135.08305092887383,-91.3389771412208,-47.05666285275708,-42.99408310403646,-37.06772787675851,-25.28186936406556,131.5683875019238,109.18012213788936,-21.74158956117751,-85.63806903428092,-69.26271626753376,-268.88439168979124,108.70254888041978,10.16389496406362,-27.66236430023167
104.43224467818854,60.114280044478384,113.82618465906148,28.843955696885796,2.087480463525208,-32.628952705897056,50.76621279489052,45.81488806688338,-56.03723797295727,89.30047332121217,81.47103519267606,69.82682157753806,-11.27379054023065,-91.50326314218464,-74.24102015228571,-166.95763201083156,91.65574731132934,86.72269369871,-25.598359445275584
-69.49019174925033,-3.8328394236884265,1.128768406551598,28.068444026444524,34.8971473721511,-0.9694724134313022,45.00091303983549,47.57113199282708,-26.405442350874125,65.50792184820428,46.745687800353714,48.99339121239571,-26.554140631836507,-90.84292746438344,-72.81939890752264,-94.49941309213727,49.77875022633442,34.14116758982971,-12.74891111784287
-40.98849435115265,-4.116098606957404,-11.74198106864573,-4.264263730553304,-28.542825235684465,1.7604026079460675,39.79198215480087,-44.544052812049166,-10.597089771763876,-112.86410752180406,96.5608818735392,110.88372854498598,42.36222644052016,-65.45716230921431,-33.22299779576199,-175.1668160758364,71.59242381667062,-12.480002012106478,20.24454331996948
153.83579242334778,38.221932694373294,102.98311163611874,10.376367416760424,-0.5592582417828347,13.051450288731717,95.24543095093638,-98.4429483068254,-31.285493828662204,-147.3389268251942,69.0330501920786,184.39044094906367,95.5020536631767,-1.2189320922005007,12.08811614913155,-237.7295756758386,87.8389790880221,28.36531734748409,50.28544295090436
218.05797830758948,70.17573144161717,115.32142532424652,63.18391728414272,59.915073562495536,79.69573884677924,89.6628178853924,-47.08131056338867,4.946295672154896,-4.957676947897164,26.1014050578753,212.9179887941576,64.53080980027511,72.70724057791506,-3.631255559392388,-162.75557938245606,72.13472642040223,73.59643998549495,26.68135849916941
143.44720217799656,99.51206342707614,49.87720304720347,136.27130593010682,48.82791690635816,122.4235255902868,36.90221309838648,-19.67101148440381,7.557774853746237,26.409986982328284,91.1446964165166,172.81953609609553,31.458594833625,68.28089550320297,-68.73392933507364,-71.5504274954168,92.4132840817496,70.6055151725811,-14.336435304730331
53.56213988062773,105.83182619303643,61.60149092648402,150.76356135614662,42.79409965197892,57.410140708758426,21.696533620045383,-74.79048227530119,-84.32385326633583,-64.2844390349688,132.30295841548218,111.04020078926492,-1.9916326941825693,16.064664130542766,-97.90291628722343,-68.65666957232946,124.30519728579962,7.060285150951141,-22.66696189790781
35.62746013580922,67.87085465211801,124.834677181312,78.72557807034204,30.74254840272325,11.280492418150752,24.81874563123583,-72.35930077121893,-115.15281361067996,-70.47004818290385,68.55286689190851,104.28427687475356,-34.54814041818393,33.68525111595401,-53.37843824505133,-96.49617550674304,128.3403303932682,-19.44853744964697,22.676251603182568
86.31081960403824,33.85990114041299,163.63793427584258,35.31774860466678,11.887490070919572,61.81972815107403,43.82418977033236,32.77253764928794,-36.49713060146065,19.05520633758984,39.94059530835421,100.81752745755963,67.87635124230752,84.65293267407364,-15.757322761349483,-59.515492851656205,100.51879080624936,44.31899816443802,97.68951098606416
170.61367909482527,84.48271591166703,153.5599151071213,32.2695702034009,38.074304391114985,119.75635114034392,58.79543617802159,151.47420067920774,30.75279033804549,112.98165254883877,82.7455991905757,55.74811030113675,158.83611543231788,78.00122244212267,-28.968359322834164,63.49922135721573,70.45269315514889,73.80416292901742,97.89449357737244
156.5801864127779,156.97268321144082,69.64680074997602,1.4851345014039488,25.124562279167662,121.31346783586696,-7.197919956139452,184.34278325154096,46.50279208671019,145.19943632587453,73.59133726388522,28.450497962299387,2.101521102475228,52.41380766571247,-78.99215402811309,148.34361648191893,45.95461457437239,26.652714245270992,23.26306820815001
25.78352617219251,147.1960250085836,18.369367864810183,26.183511995681304,-34.50097947555274,74.61327001986547,-75.38226519315079,106.03597284324366,35.628572748518835,102.74290918874888,30.777196790576824,25.478205447384106,-127.22712957309132,66.34263971452393,-99.5703982314518,116.91526632345123,31.954044668582195,8.98526509376708,9.261622559540738
14.131192607613706,74.46948506142819,138.83538015774712,121.72500456546256,-18.940162185089186,76.79234601256167,-12.149666805386955,36.40308421537922,6.688939513577563,61.93069323667898,87.69135570685626,36.95787236537208,-15.778678263616742,128.23617427761755,2.0685121917791194,80.12340476769891,65.142543073296,62.30730487334407,77.9792006315513
96.1431460876965,48.03543192788394,251.32798481092664,184.984050812564,57.10074779738341,174.89338472008347,132.57239544288606,53.71784158412825,33.52204692399918,51.68525898327488,159.2852048908865,101.20282979523805,116.92077351488162,167.100309244609,113.91732343867145,52.3850996525677,107.87512005462789,115.53769606593828,90.7200735332784
117.65220871350157,123.44709481689202,151.05888391626985,231.7058755592253,106.6363204961156,227.64191346889632,180.4839292119605,65.8746515193224,55.134659668888816,58.50962282470681,112.64358144165897,145.5759095154124,133.54018639934833,136.01461607656518,93.1404499273494,18.929457706032743,143.33371896122347,114.21417085089683,-15.002859372987777
171.33367135600008,209.04263965920487,34.61409647137494,273.0455837044729,120.16164274194446,166.0758132648142,92.2692016520466,7.871717744195932,-37.52988852610748,38.43151882687972,68.58921278391304,136.19378087116823,29.721322265199824,93.93952514686718,8.3727207142959,53.64043992231487,193.1699842121829,91.2419462820657,-91.85176376212162
224.9829454092444,260.6366450381313,76.88168157708196,269.2472554080767,95.091560655922,107.01797961876562,54.25003480852581,-48.471193180097565,-76.38847273674371,-44.12620321898792,83.0522788898193,149.86774305427585,-59.98341124937321,59.96274180671849,-45.69155823434526,75.62134019190292,221.96647574121172,85.27189748555479,-71.32102147073302
174.73259947943586,281.4797724232625,155.19705364318045,258.8007192499125,76.27709970606527,97.53553055902978,106.04740418700749,-77.41229678396539,20.613540520902184,-95.03499429318614,69.86957250831996,156.85848726537125,32.82739948111427,72.42321154082336,-40.77199071492084,18.788933581110825,207.37212450267145,100.43179601462788,-79.50396624903748
144.32925846778508,257.7758026812582,158.29667994224997,253.16715570689132,80.20348837451648,83.75343541966684,120.4812843249978,-147.2765277904812,64.11875186443622,-146.32876068746197,51.20478315517276,120.84152673321393,156.7499691014308,100.53425361372356,27.89237868414133,-28.73665557137245,177.94904584123887,106.00687233744804,-116.4726316826742
158.4879706260943,220.532759825633,86.41644239677852,214.9067147819325,72.8398924655782,43.34222414462693,75.29662349989238,-199.5581184068873,-25.578969188170227,-218.71170220285796,39.00196416379615,80.47544155186694,133.94670474798673,41.44143787264945,66.89093058170657,-46.86052574385222,169.1359766474168,55.35945506944585,-116.73224952867034
176.42742136674818,146.12354012971642,48.71679533011119,155.89296333335196,121.22731039812491,23.07077111634382,22.195817989331,-143.9220563289628,-114.9771960101742,-135.46183014355356,-0.4809744155174699,90.31816380228612,68.25360921939006,4.021042427929532,15.57179225585666,-30.1038508613447,169.1796769541849,28.978873726330487,-68.6790367534791
179.72770886909944,80.89555162948949,93.06052972191183,123.6940147687978,185.5794404100619,42.500213078938216,47.13611198473642,-55.64680186838044,-83.48026713277194,3.617664640783678,-18.866541078587748,115.4670379118303,87.42728144952646,41.43543745471728,-11.426902589234984,28.915823609633385,131.36540654127094,74.21624119013751,20.999856654533232
28.03279238603025,120.51280844818795,67.60237125924284,95.9439075962344,152.3499675680806,1.0464248578326505,91.4202817771103,-40.08461120149396,-29.11703156142869,-2.985587723158156,21.86346028814409,37.447463976645686,75.92733353532607,-4.032016536745045,-5.378280485537248,23.681510913134996,49.262443828251314,47.70459390352695,13.549098920822988
-120.01160048665972,180.51497806580815,-45.35120524517644,20.197213794310432,48.95156380604006,-116.73022215427562,28.254422244956967,-92.29287747767778,-92.80167824961964,-69.33563585155984,54.87584310017054,-82.60342269205053,-66.84370454571634,-87.61541822690994,-29.735247070069416,-31.21475872250786,0.3099811036773726,-75.06209623664661,-75.35099539485604
-62.66264711043585,140.01168780554403,-111.10175403258364,-24.769254823702816,-69.38225419171751,-184.0246211378935,-33.50322719758514,-122.5705628963594,-145.0224744892168,-111.47262866366516,36.09414484253371,-117.83872481220725,-129.1508520980408,-45.64311312079458,-13.234279744062402,-12.67236324361805,-5.452614500028002,-154.05388916899415,-75.45419021361724
16.271083877935464,-14.387147640080526,-139.18543833860232,-44.2592946641514,-137.18346257647116,-196.7162751773465,-28.27986378156078,-101.0887096043519,-63.71576417112662,-107.46665451064622,-14.860601110096958,-105.45850772328448,-26.01080309869053,16.301597507247294,6.746966611308328,8.502786654418157,-69.30141069925824,-155.51461182034373,-45.0173397225294
26.118682383193057,-175.6578319718108,-176.12840478872556,-141.505844204666,-156.27889437099816,-204.98950338221024,-39.87536472044968,-48.63339575041577,12.488664398379989,-36.13959087211419,-80.80229928571283,-108.60585580239427,47.53441825336387,-7.27660721286069,-5.027238394518699,-16.921699894455664,-152.91314658903045,-133.3997279194977,-14.978589706003383
-65.71091523949875,-189.0073127952716,-179.96980850764373,-182.57083361995973,-167.8066414157286,-159.74127269858795,-36.96904918253684,25.787214303937752,40.681434075484766,23.911648098986248,-101.66772815637934,-137.7186903492034,39.542045368861054,-26.41627850107758,37.76493151483661,9.44808259193093,-169.44689924636577,-64.30713962092493,76.96049919601461
-250.544682027225,-116.25420044660748,-188.2553113813674,-103.61384348003776,-135.5298002450539,-103.3328325085246,12.216731452144955,64.26413086848166,74.18398168385174,35.2087573482659,-70.91755299693207,-167.90824031507483,-15.436177442377277,-13.132147619103169,55.35011578308657,57.1634032264676,-193.53378140386613,10.584391330819615,111.94488140070122
-315.6764845197939,-165.1903106128157,-246.3801632277988,-76.95823785319863,-67.23587608090338,-73.23896544083189,54.30690297440592,30.298868929909137,67.61839492619376,35.504584379498006,-51.4180063842975,-155.6047341903368,-93.32332897735756,-6.072498736915267,17.20527548566744,47.8834471761384,-253.0653179600474,-11.98620706783426,35.97533933947852
-273.24642553180644,-266.57615196533754,-232.00238244888556,-114.86827520680792,15.348001683751908,-37.70457807024002,66.29650353214997,-41.62474382071248,42.93522497043518,15.62849940178826,-62.22650121534313,-123.2316808406315,-87.45921257130396,-29.028466966312784,4.592487697847896,18.03012266918749,-257.693834378826,-34.80952780157941,-14.649259026750505
-183.36548873733528,-255.13087951015777,-153.03302725980527,-154.210764640694,72.563435158775,-57.41133059878808,60.07346787445447,-73.40626446899196,15.217075062759466,-4.214869246351634,-78.94255796577114,-108.31143351522694,-12.05548766219657,-57.1180680375468,-32.314370384030966,11.027708598885203,-200.08749290021356,9.633664939085737,9.77523792861287
-33.34548380810767,-215.93166171125324,-168.31396462862617,-198.52189466153757,54.492356729031634,-92.09526788011696,29.15732202704065,-57.00062029265213,-24.7821000986565,3.255725823445491,-46.96878862571906,-61.53642962262372,-12.482251147944186,-61.05480900924425,-70.51828233137904,4.8125798257153205,-148.79375202357588,7.441954250865772,30.69829235478008
-9.971726277053214,-202.86182033691512,-215.9949210588891,-191.06908389862045,11.738447168787491,-90.81326689274124,-21.23570491039572,-82.33315490267576,-9.799329001108736,-32.416094433569,-35.28746480183364,6.086270743690678,-99.57106082672458,-50.89656891562852,-75.41149880466712,-30.396368490316892,-156.0128537285542,-40.61637989451388,6.326162113596792
-127.43543252020328,-194.1100041579976,-222.35664485689415,-142.452288805141,-35.16456375894896,-95.51748395087114,-71.1158181346286,-120.46304322574916,10.118481059578864,-96.29830175286816,-109.64340096097298,-11.467339368776416,-164.29133652105338,-45.57814112644732,-78.98245238320148,-64.02011380634518,-196.90062217213364,-67.03367940084537,-16.166137879912327
-240.80106462523935,-261.717531356774,-251.6719383775965,-164.0938392119004,-107.60421149062108,-109.03708194301969,-111.2178601006784,-142.64043148699542,-20.233955370674472,-136.0515117031794,-142.16688496436436,-96.19242644455298,-158.43865563832782,-114.548971016211,-41.52035105160736,-119.05153650822037,-214.4576698292007,-135.19665224664237,-48.228065760395175
-240.1986178073859,-405.7656628653161,-270.80855422318234,-238.05767580789976,-145.0245493230356,-144.7656618695983,-109.06188192895668,-196.9667817067232,-36.12323501273761,-191.3076601087335,-115.28185268446708,-127.07617263112058,-143.8432965521893,-185.57103582121064,-39.019510452200855,-174.383701804442,-225.2303527486745,-210.95920257151565,-119.5045649558459
-96.3627831664972,-452.8679716306521,-272.63566248116945,-244.84194400437937,-119.03608114831984,-141.3936960626965,-130.229866973894,-183.7314005589429,-43.56103707322662,-166.22528046565256,-114.84874102819433,-66.6243878502125,-136.5724771012797,-102.39291548173053,-99.85448260874269,-138.72792626438147,-188.88043917272876,-157.5369307921037,-127.87411189562197
-53.31029925534117,-270.61009830285326,-267.2254509680253,-169.4333003353281,-111.42453472867513,-88.7099777832849,-168.40345998419525,-71.91697710446836,-14.997879898438358,-30.03797685803446,-97.14050949753003,8.568144541358272,-72.65464879019015,10.85727717706576,-62.82658802151734,-120.89895163494442,-98.38430783382093,-75.81876599681375,-52.835692053861095
-160.55515639672922,-18.21196736870515,-160.4748772513285,-53.855988679725655,-99.05781884349726,-45.80275414071904,-79.24899971703728,41.89705021950357,94.57035062672358,99.48976441694356,-63.18611196958965,22.28344745733294,-21.91386257049,41.44267178760938,62.874383062468574,-74.16101252326527,-65.86694534470594,-34.32878141502646,30.918705317260653
-158.2574510023559,63.99584600241048,-31.985106275082696,32.736041283977364,-13.700100343915862,10.022942485266524,32.46501091459844,149.6588756560604,172.85854058904798,207.20306398163035,-94.82493120483804,-22.43574109443558,-14.35308657789592,67.90500813462866,127.22416173528276,118.62100163319433,-101.03286275588232,31.58115753570361,89.6927810225784
-43.73447640887165,-63.440249783261166,-15.987067867289667,-16.264917268179435,41.179228162626046,2.095036480853332,42.98190175290533,171.49063651232464,145.39583978950554,186.11085967890165,-146.59287565238202,-58.119236771366005,50.13592331166833,43.187693832009934,70.52589302761885,178.22577246990784,-156.85650696833207,4.538841388287045,83.90719333125048
14.288385112869294,-268.0318560577823,-61.94933465676464,-149.1370847564388,33.58014688752375,-86.67949606031856,-8.090265959976055,71.81665627298432,49.19060389104367,25.2340845043057,-147.78746450263023,-50.50201576699114,91.1463562705538,-25.034034068767426,-11.68790062258558,24.51111559303819,-211.705980952864,-95.6819187620954,49.497532497285285
-30.04833836539548,-340.3996617691609,-135.65554178612,-190.98241023080828,18.16447812994661,-117.95359984842077,-81.75860094163899,-20.20200407837829,-44.920989806211054,-52.21887238467418,-120.8588532728245,-72.94934184951407,57.07232827376113,-64.03706814859166,-1.1719019987371366,-94.09927941295248,-241.52906875070215,-104.83457338287822,35.77830679901677
-158.8754797551497,-220.56383745904287,-162.9573211221159,-110.46134311446458,0.4296259051047547,-73.73689886197127,-69.59114111101277,-64.22685910420152,-10.002590992134405,-36.92090203223001,-71.94555873349528,-85.05577200779182,76.49089316277907,-87.79404366716136,57.8655680830738,-109.65633658062444,-197.71291198611087,-52.76208771874637,45.273508591501525
-241.7703812421869,-80.45201907725716,-85.70799745977739,-43.24889363926082,19.81498503129018,-8.937543720846586,29.15473741514679,-75.96401434412174,93.97204038960102,-66.66281358474114,-20.895279243205877,-16.86365418619355,143.37544684729266,-20.571325098252373,108.30910639202708,-90.71221048074602,-102.33231386030695,-32.647715174572234,52.75251992412024
-161.50667041132726,-72.73476941356269,-15.150901665258717,-82.77237179969511,30.60918642277232,-10.674596404110796,83.67134145894413,-128.00468779843163,78.0479521869473,-183.988607709932,-7.410756212684681,-11.496738772930671,134.23478121107914,26.79903086692333,116.66359389282218,-99.21456610192776,-74.27496483739645,-95.71098881820755,-33.31379676957644
-60.46629090787142,-125.68910897514256,-24.59720738088977,-140.61318996773412,-2.39631086582837,-106.99646469323912,46.678473980297,-235.32724004452527,16.579950929507675,-266.08767309732167,-8.074077513917445,-59.88582124399275,63.7066991109358,-102.47293535122404,50.36050794816495,-145.38815130611775,-77.55257050061518,-156.2665108271166,-161.13352179755694
-20.913843446809118,-57.70834548445095,-93.7374220427455,-70.91566548079966,-10.90731685116049,-131.58058176739783,-30.012057328066668,-231.59741412059643,-9.373437824960003,-190.65002567147616,34.84308553392443,-32.839542148476106,49.30017620693823,-187.49139173129333,-13.779665779321286,-175.5361555272916,-32.15691592871752,-113.5628470029642,-181.82704761310023
39.00730372418796,62.698586678450056,-121.4440871023794,83.91963501053978,-9.227851239628531,-63.442244947990496,-68.34494897268807,-182.3941927725986,-63.95683667073733,-154.98830226802176,75.01538348083324,16.397480929829072,40.45312689364133,-102.50249632127714,-28.45750418580634,-143.5399457277496,33.12257548254721,-65.37296001869242,-156.37315061693374
92.95737778858498,27.065348063241704,-46.10542339773897,152.91325121724057,-21.895722655770346,-61.79563879178786,-94.9958138610074,-226.65799018087063,-108.91932964384549,-238.627131753608,15.157578873221556,54.77657687261918,-29.0449157410224,-14.726753902027642,-64.5464229343609,-115.76222888344488,88.90273513567038,-88.8615294735952,-188.41215445572445
128.0576439943079,-34.39796346654179,58.86866022844784,118.91468042080194,-1.3719354137655675,-100.49102331990376,-125.6015909775032,-241.05900823003952,-120.0103947016812,-231.88232611825188,6.575106163538186,80.16561977671915,-21.96221504138328,13.53259814789418,-109.69024709188592,-127.88221699076708,130.07962079534178,-110.4470119826707,-205.0187305497918
185.46624152654348,57.08111375659078,151.95240278768048,70.16440340634075,81.20651216800594,-84.57189294915311,-77.96269035074496,-189.7285892215112,-139.06514453114238,-151.61518854248757,162.45285112756213,68.34678247847759,82.92592850442553,19.59188417815328,-89.71293964134317,-98.21158097634336,171.34712520625845,-89.09195622454804,-158.36734396709105
202.02562905814597,103.73643699626614,142.66311835186914,29.73011204690031,160.7140277622283,-74.11314151714323,-18.7689046109781,-153.10924641394035,-170.57264654947298,-105.38265678270236,232.39325137203085,37.01722130746511,114.20447803650023,-28.67515211298538,-84.78188802005876,-43.486818197825066,138.29344172831586,-86.52492631494984,-99.25077492015488
89.0818333853544,-48.056199952317805,-32.51964844836421,-28.99403383208576,127.31228953759224,-104.12342168820884,-71.81587353886358,-156.98736419136546,-200.05000274230588,-91.49974369026422,133.25028628823233,11.762318209532198,32.459499737616895,-72.38531415826428,-132.35505608328327,-27.24109655154548,43.66356167053553,-128.3593445804231,-35.587642023182205
-14.441140450133526,-164.92283982894153,-152.40043491371733,-87.55309518100047,29.046266474706474,-90.3602594828926,-153.73241030430302,-156.29988914539763,-186.43479804407056,-111.44900170668654,54.673647227978535,46.213902969930245,-47.18417292113794,-16.365328539079975,-158.44124738604444,-51.41271509509012,38.332245625156496,-159.43305094936807,0.5572492227435738
80.25013632750277,-87.48702288365938,-82.8375132411146,-75.9537230038555,-17.412740623702263,-50.55951430022087,-167.44204975409852,-86.34083279186031,-130.45272016681994,-69.823375772341,37.83339742654432,142.06934725148625,-107.06293794802107,37.09904403879517,-153.60908014664938,-68.60460226372757,98.99887737898791,-144.45512285598193,-6.002778923134689
239.88937983726169,-24.61033214853093,9.763804921151976,-48.73024682588389,-67.60181062039865,-79.90373957609464,-179.89274218948262,-51.07702169621998,-97.52917873462226,-23.33665570049316,85.75353961770195,183.589379160259,-124.16776331514836,6.768368141675828,-107.82908550434534,-81.13435297127525,139.2882502811847,-128.56838463686145,-25.58277752811087
300.8127586161855,-44.66207287349936,22.59707138429982,-60.80357085874801,-139.13967502000057,-119.52782262050872,-195.57049252429707,-119.3047621924016,-67.18997357559307,-131.30916098772354,145.9108160334096,123.63798003600942,-53.57073892385692,-20.984776385389036,-77.28073269894364,-116.29159638639636,107.19995179079896,-121.21769180285354,-89.20312009033034
191.97546537012053,-41.65068070239656,-50.18347712463476,-40.02636717566264,-157.449793402314,-86.76601358152183,-178.68336185862591,-152.01658756084296,-12.95210534853634,-187.93975213044504,59.85732049372612,59.29583668672053,-42.05490326943106,-30.56993088548976,-84.17396331376418,-115.84517899890044,14.640786159423213,-82.50150402210394,-105.08680076509454
-26.50688201762092,-71.6423880275709,-134.9957871590749,-47.17062498681044,-146.08541124290298,-82.79375497020587,-169.53000581700533,-134.1876702335249,26.213041137598704,-112.06022672315524,-48.8630326090433,37.41268006662035,-65.48287906060746,-103.7780051131945,-28.698217899704925,-118.52922051972249,-16.99207257300048,-99.5708057888858,-52.85333724715844
-20.777874263195557,-85.42939022309908,-91.0492776855832,-112.56659185217644,-81.81897103075129,-136.61067290785377,-123.13974825940636,-132.19883032206846,53.02832753473153,-63.501394119936926,-46.5616275839684,44.15582306184061,-27.13191448586087,-169.6959052409775,43.018769494551485,-126.97665704743676,20.916312087301037,-172.1348873255963,-114.17853167699514
127.82321148172446,23.531312643610523,-5.518261205055088,-65.85320390448818,21.78448929663008,-114.61242108332368,-105.09926289332178,-70.95665414547565,9.454481010053234,18.59342799338364,-52.571793068073326,52.04301182966277,-39.03318746038278,-116.06796317578782,21.126755567413674,-90.9687784860315,68.01701458445181,-122.75713097227458,-194.8066947524755
93.75318905670368,123.04509163386956,2.766687437988102,52.009114127038536,53.15876914775728,-54.43930555554637,-190.83891658399955,29.27596027107501,-119.14332138690256,81.47414567648424,-40.28198401109147,20.628012245669677,-54.20207709888797,-55.81299389832697,-45.2761020296236,-78.08537469343692,119.54211225811392,-19.2041773026207,-129.27979148929805
63.21158067695362,76.51683634989115,-4.702640515501188,48.16021347266353,20.65293459743432,-45.66235172156018,-225.79444561270515,64.92878207205352,-196.48563807167264,71.51072403809908,-16.707561310405435,9.862755612658717,-47.88739755448142,-72.33467369581106,-73.13670858666926,-71.23056378308807,134.34333662726723,-29.161661278707783,-17.09699534810824
144.54938535535013,-31.62796154757068,-20.244058914537373,-43.41448375352104,-36.84235491934655,-43.22167826949146,-183.34425627626428,62.47293924343877,-160.60718148050768,100.6458716653633,-64.24793101210575,29.31357206884841,-59.21516318367651,-71.78693450113754,-59.45770991747755,-36.31291532427175,104.97761285296828,-39.26705688974746,45.8796605669304
153.21943152286175,-63.450626233034015,-12.179467641286646,-99.20935734506696,-70.88354567558763,-14.189329122401054,-111.13189729244752,108.78730176226354,-35.602854393806226,134.7927588963864,-74.34887701313728,19.547026706397936,-37.37433808811233,-27.11913910294521,7.19871575755126,43.37278839240969,101.29068584786934,29.2258180395555,49.30666675404916
109.32204392088892,17.400866229956033,43.07629324606148,-42.82213705539687,-42.208479432078114,37.95535508869726,-41.29280256811543,184.28614702755388,41.13253500560753,173.639492948797,-20.99808764633375,11.874219107461457,-54.94987498118355,0.9597681620280318,63.8382700715132,137.63538539564794,127.87016826153734,70.55427776820747,27.10029088022588
95.39247390403013,132.64617419196557,30.347446734488493,66.98957716677027,-20.82890975606909,56.61987556370343,-67.17355774173002,134.1937438461632,-71.74041661327446,144.57409213009274,-10.480321344172603,16.08019739468816,-119.92800724203732,-14.385606900613036,-8.97648870389741,101.42106864645284,154.8110909281108,30.157655320686747,3.2658315540299325
76.11230240518587,142.6481876262579,-51.618995406482895,60.35281538664671,-40.98681874294928,-5.093594545478142,-121.56935217894166,1.258914079017678,-141.74899916318049,24.109370431431763,-81.50800954971481,27.52847690203506,-177.51128144681851,-55.658653151597726,-99.72756751254906,1.01367811000941,137.21586199310252,-27.742606859803256,-44.07900460747959
87.41130913984307,63.92240124336208,-83.07674768581344,3.735610768383853,-77.47623196815519,-67.6680300582634,-84.39059218281417,9.249570392423406,4.416355296969848,61.15373119468861,-133.77526669106413,48.88581362112031,-160.91864782583903,-85.5740923633448,-71.26991071406015,14.712504767280173,81.44075240682362,6.52482067930066,-58.235534535068986
152.90427245402557,28.97654410748995,-3.47606366586732,39.02016387119642,-75.07749218786907,-42.7096793979102,-0.2684729939689994,117.40676478239192,69.22167346878152,155.02354936705555,-82.2175107222255,57.17648922264796,-13.574697131749616,-43.57316368942931,-17.147817845729453,79.59581765321057,110.6741568089575,46.99047373620405,-2.2915050446740786
133.32062995563288,73.18347524983292,111.20803784389771,101.2519627146914,-35.19631088706825,-4.035890794847399,21.721664391645824,134.52279637724573,-17.306312699750464,117.99530074442772,-21.81436951874185,34.27945429488001,44.27822924268375,56.69868217788357,0.6218381463711401,78.61702642468804,147.06908241455756,-1.0424682788543431,14.874723416975808
41.90751602580185,122.49759915676988,98.61100392125871,85.84270695858719,-63.25107269480254,-36.59707351377983,-4.45700783120623,60.35479547610701,-24.5060073452158,64.67130845725171,-3.597639816352404,-30.36097549584414,-26.58350354649111,65.97458821870396,21.522271066202624,26.94267051565622,66.62600096289795,-40.27515011717265,-41.86411331842105
36.86773318737127,73.49012571461299,2.813474246541952,-34.786130583972046,-116.03184294724475,-81.59305125171707,34.21305611542135,13.763786869238295,32.49772144462593,-12.97132952527186,15.520660634968024,-89.82375896033625,37.64035062844393,-48.405110150536274,57.548075909510736,-25.37174986751888,-10.059777448613572,-54.14000912323183,-69.1811121469671
20.917759110061795,10.405819926512182,-8.662541772968012,-104.0298103871146,-83.43819279196893,-88.56274300606309,121.6405494800421,34.16015628058764,51.31574238442827,-27.543780322619615,19.8521612219494,-124.6169013699362,120.78479735694914,-97.6274565634153,90.11968064217402,-10.018981205055074,-42.17647800625212,-12.205331901743133,-11.67021548577133
-114.57575179449633,24.60497252368694,36.91708862997755,-39.3193018293758,-36.99941826298862,-55.24112159709912,122.561517300553,67.65573555826357,42.31494352415336,67.26857949544622,17.69946449663859,-141.61522414417337,42.82892959716415,-40.28296227618188,105.74182058631884,46.92928516565891,-75.35067018047498,51.61791797900317,69.56531117582563
-166.53041973533192,31.99069947146428,91.45179707502126,-6.790006021127545,-46.873334376783134,-31.37139204987515,51.11035950026907,54.69327215620466,48.44602404473751,71.66635402716088,65.91906793818386,-97.1120822990563,28.25601609606711,-13.859879413933657,110.13607067403215,29.40891658543511,-33.39155750994361,1.1725252642551565,74.50517581522008
-41.31370937529688,69.63908344871585,169.76015697194634,-0.4960836981040709,-42.56477483974228,-41.87204122705696,9.943481956146952,3.0935731912315148,18.30285574071084,35.05644984454833,105.02109999798157,-23.93637299135665,92.82732857506996,-5.584405548306164,67.52532925653956,-18.25395573350854,89.71094841551034,-63.37764374541754,18.125744616024843
56.19159863770233,124.41967098937538,181.72444433434757,52.27011124043822,-27.46090349670126,-28.596684594697905,-24.232846302039672,-31.919480909276874,-50.34368929404108,-3.028943887971153,48.52320965437621,-8.607584805816954,63.80349967367652,9.687416663664228,16.85128265582686,-27.00210431154116,131.67866841614315,-53.31229867405781,-20.889269818218423
32.39905442787618,93.32847729031565,82.41241988322831,62.17325984822656,-65.97233972634606,-11.624942496381031,-37.66924168663992,-41.55525039056904,-27.616602962116087,-78.61543992176705,-23.0954056669264,-30.649968038046005,42.48007752575594,-6.041863903850682,40.314944389755546,-13.448133790258334,70.7332571060744,-40.16981766976458,-16.82418031070625
7.226504349549416,61.4702636278268,-2.9980961134599924,35.10037526414893,-95.57846079395476,-15.8433180654314,2.1437588008807147,-58.72119960391907,21.22245703727093,-81.31960952307315,-30.95737905598816,-9.093708025330802,20.532566156010283,-28.41615770024702,72.21749165640543,20.5305710514234,61.261975338634834,-40.779382395536985,13.638905269625342
60.19971849839901,44.85991180712119,41.46785480817474,23.203398812345263,-95.10487301983991,-17.35980002860357,-1.8981048903666804,-86.50640906845048,-44.89846514328872,-86.41742253160719,16.1307597326505,-8.009080316778302,-35.990243831265616,-44.44772763896999,50.74406980332137,16.402053389807847,107.65108645653262,-39.63660135660573,-1.089774480527779
97.09773779698584,4.5840101738096255,159.6509109307788,21.842833572912458,-72.82772925121968,23.85184498547925,-51.9988871232245,-52.51975008606628,-119.11959796503426,-88.62170310470233,60.39058137210221,-62.31298015577397,2.7437737567399925,-10.313938684971136,-12.179563923291028,2.276078913257817,143.94061355494532,21.651071474862785,-23.20470399264317
106.47461803048594,42.641255216757855,208.92394115435175,105.2207306487292,17.263805848443774,157.4621091564627,-63.47422506079083,72.85862873131808,-86.17539178430387,58.77348267806546,35.05198622066359,-24.601178582488107,74.1638881829345,96.33103673159005,-46.90181832980236,84.56637459804665,184.9046777491215,153.47557842116822,34.86723646441581
213.46434037217384,132.41896923356342,181.8354128220573,249.77672660839224,96.86487032891922,293.64458035982994,-51.106552657008784,164.9033535496914,-63.739123763342846,217.9004872138277,27.082105768380192,73.8972105540747,85.33079984673955,175.5248028689119,-25.63358917384004,166.98585112241773,186.79628813374111,216.8270514513528,96.73865475614102
251.99245020830207,141.56393124910028,140.62265373536795,268.12930217223646,105.13572548291066,288.7811966002493,-50.560366977929526,150.71419191752918,-82.71065937977092,203.98035546417185,59.77157047493135,91.32418533862214,42.39522334393852,161.29880707164892,-44.74502076847503,165.5444360593547,116.92075396461864,186.2733084127652,114.81741149221853
89.26068816516454,81.54520374515161,79.90064315549186,156.31316228547252,104.09655439921082,185.98291077777432,-46.37037085136114,87.47219781040472,-53.15980845884832,90.299435415519,10.18167193290626,48.65642501502138,-39.597986448864994,93.58126432827426,-64.13110468217334,143.20579460992036,47.853594694334056,154.8796282216498,99.3290426569835
3.1481424235672497,30.888787778924165,66.73968299723334,57.653445866037465,106.26700697310736,124.5272783941234,-43.50932396563077,40.12875124321292,-67.85039036294114,34.44013687156356,-51.22068727134624,6.19630365294488,-103.18688510494908,56.49508802324216,-26.00823446352534,109.72110479735863,52.81109171623213,142.9811900261148,57.60068023777134
59.35831979754443,4.016667909483446,119.96357501475887,21.568903379969083,101.88885755482252,137.44128719622194,-83.14775780990149,35.761978712755486,-147.28741708002417,20.511579306554022,-12.085245812567727,-26.155335276912727,-77.95951845700296,105.0383053737864,-17.38382586887833,95.2575712646764,98.1034890975724,166.13036597217095,62.273496889142336
68.80660919162679,-12.74753940875122,119.80717960025598,19.8569980609222,103.44481909847369,184.5295696638985,-89.36172597066539,25.31456199861811,-133.4814505756363,-15.82444421925845,58.07194679525161,-46.04254391624514,38.00900206405923,156.62361683767529,-10.990258466978648,91.580894948246,55.28374423788888,191.96312693350316,103.28581249071648
17.15010421381997,-11.222262253010992,51.29882036647835,-1.4494947726940524,82.70486861682765,197.27211914875528,-16.564488682129674,11.262814422107375,7.513977435133313,-36.48220203136755,60.74812219035494,-26.710593330722727,92.3811655259518,131.71269648467637,20.87623369680206,63.01740236669696,-51.03929978700241,181.1402245732488,96.84120316522656
-72.01472333871935,-25.65650175657873,-2.9484361668809496,-36.268485838268,76.19328891279352,168.8338222668636,31.14342220819048,45.0233688964874,124.12546801300492,12.057850952244074,1.117758123985848,-1.1228896865838922,62.42181562062357,80.5038250250374,-0.6303194482619735,82.82315429334271,-77.52895378083839,174.65343661550864,79.7611650688149
-133.05049849917356,-30.843442109088592,52.01524401855506,-25.305746490385783,153.26730149190752,170.27259533169146,73.1072895290491,79.86424538936365,98.74597901780908,96.24887034501728,4.4679423787422525,-1.5028704018161323,75.05843649556267,61.984893349699945,-44.07040989700791,117.72187938819444,-37.6850891999639,198.3957911729502,119.95493211943938
-130.37851174377371,63.480975812266735,167.6533240633859,56.93724456781349,234.1761494763889,223.63767978005671,106.37911906177727,126.30334925421867,35.59885434413644,148.8564440340647,71.56865364998384,7.3097659582161585,51.48404158039493,147.1812338211906,-47.11559860293996,130.26015974622857,-20.410568093220416,264.1498830852647,160.7099404236311
-139.2534587851927,177.56085211687434,192.6529423900155,157.69934072218473,219.6580029309851,310.8159629881722,33.791169025999984,181.4987565696403,32.09988019402091,180.7974786905357,67.81689669433399,16.099763524080817,-42.5866922544454,251.1487483982093,-34.62104574310882,147.1886352814477,-15.536104249637358,299.43151410081464,123.8368223609183
-54.38101313449573,163.11611285662937,160.87443586681397,160.2689693100419,114.10930817786634,292.04195147877624,-39.36797236938079,133.6617774766279,25.05048342478749,136.44430398177363,34.252301185759904,17.03538752675655,-38.607863791546905,158.62403644361353,-9.167209645169434,108.29667733463916,27.425737902484386,185.87785921989337,54.05593163402932
130.12954311595593,36.39230568912482,106.64326881102524,98.5371407432748,25.10180704599571,150.8394511930705,12.308549395980153,76.8588387828428,30.970762142621947,46.48676314930304,4.254197495095336,16.360565103899543,38.61410484993304,22.087497561731336,58.1754798891096,101.2882024808596,26.12946214480129,69.0231285946636,33.32456138030852
124.7930109698385,-45.487333349909065,2.1879616403079503,80.84483634336999,17.454993413108422,101.5781526642648,98.63529502815744,99.6809809018176,100.90413741012496,18.202635371820204,-75.44167089972954,-2.7954455127965403,28.088066440057812,75.35051865749439,113.57541758847096,149.80067446058158,-60.97227248525985,116.00719703730564,19.22094247420622
-91.49110946999636,-63.03337731922169,-76.74841818592019,42.474265593864224,8.80542179780958,96.16147606457402,76.60392685402499,74.89952660874428,91.23868758704609,-9.091143674489308,-115.69685376033225,-43.26649481794303,-38.572604988259165,136.1930322447863,49.251795842102005,72.38589759585675,-102.4101676657212,130.3514621478043,-24.915575741517102
-223.8535302135822,-88.4995620819598,-65.07405283993198,11.05007759684453,14.350509663689056,56.16618609325594,-24.229823267567216,15.692944091476864,-14.869441626083864,0.6774932352806872,-100.94998344746222,-69.46006946897245,-71.02386247799689,99.23275583769386,-63.01987934929309,-11.372666404918666,-72.8553452729653,52.994746397720526,-29.49427156565263
-181.44051441742528,-15.228832688003036,10.68000943062478,75.95952443584889,73.5434679156462,98.89302993981364,-43.390051708355394,16.762559901170945,17.764640482579868,81.87182554222741,-56.38611573990037,-46.05281205177766,-36.97896755002549,89.79025204835187,-24.791578807067385,64.58624822116987,-35.44080844058236,89.55192869463313,1.979449469436687
-109.3160932154467,106.91009655594478,33.39073760338686,97.87558012282052,106.22343299980922,181.9627268471461,-6.895094772965292,79.71618050611384,98.07025690317272,134.33659058132855,30.568341083176648,-42.22893414890137,12.913913181061517,64.78393982039837,95.72681478725175,113.48035701047698,-20.564789505035996,184.19667736854575,3.02968872856132
-47.23493786187027,105.41857949083332,-10.320336724028513,40.110524917537504,104.57908409337551,225.3771411164778,-28.3097332794905,139.58624672903431,35.2933739630547,137.38064858224246,22.417785453982777,-84.82492923686063,17.63855594051728,7.999535334173289,118.80982098665343,54.53438728917267,-37.42116108764881,242.3832534747406,0.8155726346268097
-29.34183016570395,43.58684053261605,-20.36890443464237,16.343835846514484,111.7854137709352,240.32763016022844,-27.947450378848508,149.62388483811628,15.618764391633947,135.4691887150925,-69.60304510282515,-89.25132682993551,31.671628311328472,-14.303396121419016,66.45936312374,13.90681466111609,-86.29231192004724,271.8365715654986,31.081889839723427
-169.79527605142923,-25.811016478847712,-31.187142687223368,-10.801814769404428,94.95971369774831,197.7756696617738,-9.399359702662766,146.76852789678892,33.72134570700238,122.86580244831934,-113.06978707920204,-117.96122499546657,13.554970483816644,-81.30051338205111,-41.93257993885238,-22.31770658533856,-161.68236652219315,194.2311555913888,32.16917221973876
-284.0810131412948,-12.17985943873552,0.9010481428581903,-18.977222179587795,51.18560060029274,123.40763096778556,-24.22274375743772,94.65888709507276,-51.90725596330911,36.11745763459773,-75.03182073809042,-175.7025898357522,10.03975761950512,-122.87477215215726,-109.67841999574878,-74.75459829363628,-129.8316394040615,155.59020259549206,62.237832564313415
-126.5669036703809,157.457944939486,138.3956686796377,83.45813123879972,81.21491876471133,164.96161496739845,31.396360853439397,23.567444593609945,-68.58269458137607,-42.26939634043937,44.11098426503686,-60.910072970813154,158.04383137700853,32.218344742731915,-47.84212784727474,-68.25616640316865,21.589634840211843,289.1732117592148,194.22731033741212
61.80376458628137,241.03288067884264,197.02904818558932,201.35469365845128,159.38720397375252,255.76375241995044,83.3106885139698,-4.144918174167567,-47.70104797804992,-55.98460622728926,128.6360355734643,111.71286702075976,234.4760340469406,167.8615334387151,-9.55187042793802,-70.11255236092012,87.21979819905965,318.5240960874593,220.9642382890544
36.65963612691655,152.83800750432988,154.0976261555474,224.41169820600263,189.98835169898115,213.619166395506,32.5104486127723,-81.47714673682204,-115.6671915123775,-92.728468124935,111.1265880400478,122.59939821264264,128.54403572007124,79.32293002249153,-4.728759051798324,-119.80449672710763,64.49855619659947,174.68343186852638,110.4995238749664
-12.304275698163105,81.78378083950348,143.4827416707841,193.96910322123685,213.12360595062583,161.8834801760182,0.3219479265258281,-93.7780043780509,-79.74319489933012,-64.75155087457763,12.794443778629525,102.32531906936156,72.57330901595223,-0.4655903890277603,8.38128211166033,-83.21699802443283,35.45197560668349,117.62186503059796,62.71153898939063
1.4039825086324882,58.755054625794926,86.66202508111257,163.2727499495154,167.61634712937655,155.7784461047909,-0.0623106421627596,22.68169315298265,19.951109400778893,19.12310463289625,-82.12759021966987,78.30705802841973,54.66621875354689,31.41990204170968,-15.022738448658137,-4.135747098384928,-25.889397234818784,100.47386335920184,25.70133678914624
26.17223767697949,69.93414148870555,-23.127060010720918,101.32627837290852,17.346054426372064,85.80539042111005,-24.02564843710572,48.27821656661756,31.68841019875486,13.431595427087965,-38.44876646981937,11.387084091487177,-14.904256235187807,4.656905679843628,5.7642278432160605,6.192459058480263,-62.24309147609018,9.884035959122542,-34.77615098528379
112.11471232746356,104.48705965339492,-45.93639594247472,35.32185725090276,-84.37502449454465,-9.6558434076678,-26.17438376334809,18.64063742576867,49.64096371806003,-16.522205371990452,26.315302570601297,17.126336842209792,-18.678836646834565,-68.77356798959504,46.08904238946441,-3.3261185907944,-32.78407147044597,-55.27186073125241,-24.707506899322883
144.84891604284417,66.53280737285834,0.8842158637814127,27.40139598548519,-121.65032695393882,-69.59749266684902,-6.096915112261055,20.23479244003139,42.17278534281535,-33.60691167172926,-9.358810382310292,36.97083346386477,1.0522066646233066,-74.16613763932335,36.48722719252667,-18.625425149605118,-0.90726091660881,-73.32111200172385,10.469090433362751
60.98609666883182,0.2348834775587596,30.18124210384007,59.14560891298407,-123.86325450449212,-25.351932409274937,-14.45864574790956,43.07867621641152,28.2072559073039,17.55253772470286,-52.30044972017512,19.978881064267323,-54.8230735661064,-18.006658671938332,14.558167096315271,-9.184776893788502,0.0965043414995674,-3.473976946288064,27.261589899026077
-51.53227389832847,18.09987442553781,9.537317003390411,120.0995751578434,-97.4923024157156,80.61961100387514,-91.19047311352436,148.52891352580988,87.0726783598375,161.68457394639628,-70.82675451797724,26.44195498124961,-91.24955673812944,25.370726680813465,-23.763365971957395,37.51183438296437,0.5937445447523593,106.4039927950204,40.36424664653642
-139.02169901021236,85.4289632621613,2.988803808160384,110.68651370396236,-130.94472831117383,51.27748767279624,-181.8995462568696,150.31230930528764,55.35163634697727,153.31445038345134,-17.711185772024052,2.391531925478368,-83.18567915277768,-23.304459371868187,-78.79287350070477,10.976484558919676,41.65301519011464,29.35774471767586,37.97858909023034
-79.25648429147004,153.00417119045454,78.80956246518171,-32.583919544894364,-176.7728990753795,-71.47472493049798,-170.8788002147438,-29.81501626256404,-45.72638678765826,-16.118764704381608,70.34472301302165,-57.86775952644862,-83.42283540396394,-106.96091267293066,-113.02727944067094,-63.54900521221698,68.0971711892431,-153.25966706220154,-12.05552539188317
17.46444752228174,168.86607113590364,79.83754158872634,-160.03585754702013,-156.72242445377535,-117.6216032245924,-84.01956393973688,-82.63490136971218,-3.277125237820514,-66.44047232042944,33.02881444985116,-100.43098132395671,-87.63540487591945,-81.18940329391448,-73.25904171405753,-35.63130553928698,-7.593418731106059,-213.77424790247449,-90.13680765890636
-56.214134930895526,28.46541400833252,-51.932376921071,-201.8647222355431,-111.20887563793087,-131.8896439880134,36.69547183075247,31.46836042906653,113.64038985775164,32.43491515795551,-34.6309400132773,-103.74681203700298,-28.067864370129037,9.967539762100362,69.8649014269806,56.356988150760735,-89.95565646969837,-187.26600010096917,-68.76373793450777
-135.69618137437217,-125.94182583912652,-133.20736645011624,-212.6471459820339,-64.33388477048439,-132.42551042998946,178.6019257468881,98.42476130556774,167.88764129032518,100.44582442004732,-35.69933626095741,-56.9535099012622,59.59100051961819,32.65408903141158,194.11771924530956,69.75340795050847,-87.29990751346553,-103.86173969659922,27.128725574432423
-175.5590824181733,-66.0184602744896,-126.1047536832106,-204.2705286790981,-35.146112830254786,-71.55844651930954,238.29211408474305,118.5077541872256,185.7540582390611,105.0337320139444,-54.61199787008759,-47.32039621563565,-5.123554166259489,-2.1210739542336814,171.56852138947946,41.83169914566968,-99.09643552584204,13.012538317460304,40.87182048720507
-237.4492109338111,40.56026559699671,-85.32737553086709,-173.61964773970135,-45.461688051692526,-36.401551088989805,207.94405467828344,159.74293096604873,188.6119116532278,119.85157564271644,-53.307038296071845,-96.2994726589219,-79.4311513779599,19.949063625155087,95.8934556079419,67.10763521669362,-128.65707711466322,67.81764719086765,37.48102370289215
-118.2288534259596,4.854400800024829,-45.52583307818532,-160.18230444549343,-54.637711709088094,-38.44810066968984,168.28833567073323,177.68854986043314,159.41021819310922,114.30470310307793,8.4607774255961,-86.61990071659858,14.837111818002407,77.13740256896212,57.24748044027956,99.30172037822116,-109.81048700807298,71.34382194589601,78.97041885450767
28.770492354005373,-80.97388431892347,-73.20898640731392,-183.73768965853904,2.1089689399204548,-32.13311188436232,158.8187989928132,108.67470435551824,99.26178505339988,65.74484140275044,49.271508300668856,-44.7717574511084,90.53635492235938,28.06049163105017,28.57474360521128,81.84271105831546,-106.06561670818414,42.57013174651692,83.79320679297517
-65.73477639626057,-107.33669347381448,-125.75716822029848,-173.0627387684021,85.4429292046193,-31.877891299480957,223.18144533643155,29.4735123407238,136.73316689739096,47.252389522457975,62.86341974335632,-8.995783202261428,106.54098651560533,-46.48958992035594,46.8700820556007,56.40186751495481,-128.29075433992895,41.84797798352906,73.63518715620523
-133.38825165165338,-31.874326592584534,-82.54268047231481,-82.25429646050608,128.95511636466253,-6.395212620139222,305.4103515388944,41.60430171043564,238.3555500165523,87.04930494137993,111.91634325943733,47.66514741771214,116.67670785170942,-46.278009268685366,70.6827484012042,53.32667529304798,-127.35956763734812,87.57121671507159,58.82308314166647
-59.44993504328866,33.91653401074118,-31.123398896929192,-41.55182176032371,131.6849251976056,-5.649501464281742,264.13430741461855,82.1926112565918,149.1285883270028,104.5291415192475,140.22864540771522,-16.5990405226335,41.18506040178819,-88.99388323400338,11.498514586300429,66.50872749101927,-152.48296985411903,46.83377818933632,-1.3429385484575245
-103.25854254348678,-12.058445074370251,-130.90598167963535,-158.21147139156284,37.81980015627086,-77.39480370634705,129.10736112749385,99.9067145647519,44.79180436585194,83.14028067296408,89.30661597244342,-199.09104575942845,-86.01756255589486,-176.0206465684797,-6.908513623216527,81.36261060679747,-250.9047073372078,-58.1367087371581,-66.39120913476621
-278.01850370117256,-114.5289517699768,-267.9588336785748,-289.4140693068464,-120.57658891727505,-129.26346498040746,41.78256493894118,115.17448334625668,114.91868098720616,77.44263494336253,3.65666870495868,-276.6719411414566,-145.1733613980297,-201.9876288577531,55.095841321061606,70.27834743716274,-319.32908466638446,-101.68833437863736,-38.15483448971334
-336.50917718817794,-216.20970691094936,-280.2738627479949,-310.34324036274006,-220.73971779636872,-112.45909317353797,5.387069191013784,156.4676094638488,153.4794065013088,102.07593177972824,-80.32905561939104,-210.47467733803157,-113.84366862159804,-158.09649805985717,57.28273504160194,63.14494023934516,-258.482457844172,-67.63403152898809,107.41300679517624
-212.0719875231216,-210.54089605048443,-203.5397699010624,-228.93459831782368,-246.00297612067143,-22.455393092008663,-11.009457176137351,223.85828714767888,138.38299148166405,200.5306887019767,-105.13965541761972,-123.95409859062534,-52.61727261315899,-55.112333425005126,16.72746110005981,66.88755002900288,-180.14709219487997,30.4782074204377,213.98812638589243
-133.4195565292744,-71.89049996892146,-139.08247958345962,-76.8788777660947,-204.38884315957924,89.14746626652479,17.05560371518821,260.8293958081617,109.72893184297146,281.8963767708676,-53.73942457438747,-88.70951741881896,-43.6078769319458,42.85354341498477,-2.7115686490587696,51.03366538703997,-159.95637055489442,137.91926897443074,210.04713570093503
-182.6185445238993,40.63576916166273,-52.08695741952395,8.104323735349261,-140.70411777494394,112.93582580222872,43.662657741358615,223.8569061921596,10.033372145743089,193.24758402951443,27.40035672162629,-67.19203913281922,-116.64551443988456,49.15553655081583,-12.180569209665888,23.096090771217213,-72.14506273787201,132.28820736643488,185.4995256888524
-130.45434635796505,16.96784172418205,112.30102511996618,-43.5328191939302,-87.08864303623756,46.41683577047623,28.46479825597853,117.60450871778544,-99.26879038683872,52.02016461881091,62.50998701005936,-26.24168612338369,-149.43620838952833,-8.303819810198453,-57.39085224955393,-34.22004340923846,26.445287202712336,13.472475574025092,153.99493427392198
37.97743103385018,-105.11174880766674,192.1751548952023,-100.95964472781564,-40.31704259593136,-60.199739385161685,11.295660536791564,31.739154908436173,-99.1958418326001,-10.54006789441794,-17.900563801339366,2.37116555867029,-66.60452172512431,-102.3182153375414,-143.34978111047587,-61.53210524153792,-6.529547771761194,-56.96446951818383,123.11236944474317
62.71640606376457,-203.46210362279265,97.62169246395544,-112.97063183620728,-4.766435186500937,-144.1357413200772,41.17129986150338,6.192210611748011,20.50956498107972,-32.8946979570738,-96.9125756798744,-11.847492971101255,70.61595031933976,-193.88414906880428,-110.07477958228058,22.112765970957053,-54.06219272012357,-38.35435148158272,114.6030521980516
-27.935120663763715,-225.222717126152,-54.98962545181628,-154.83753233079918,55.9100281568669,-159.47280653675114,97.86794716301036,13.755579178828674,98.39463204121115,0.1391063676452412,-57.96984781191619,-69.62320073252437,138.52146109053325,-185.66621318706757,51.93994168453776,126.51131809600152,-85.68942058681955,-43.49940212750462,75.76769257198661
-90.8177725798655,-228.4639140358668,-158.89948283568822,-227.3604653277875,78.01455185293011,-152.064308968084,70.45792260012901,59.2591755542431,60.19482593031904,55.510317359762006,18.126822570621915,-136.5420092825048,36.71660311199482,-123.70130534940492,101.47723643463708,163.75468015046755,-141.85151575841374,-83.99378423822229,7.029988777708695
-205.54216336110852,-208.6051439620589,-144.4463957275248,-248.6127991935284,25.334733907906365,-122.91443737080752,-36.42487644210915,56.2112078082559,39.94326939081064,32.538659067468465,3.828646449763368,-167.34898292075488,-75.45621211564381,-93.9044641754844,11.246310219356529,150.59930351238356,-129.80203159522608,-74.32097679955682,-10.431853498200212
-222.3456899481372,-109.85580122658163,-18.9713721512138,-162.81681155056006,20.24829574076437,-48.47444295218585,-55.37905847006465,-6.065554056226008,66.84278333445313,-6.364682563276401,-70.26336575944103,-98.50962765757328,-61.40676621309044,-25.9730789908672,2.3048989297807387,127.61290463146196,-31.56396266997086,-47.55556702091008,4.102064426193262
55.05883145815791,-46.208161626244326,108.62891393830196,-38.289400734476985,81.53765307817146,-26.64770336710462,1.3923574031169133,-30.95247527996648,-21.28496072940892,-9.32252190309848,-45.83471949178863,17.489985429956576,11.175748533959368,53.73621736586853,115.05901704098206,103.72176360612472,92.5443932989451,-111.84568962736294,-28.87928297987315
236.37858320762385,-116.854642330963,98.12708446046162,-1.9218923356368007,95.01991705263364,-130.97520691244898,-19.1919339198828,-69.52886378683789,-129.1982757458345,-49.16223437025829,20.1362836235015,27.36323733243346,93.96381102474804,20.7297916349182,179.7163588314533,24.196011556335133,98.1652643800744,-195.4699830027129,-86.68530317613096
65.34691231143202,-154.76962065130883,-46.06099069717856,-55.47055753938432,22.000400892680865,-226.7848508147975,-58.69138529851426,-114.67199138467691,-20.1575914995224,-104.6658650419073,22.649924153312494,-19.913273319294607,83.63273738122692,-24.79534866752908,125.39561529010784,-40.72941173948962,-23.42846816370067,-180.530422482775,-133.16414316890442
-41.478224623943134,-103.18480787981366,-129.71516546194084,-70.41182751972252,-64.24177320362134,-187.71837172140857,-47.45711169486695,-76.58620472723096,65.67353112255005,-117.07285143724422,11.08788835158035,-33.56730807792188,-48.254854080892834,-8.915370878337356,20.216669265925283,22.975286776578976,-53.20668496151094,-133.3454306635022,-141.08441883312898
51.72746689091028,-88.32405375746076,-74.56927716547813,-16.349314044616154,-120.10706691971106,-120.54641294169735,-48.84541250313637,-63.208967808761805,-36.11944081269569,-156.05172986355166,-36.31295352494352,-27.18529893234332,-136.29262271922352,-15.88595594252862,-29.462050765312487,87.33407687048762,30.953683480083377,-143.81900169678946,-87.11994824230848
81.45764986445974,-87.60885236404872,-15.808577708656449,-14.606247813161234,-168.58255236292695,-130.60998878766546,-30.894390628517165,-131.54698823312873,-27.689803393954872,-209.38876221853795,-95.20823223509603,9.686379223158616,-117.47653435157402,-49.04173563308953,31.98236350146553,53.80181307609289,67.9668901692532,-207.02516279708613,-50.66821547004224
56.47804194536703,-105.90174523928214,-33.8202227117443,-73.67765746170296,-172.98335697858076,-169.4785190523072,21.65581677861178,-141.61045575091768,87.5715354971949,-148.36426503360937,-93.15947094582845,11.908379531766393,-56.010688765945694,-93.99593967266767,128.71945416739794,25.576082575140337,3.6408826918450847,-219.8000640488052,-55.65406570393176
13.903212950080457,-176.17149846586213,-71.95731674496083,-78.35880863529282,-54.80346334761234,-141.7434154316242,85.70251783110615,-95.3067103660487,121.17877566984356,-52.55622617908081,-64.43963414616809,-12.60499477458996,44.35079147740209,-100.88628496826443,173.02560643611,56.31653179462869,-47.19538138558509,-123.28477541852202,-36.3657366272788
-87.67342471826807,-165.36558637929818,-79.60287632947475,-20.57762805596952,88.52808153490783,-59.27058194683848,141.24578109049506,-95.78352459039792,101.50100015219051,-69.89495151759553,-39.87632163056799,28.67201533822303,101.39521739335578,-56.69012480568103,159.3829616216216,56.030162167118725,-13.887350449875123,-69.59678611279176,-25.59306664227937
-82.26723623676018,-81.27458605919134,-66.27685687840271,-5.173154540837239,104.51613095270326,-79.06988348320058,72.74223343005461,-130.584300360094,11.142213066841911,-141.18492443898688,-22.07783794906851,75.33058287905244,40.05422623840525,-67.08256551526586,93.10413329041346,-64.06695226836091,13.60052715963752,-141.5553384441521,-75.40526815478668
127.65097168343463,-29.42227221562965,-41.69666670124043,-38.26938470054035,66.23080598508308,-164.4883666636327,-53.47011151175029,-168.81032612133944,-91.36905474201365,-177.13221038150013,6.289347269565315,101.13450607497508,11.132003106055713,-111.165659006257,23.50185308091211,-175.04649537930885,52.3604864036168,-158.24225105074902,-132.30890970953362
276.9262820142432,28.775125803571527,7.56765495067156,29.00850364468967,44.46579527313892,-127.06986725781996,-82.51455763518533,-206.36361280859984,-84.79734856686542,-200.20896382091388,56.73947993378928,132.2608674860163,46.00671867491846,-81.32596043074332,-16.977723420741746,-157.1474162535825,123.81783433172836,-28.33742845768853,-137.00310693397444
174.79579209917674,43.707742329009946,53.371838284990496,156.28695678238972,14.146609615408677,-45.21603276057686,-118.13970380612987,-211.0685691797117,-68.8474630982091,-218.0932028164657,93.19500170249322,121.1307737979258,12.29655494278104,-20.12898973368046,-73.94422929743257,-122.87471084779762,135.27534728664463,64.93477684431862,-114.38249891174564
53.985374881947365,1.146810085819321,93.7897369846475,159.03912251987208,27.04583950935061,-28.19192976224756,-200.6389516284043,-165.20946642928013,-137.2639129324139,-194.02928621860264,117.53542781136352,85.15712737936556,-28.14779963313423,2.7413190243390257,-98.29418831575474,-140.75230091381627,131.5587635165313,43.71099043204914,-88.51290618847686
60.32012809110594,41.3518802299222,155.66773642120498,118.3117225991396,65.14174243800142,2.0842667950129234,-179.07644081558408,-103.4841651013745,-157.07795034078111,-134.8652035459994,131.89336798815734,75.49838676482952,23.886024759257964,19.084668623864555,-50.25761659751473,-168.04158117862,136.27374563013032,26.71975847427786,-61.41289283151176
73.76738471928786,132.01935870097154,127.64480116463862,127.1435281623854,42.62614232520121,20.562833139534742,-78.32737834097911,-45.15015697578289,-40.90038007287328,-60.60513938678525,107.63767434601812,82.95881674914551,53.11393756319,-14.597188345567318,-38.28326314327688,-118.55241613166936,88.45176950672537,7.732573557475437,-54.29840283863019
84.87959910374634,156.48104179928566,5.680753519018986,126.83821785891286,-25.28711887607973,-29.97580441924466,-23.476370490433645,3.725851928386024,52.02649320578025,27.548349881174097,77.48222120275481,98.46396271325932,-6.265183243722593,-96.52394565167717,-91.38905639582562,-15.729254727306738,69.22610327946478,-26.343461244420723,-42.949676888434446
117.96084920882858,139.16913901107932,3.4125944393765546,146.427060017634,-74.5738002387839,-44.52781805614981,32.303118922811095,45.15108814905688,37.28813968443741,111.82049228926796,73.6771323097716,120.04018130935836,-16.46670769389714,-31.89750505633352,-99.14045926364804,11.868838473669998,107.35435394324794,-3.392195767831955,15.152607830064124
127.61778302071104,137.46278143424044,95.36992961586436,191.09467102996837,-43.54687478679653,12.971523831530453,129.54685521765285,90.28315790994026,-4.136916838033408,112.36097246189055,97.62879045757572,107.91884517256676,32.269911597580645,143.94650342193114,-54.345415558800575,29.39140303845216,108.3328986112501,48.70614893046292,62.06561779832695
61.48446793602613,155.35411781741897,88.29184872887797,178.78413733315907,60.06929409656873,50.47581764508883,204.79964609833613,81.3168506690259,-19.52924372320575,32.4284556629833,128.56230117302445,51.47762614777113,73.88135725504831,168.34127397659364,-24.448531267692104,75.11225001853647,82.61888653766653,83.55914627929114,42.04079086287969
-17.59676294825437,168.97702561821694,33.13401083949591,118.18273622592464,145.56514310560382,60.97033165726585,206.5638547708801,30.5624682292594,20.79449686241651,1.7966703797210262,111.62628339531572,20.175873645589,176.40100611061715,81.03307717783271,24.164260409862045,76.56659987108728,88.64409531978863,80.99391087871665,12.176005258336566
75.60770296864415,150.35775150142058,41.564671580785074,67.65805223506868,205.65911484332727,50.106547056124604,149.77646521004624,-1.8703008125289329,22.00468680090752,-13.42620771560069,83.68368228755672,55.19965681475306,274.51919196564774,43.60872630477375,61.19639652587031,58.235692354810745,115.3228174668424,11.078178932823224,-16.409043164547793
188.94036703855767,73.61695429801576,56.82030315913025,-6.74252489086446,247.49432469537348,-11.905467469683762,94.74682203335986,-67.11230807867899,-55.17494389683943,-83.55695992723972,90.072355416909,98.89379169214205,206.42568148646345,40.13246739680591,14.596575448048648,8.975646259903051,86.16569140668152,-79.09094917270454,-59.20378610628918
81.49171539119703,-23.611715183018735,46.58123137217524,-52.94394390400135,228.4455793677865,-28.60486261243508,34.57143138090086,-112.02600074734394,-60.871205719863546,-89.79193648984669,64.4772895576958,94.91432594885916,48.39170401032956,82.10177676374437,-22.884836271878832,-45.67643464884067,-21.93323547725334,-57.78761285130336,-50.80938068795872
-49.51849829568451,-44.842528715772055,35.020358247824454,8.495543862133463,161.8727268663293,55.77322643717201,-1.1900668341725131,-57.17571374279271,0.1008781238103245,-20.732028272636445,-4.399112897943161,75.40476275642544,-34.995083494561186,116.49727376112952,-14.805480110450889,-24.812368955985065,-71.00314961770745,63.96172889675189,16.734219986180822
-76.8556321818,-17.813253468247357,-7.225894584655656,59.024086553836895,64.16481726503578,132.53172043932184,0.8090918798101671,-20.07933893713647,45.824605864249655,-27.954997160581517,-42.29438639381973,73.3155678483479,-13.136362195405784,83.03558378678046,-57.41188764081652,23.16323310683221,-13.168407676011084,118.18041687152628,66.98759071204545
-51.61230530113683,-33.16062748053867,-49.55243449930044,22.65028954139661,7.923309992339145,140.60537164102507,-25.43166063089607,-58.0988063529615,61.91820305277616,-84.85263858635854,-21.73006765181964,71.27169759087944,58.73296812400421,86.364018274879,-80.08890120860241,25.834611582113343,7.99545417992978,69.27607845266948,65.75858678386668
44.01002055954354,-58.43668799080498,-47.41877529356212,-66.79608190073009,1.7169266720159744,71.57927076964441,-56.75782301050841,-85.93877080635178,-21.035569615422524,-75.05911139627486,15.703091959457458,42.69018080920324,24.319669223813754,92.80838501739456,-24.01125255419228,-3.192514617515121,-27.2396540267889,-45.54267568497919,39.39799646342474
86.44070335414392,-69.41742299709966,-2.6312968031757915,-149.99336357439427,-55.60270573901349,-32.51571839899164,-118.66188330075477,-87.87655862595629,-148.19091075251978,-71.00425195224045,43.97775288320469,-33.67276782301622,-103.09700438724782,48.328080227874,-25.37198857439841,9.03639282720588,-9.50856782616659,-164.80919115878606,17.837752224873828
22.065466575967918,-100.58201938260308,70.39132127817322,-167.6009033108029,-132.16505010877253,-88.85868964465887,-202.50445510478852,-121.04470145646918,-142.70434225730196,-121.8265363510027,44.32089460804593,-107.5306973240484,-93.59257140546748,54.51785627983714,-76.98984598397521,79.28424714593159,32.60621731373795,-204.4407551864571,21.22469705849197
-53.01417582398203,-158.9271807620435,65.33985173093124,-134.511847869472,-183.94059506050863,-99.30364518217873,-210.67682440614544,-144.51650857948974,-33.5703514952668,-117.61317642463476,-23.6789250882042,-83.83319181503742,-41.97600210748446,91.12015283901752,-97.23123612630236,98.41464089799996,25.352506827343863,-211.48043333508448,25.99779294421973
-73.0939097113816,-201.85867541522072,-50.91149552783662,-97.94921219147294,-147.82320214930337,-63.78391636407823,-142.52787467513494,-68.81139207749216,25.751065688804708,-5.511022396879972,-106.27653431189424,9.568354840357271,-84.55854292031403,72.42809389214949,-88.15258845345903,54.200738501446864,-13.78939706092664,-202.1388136094706,6.028851785763143
-18.642223347612436,-126.18773210523383,-137.38344427409984,-102.7809081306282,-25.003542637906936,-39.51567812945861,-31.2228007754374,23.82534747845807,34.75642029295084,104.24195626005496,-55.10037975955744,22.273609794676503,-57.140177755254825,-6.518321880423562,-38.21490137345762,23.05302861235112,-79.15135561302557,-138.19073098165632,-17.102820341359486
-40.06673434618234,40.74730389084043,-129.26357444089064,-118.29203123901962,0.8384413478159839,-75.34794189863898,-22.312646598783346,29.987665754274097,23.701298863792665,90.9585945234592,92.66555621202362,-98.51699422437017,-0.826678418883436,-105.28047551524824,9.817380097523918,-15.877159971871556,-135.84491347431484,-66.90015410662039,-48.78692367540935
-145.45523876817305,127.86056134888165,-69.74578062113552,-61.87691947972455,-44.834567163571975,-28.716157329616497,-120.99416544690726,18.758421882003933,-27.21512739857529,44.291532559106166,83.2734561077957,-199.2584324667284,-21.74046989170365,-118.56446101624437,25.62394140761307,-47.55923651748666,-119.10092960066214,4.877100399385211,-51.06239102995674
-138.8130908901937,137.88884484402448,21.308080323134995,63.05084544202335,-39.8320590461623,98.94049002703224,-79.49027709728146,44.469515862511685,-42.66452276972351,59.27569371128829,-44.0735799303294,-141.88268949951436,-34.282503136289094,7.835048147097094,35.75859562059973,-30.748652169559115,-35.79110864031366,93.845084410802,-9.646780291109389
-78.89822796311506,126.88582110397763,55.41299811593888,152.20767410312004,-19.042721487403128,152.53177600975403,37.83615145630167,51.816768294830645,43.52228754951909,35.87591349352088,-83.49332559283584,-3.3994404309588484,-33.574014741007026,108.35393536381936,42.79269246204047,-3.427958511658073,18.166645820722614,120.841423735493,-13.619768400878488
-95.78108105115606,43.737154884747945,-39.12939059123967,157.07189355791812,-6.971486912930437,142.67635548830378,63.09035623740579,37.66287966364781,89.2930436071929,-2.1123745304574166,-82.40437199276835,47.31629250432553,-32.96200740088731,56.18341597280553,27.27627095208834,-13.450896337627576,-24.337038344792287,104.5638701277883,-18.456458849979025
-115.6754208688715,5.620824870320915,-129.2317238933509,158.4355642029159,8.365752431594577,122.21604022312754,84.26512032792972,57.29231880747452,2.4298478538971198,61.079301261956026,-32.092034184981365,8.9117821150672,-10.673115126914082,-14.86661986670201,36.31482506412272,-47.65768041951264,-51.755423019153824,148.18824277664788,47.69442880579066
-64.17240923132312,101.9235884635854,-93.2974362641703,172.06145111182298,38.49966669401201,84.68749141457485,95.00477323786272,71.07949456218705,-19.14424636007527,102.23121367082965,42.59978394829287,25.25861489931924,-2.6441014357945107,-45.12300066883406,89.27126762363018,-60.72404401515231,-25.56137829173573,152.05676382412494,67.37069712045239
-0.6156305785424637,177.93388893659153,28.1556960135598,145.9221405200011,44.517757754220106,52.484538811442064,62.73688938484665,28.583957494919165,17.73964395774453,23.36206371011578,26.90017390798504,56.00639318044546,-16.65896114667977,-58.56708789730443,50.93350325004997,-84.9708346801139,-13.308949967949165,93.01677247517593,13.338119610185856
23.92516922829541,179.13997117475617,164.6358028595929,115.47437433793029,36.0558185662781,82.80006397405258,83.16306276743099,5.2118689559014495,-22.220392806372512,-13.786898562735653,3.780828783591354,31.087209847247816,41.56813485393792,-5.226796837304418,-18.276918988453424,-125.93193195050256,16.47947886441324,136.0723843389706,46.62512882000716
41.56876572598122,156.90707771715873,206.4836083538577,84.58096193281447,87.84025640470132,134.4419875646929,121.44039947432417,35.549032784657165,7.858589330282775,30.32511622535626,7.329769050727778,34.92839452165072,152.40086202451087,21.989229563030808,44.167222990460246,-130.58131127827258,2.6988232699163346,213.25146158618375,115.57224348618134
22.548528135090148,140.90342057821942,63.934109941566696,17.96458969506486,128.7427686009809,103.90041184157305,89.02816667988542,5.392782395763945,55.23585288900457,-15.667403744783536,-12.16170787935781,33.51920101651527,125.53449848180598,-57.190436613279736,78.1549056990155,-124.99437851630177,-66.8572582516862,164.55283320091047,48.29940368419616
-52.40794746747406,117.10137999688476,-133.714417219215,-14.412382031964611,84.30295473685078,14.043095995472283,2.7863090252054,-101.97136247829224,-7.123988045676405,-138.13582808477975,-85.12720453163095,17.846883375293906,-28.31746504127816,-119.5233537499653,-11.795505927961194,-135.87751307836757,-68.70769498789778,27.990635657635742,-70.82076634511415
-56.880436762070445,14.560477480481234,-193.87466729234583,5.44896005058873,28.816380999481527,-75.9152860331591,-85.769288632613,-147.19224197291462,-94.9052994875222,-168.8968929474624,-185.21135878393045,24.6347387172686,-122.14348008291246,-111.57910111976574,-69.90754551188292,-138.03872067514556,-37.27232302232771,-84.45889055084069,-109.42983519958332
-21.47475241236421,-99.49210636426214,-126.66501371979226,-6.565019640991487,1.5081161968653864,-125.55359769453877,-114.1967850962994,-96.55845668465456,-155.90925507738564,-81.98497489454155,-177.360779839696,-20.59053214772186,-113.58189124751009,-98.48952780774668,-68.91906320462272,-85.52147724860158,-18.274454084557703,-133.9263352136903,-76.99537942972164
-56.08808752804482,-158.5924108502612,-66.50505477840838,-70.93910530687496,-41.2190304599573,-133.69245517151126,-128.62834761989137,-49.70926572742866,-116.10683505423346,-6.299440358189082,-103.85062401000788,-62.46416132230879,-120.33133157526954,-87.61096434904891,-72.92080099541481,8.998836721652747,17.10005820748479,-185.84970564154585,-80.06139834419068
26.250145844953437,-183.28937469569803,-52.94101985882846,-111.63725591530344,-112.18900905771616,-140.8285364625983,-186.8282062279212,-80.25863769487574,-70.25651590914596,-33.20665999270557,-98.26850361553534,-37.86260153310661,-178.96604726280262,-64.71578817755376,-78.82570943046082,54.03455999648904,50.01464486429315,-242.161142153266,-138.42214845878374
198.6644918078113,-142.2876295441068,-38.30422193870547,-55.84484078666488,-176.11095918241384,-97.85485640601074,-195.22980871194892,-130.1702196641795,-100.22772575768934,-76.34860327576892,-130.95942739338645,-19.142354886463743,-186.55716406338863,-41.17967522766976,-55.61886798971675,40.82928243174468,72.92404874392925,-185.41773050556407,-133.7968174652147
206.6875821564217,-115.89010000054309,-30.417969091809574,28.502565353156815,-195.39489414861424,2.661162491616492,-118.2958171803227,-71.38226594102461,-57.232474907792174,-34.207340102062865,-148.805150568272,6.185571805363288,-135.4035212491115,-4.137681432132674,-5.822708192556349,32.76864590350951,102.11257190370424,-42.71989004998052,-83.2541666121596
168.34460075965964,-117.68530944907964,-23.59514838477901,88.7962329763053,-188.0607773822669,90.53429166439945,-65.09541158417875,40.8833774025199,-22.575665796891656,40.4563396415045,-118.18360510425362,63.51046460775848,-96.71460198796508,82.53106475352618,-13.956271146185276,27.22288133541761,153.5855505697066,33.807495640812355,-55.55720958414425
193.29094879435803,-23.72729413741027,33.52490721346324,159.0710891215203,-174.63345023658866,125.96169407368252,-85.44753582465249,41.25975591468767,-76.77001033049551,31.960434119660032,-48.34566454907878,88.67407062195886,-57.53163977720037,163.75293599930612,-55.98087904509554,-14.099372042687698,176.27554025678484,25.79351656484677,-38.65552968887253
166.08189160277445,33.075595081349675,108.0674641885791,161.4542946510723,-113.6284076218906,98.48208643259548,-37.59837253591039,-12.371429303271414,-62.26530747673056,-36.60055439644722,-28.59384097576169,44.41494151616585,3.995987346911527,128.8192609907801,11.359501074727367,-37.133340078212,97.21836904251737,11.412620564469824,-26.45281443768769
45.11771943321802,-41.01462525065083,89.14984138780389,59.00732691698672,-25.27503830923316,56.24177802412411,112.55324999362834,4.82519788578334,61.59173624571566,-32.18787960481969,-81.96216961872635,-35.8375216532084,29.451641694515136,31.03619524912013,121.35157582897264,9.371094251733666,-59.28478121643472,34.31307183531308,-27.09447426188572
-100.60027026692678,-51.905644601390776,-47.40223709642467,-41.547816229561526,27.06343284271362,33.89122468914184,187.80092552037257,48.26463740905034,213.18358136546112,45.9015689707774,-130.50402157031914,-79.58062627094978,35.61232130316033,-6.36683042850558,144.38183368557975,56.461157950824855,-204.085863222432,56.14494029257841,-41.68968319407769
-161.0696211178047,3.856707170073717,-161.28844976352116,-102.82624859923608,34.07852023478703,5.678732698038659,169.86913370558003,55.48828672291167,228.24513476780936,87.17726308776625,-100.1443585587694,-70.34834994065734,48.86498271046715,16.657912648548734,95.5641483671075,55.98872927849586,-211.524093402346,15.901085090734613,-38.48062186218569
-103.4249084123968,-1.5041566413847365,-152.15365768729558,-134.06295103398563,5.370635530014316,-52.10863525003408,130.19867684671124,2.61952687127112,64.11713423418404,18.85091557764529,-0.6505860697467231,-22.65051953736724,15.35258409721088,48.962042354207306,0.7915464381453687,3.293373702531397,-74.09705124074219,-57.031616419577375,-18.57814530229565
16.0269972642314,-49.4433964365201,-77.31010470824764,-97.84782976593822,-15.51803147078555,-100.04327399074882,89.50112133395159,-83.09263604584874,-39.77654679493914,-82.73725095859643,48.80925212892813,51.20737773900712,38.72036458912248,42.008008886079175,-41.85488555044746,-73.98110555460126,46.578896816244935,-92.10240365286708,-22.584509473674693
80.03809659647943,-77.83077739968552,1.765473985587856,21.22686604717877,8.392823512837753,-100.04197184988656,81.8348561516574,-126.79836925912096,-18.098217190217976,-106.9326350365096,21.58113075080609,64.53279150109798,120.70089114864489,-20.64169034242888,-7.238725383420487,-111.58156153283556,74.03787893893218,-62.28393479842953,-89.4967091913396
50.26270086989536,12.058961010592425,56.270363566522,149.13875280281812,54.98911222226096,-67.2254370202381,73.1631481476169,-112.2139812616658,-6.627423508756574,-115.5747001549865,41.03065925958425,44.28238669143392,99.09962187678435,-26.13546121685905,-17.74349012506305,-106.40717633461978,73.75936607018909,-10.872721909653002,-170.90080131047804
107.40565061808354,148.3112566607851,102.48780378407842,152.0628347919969,58.254011240339736,-18.382234684739423,25.34210890394196,-56.920165354028086,-24.864798267941747,-124.01012613207574,74.58427602614901,103.5978829159343,18.007583821005053,69.9062137744967,-93.45081033911424,-74.08016368337576,117.38680358658448,-2.355753182617732,-145.15283148225555
248.9962814752586,125.41044259489937,174.51778655952873,31.117563440880968,9.601467891714217,-22.31997397637384,-32.90534791335377,-26.634040521934228,-90.72773537077758,-98.79565340194144,53.51869089971351,161.7008305780147,-31.91750306774292,123.9577898674413,-158.762721854466,-59.711951880152434,172.36956187501528,-61.38871464888438,-47.0226607157414
232.270719918204,28.14681745125517,205.48187541737764,-82.16447423887865,-9.664868074991425,-97.83504170088491,-56.13046458336535,-66.62865956095496,-152.6745697995718,-84.89975874603157,55.52872979322728,121.17734763001074,11.34671736964824,103.50887417660398,-132.17420210909057,-90.29139559346702,156.68582222408864,-131.6709303449305,30.861103263375643
111.36874231928807,5.182153181919471,171.46001597396173,-98.86114705322504,-18.95472562192035,-134.58406603164872,-41.26096533451248,-87.98452487384476,-108.13648687850284,-49.22030064495104,75.15452897657856,36.59641923154151,99.2026614111756,52.26596299837111,-55.58238624105751,-92.24799873708892,96.05489332464686,-125.2394634748266,54.3496524826316
11.983497661429874,-32.40070005764706,116.90753848673938,-34.78596618121733,-49.03616939673528,-115.1710184963982,-18.616434144089776,-77.1115416968902,-54.85485113167841,-28.392272459111418,78.06181792283024,-30.487929144170824,77.11948142619993,-9.691880980334664,-32.27927966204656,-65.76448487777508,36.626656919967694,-105.9788083528802,-2.499588631735099
-72.45762011970304,-72.79468405521507,30.29370058888093,15.068405034420774,-33.43452628931059,-80.7057792221625,23.14930040400825,-72.63892333869639,0.224030076502161,-30.768533193742066,34.82361536231139,-31.455208220334825,29.063952161137625,-18.021439083091227,-44.902284345977925,-26.674792737089835,-17.030235333496513,-47.33207333665396,-15.788890365633437
-27.886169312385228,16.90335901310478,-13.196372749246349,92.98611594136923,27.238276920619988,30.133798915221558,108.21424539358564,32.98317491821908,142.55731264968105,82.46261374613903,-39.41785963069904,59.56528806196258,63.455901581809776,23.88869184590149,-27.734703054304514,46.1418269518081,-34.245505418429566,164.82938334558148,74.95873354277812
95.8344805276232,148.19275938723922,60.47346288049327,236.1988711684905,113.2131788503059,173.23268317699927,195.18741788154384,193.1658159867644,165.21017353049325,182.49173625233288,-19.236218717202004,121.58608329219702,125.92886769405553,64.61938045267222,47.26308244679968,78.52315615596082,11.644665171517104,304.50528336417,105.29764360394236
118.85510287024832,220.2552710670109,126.9769385176326,286.7669956884034,166.20852447814974,190.41901696163657,163.59862259000718,180.52296930596447,2.1824021264036806,104.64247720024268,24.990480975627577,57.59055979593859,142.01590679497906,50.12723869614043,112.55399618001162,35.834255318513655,75.66564328999672,212.68005094602023,29.563946923961904
50.65006985663646,212.25144014954512,104.30167507411473,212.39869910530163,96.99937670672414,91.22555743728104,11.2282071650773,37.20716985421942,-83.49495725800534,-3.9548221858484696,-20.20132894650615,-43.24254775126353,51.08945388765907,-22.15873065181725,80.13841348456101,-19.368599394212,53.19190311839844,79.63339994706449,-59.40174623126402
-49.618683617416494,89.93134106768515,45.92672553419978,107.61981446343582,29.91699042421984,20.826249977650452,-87.2749147162075,-17.123554357994625,-44.86742255049934,-7.649762972588394,-69.43036489539281,-76.44643085672806,-44.10629749558248,-69.84475589742338,7.826312842459786,-27.344333476668567,-13.287228617233728,65.90825287597544,-61.66545535191829
-135.72816879063518,16.566070638146837,4.642297500405442,41.16133289438392,76.75716297457464,42.451276015643785,-39.5921519525306,41.45653882298157,9.566614218705716,56.267766225196894,-43.99254760541057,-40.48576477276699,-9.54983481435738,-62.02107845804506,-5.126978790395912,-8.488885787813206,-15.49797447625157,148.05190086072514,22.913211015121977
-140.4831600868992,82.3397799002117,50.82169371500999,72.2369319791295,100.19540315900534,100.6280364749442,69.03052068383677,80.03615574634546,37.28356396663143,93.67537368479798,42.19096062442057,-28.363733568844097,58.44901800724359,-32.16836446943967,-15.43134852641215,-12.552732144820496,-1.3202621206278389,207.81048731476992,53.42897244465584
-29.24679689695819,195.8925753357788,135.83453697507932,143.36504780408526,54.70623847453106,154.10155868104715,65.11419578459149,61.591000824326485,-5.326876051779862,80.97605194210264,103.29968256694008,-18.206160181789155,25.714193510829475,0.374648484735562,-63.74884451451148,-15.581850115868368,39.648423731626806,198.59947763632357,30.97344557611901
108.49931487505928,264.6694347720144,151.61883666238492,154.63990165982298,2.854698748943456,166.9991847168163,-58.789518955917885,34.12302689519029,-71.9388058586269,8.497673279117635,104.84388473666112,39.78263806775465,-63.240429443342606,29.398399209001383,-68.61549369665794,-25.63164549910664,112.2108057159696,126.59888785404785,0.1533063325178298
138.24868941211386,158.32194762465642,162.63897051263874,119.59106552854117,-35.633499271696586,130.260900196959,-96.68808078255935,20.2845965104427,-83.63138839843832,-54.3825978510959,81.50881815183666,33.33011968383741,-74.73231158961677,54.5855076416568,-13.572635174125466,-39.72945022689315,105.43408252503212,50.40244188369875,-43.68361767587759
77.74570161774174,16.263373466406897,149.6843163218485,59.47487153868757,5.059986251964772,80.43773712948521,-23.45847198748593,68.9999828172423,-41.941510036234256,19.24281276061386,55.07478727614921,-9.140029442090848,7.051398484634054,66.58407941016755,53.80568505360196,-4.227409212715744,39.441576535841214,14.150472201197893,-26.675105549637
-18.871260647534395,-5.6293864336571975,6.921803426691041,-59.60042228223166,31.661913108245464,-28.34179684007264,-21.67750931313052,104.59038290589832,4.054993478955997,90.1550336772551,11.819625317718232,-56.25819950057374,30.38324492144565,29.815006313742543,67.61097801076293,13.163636125831188,-65.5091446424362,-42.32545265806948,-4.977721884428933
-144.68720791896743,-71.03734518551191,-163.9314945586806,-162.5775472016999,-76.63483484375325,-144.58156792473758,-83.17163619923906,51.19656677848652,29.09191775824082,49.43915699004077,-59.430408399876896,-139.9157090317431,-58.800032087693495,-28.139924614661357,49.07654757820325,-20.15765038685531,-178.0443119551206,-76.12097550679422,-23.23041890555896
-205.8223110519,-159.4354558313667,-246.6850532144332,-141.0547831423697,-159.03091817413525,-151.98826657948717,-45.8223491017766,39.80981120639738,83.72150471201651,24.366049877012035,-76.84880690958026,-110.64768729862816,-122.95572782460862,-47.6449529554865,83.52653465686008,8.90125131126806,-168.25432763607876,-44.53279053719882,11.01402114607421
-137.44618496229893,-160.1336223095437,-241.7792963993402,-74.27324830585961,-128.9928137590794,-129.6795076553383,35.10306887268073,45.04341293321438,102.0462259159621,30.919251165500647,-50.17353969340876,-12.373700041766492,-108.37915133124748,-56.56729592002762,108.92551834104646,45.79997769296393,-93.39227350043883,-4.9691779863089005,62.28034031399999
-63.32513063474672,-124.36628061640468,-207.32214423864644,-68.53193905690352,-76.37620118813778,-115.64115162364828,41.50031376720895,9.92035579827832,7.075161164024593,49.55065468387264,-28.49674810285066,-15.701096747904574,-51.61515966668384,-47.08451189853905,51.48036074872794,-3.943065912964561,-59.32195920540678,60.923105048171614,90.18441660115394
-46.560363402054286,-49.88543512839407,-179.21364761224694,-65.93904143668239,-21.13246760869726,-9.444942137126626,37.68312827035396,52.871305781960174,-4.573398456229227,97.82488247087156,39.90683433921383,-32.738378239485606,80.94172884263422,33.40061439542473,-13.244938502550536,-2.4918106370477267,-55.51072174031624,158.55061408857694,142.56226766082912
-50.90966688509673,-8.549972950836855,-107.51682081310656,-16.87823425905401,19.91990911709224,107.01146904945249,43.69712595602072,101.3563982907746,58.467775967334845,75.6079831303588,98.03956626452032,-19.47005686677695,201.9981706026808,119.81986904472583,-11.174481289326316,36.76086588511694,-52.59753354620214,173.33104682140606,145.6319283677516
-78.5045451710614,-27.435510296792472,-13.705319701546683,23.73976078140464,40.62284459761551,96.22596076102433,7.169159719361625,53.034055755851405,-19.939685291651276,2.8684315458183853,82.02574418922217,-42.01986985424858,120.83923058655328,159.19001667313145,38.9966474543326,30.606648996887024,-7.761934189928133,85.4674197629508,57.34403715972448
-19.224890227920657,-12.601541375284802,47.46479492609579,43.384982834347085,45.45334456880867,86.11122142815547,-20.952454706336876,47.63700178257614,-37.12447204929303,64.04841777382438,10.749523684091482,-33.64379765979015,-55.139153603047305,175.77096986999732,119.9875806750338,128.92961000918072,31.707598809931984,56.83354742954656,22.50687364687717
38.18514772306143,-60.81784107774281,24.65954401861549,44.76799435788725,-14.627255416455151,127.83989943432798,13.90915934040668,89.9980562690369,123.23227499710808,144.80357295538084,-69.33092473241506,-5.849216672269205,-84.08878744683894,122.34657583442456,144.53244300384313,213.65751351583071,-15.703859321628972,83.4966593528964,15.377746960626531
-52.40959397001962,-185.6190019429997,-84.38314689578455,20.00314395179726,-61.33508738371115,95.29027996126486,38.42783225747629,-13.662469743406326,154.74983818207662,24.046898125678755,-110.04070195992458,-33.310777285932325,-23.632550275123517,14.795546145643106,47.144202721336505,71.54113190617225,-82.03790125730086,66.68966275797389,-83.05816874308546
-76.0311632147663,-182.49946697277505,-108.21880616607868,36.79041958759712,-36.05528248777983,51.13694015178839,10.759345695428784,-179.30614668402927,18.48022786954208,-135.99667119951744,-108.1164895472701,-27.593267471510945,10.42942309968714,-37.12996321746528,-54.02324061471646,-96.2726264075066,-26.686284217934585,43.090330582024464,-148.15113425558138
-34.344838319368364,-19.12203148173192,1.5049734616054429,106.73455021291066,-29.597657742591903,56.09823692697003,-32.2608270456303,-204.5918021150692,-81.03918821564416,-157.54789405119922,-18.820907035243483,9.171637360853378,50.00259713214332,-36.50765710623033,-93.99902351773324,-156.34632791545033,119.62387392370864,23.554124623374246,-135.48448167033473
10.513616498585204,155.001977654508,122.0122140176852,142.6293327449863,-4.598387051630255,88.841858097999,-70.24802620300534,-133.96613059897172,-98.07873593471298,-93.97010309459976,101.73308394900548,29.50973426040197,67.186419367947,-7.221337813900532,-48.85881947316254,-148.76950056371885,205.09093424025968,50.79362255248664,-109.2779803420941
143.35682233042996,238.5249629664201,200.86709228360263,141.48034823858782,29.353222085971776,156.6416596330584,-41.438759017822754,-42.793503262072015,-47.77032655448461,-36.20851358825122,142.50909157063455,85.83988338981811,78.91311199188996,46.599176347333895,44.35560506876104,-69.14329525784439,209.8050094207755,89.6080108467133,-31.29194362114457
178.98279786220343,167.64216660795424,225.788899546898,114.72848303027568,23.857674319366648,138.17820301626074,17.163622476945317,-6.6591269689857375,-26.015029989518805,-64.5457931903375,131.2420912396828,92.29706388094782,115.12033657432453,52.44786252129026,45.842888812011765,-34.37161852441833,156.60867544977376,9.674854776073715,3.951202727140834
99.37195882956578,-46.50854448555659,167.40502500989103,5.651298404618469,74.76601078244043,-10.246840001578864,15.599938162972462,-73.00662352707218,-116.41819653555964,-118.57340026026628,77.5688179922361,-3.039802576869385,92.14776290632756,23.24879082290104,-19.854610527875646,-95.04132660197916,15.661906680956166,-144.23528926137524,-90.82571037011364
-4.356701491323315,-178.3425531787258,-8.6181231968361,-167.60533354316388,106.27764529712172,-165.12637302032562,-27.00842467000337,-130.2595275998079,-155.95362449375395,-116.630020857248,-19.0232347054388,-76.78606851349406,10.53441702981752,-19.188634301851742,-99.40448233433608,-146.60837579285638,-151.39961339891468,-270.4068856781203,-157.04505980309952
-197.68585109050048,-138.86588135497922,-186.1646518988776,-301.684358948812,12.1957908226538,-252.5786347912642,-94.369903850278,-112.05778723419074,-93.58242159650132,-80.46550874338993,-61.4053686949306,-81.03189522652279,-121.0443463735462,-92.93938759452637,-156.08650684188586,-155.4466073568669,-189.38030528130776,-311.42310314379364,-101.08736553001918
-263.37014788287325,-90.4438882848744,-183.15149614015337,-296.316083763047,-97.05890195913656,-254.11135880080215,-78.07362273378958,-71.64498598821706,-90.9466932657294,-36.30760916539966,35.316636619114924,-13.073756924381984,-211.264380890212,-54.93462691599836,-125.10920636186378,-168.74572331076405,-66.26020444339731,-272.86192332605106,-14.960657839179946
-43.07933697442445,-33.31647831545919,-64.7595816529059,-185.0210606514111,-118.8208428679025,-179.5438632370201,25.13857599250789,-57.33004199095216,-125.06758496724896,-22.037067129057377,137.49825067882904,125.29928229153442,-144.82826140355402,56.616377977054896,-100.5497993887675,-191.46544059284184,76.12724963927371,-196.26864994755093,55.11764753801364
193.25281111195144,112.98670805916858,23.727611137496208,-57.26705674816678,-68.94674260136931,-74.06204862182702,19.057712287929427,-37.12390194238792,-138.8118410638994,-6.68195028718005,148.58792953830016,203.69444306971187,-39.82747073908098,39.14226935557458,-115.26705120581772,-125.21084608119824,195.194030822801,-68.81051220454042,127.15497748894208
264.1954845297548,279.52044205007667,97.38758219865676,76.67221058582334,-7.661658293543121,3.314623669850476,-35.83465249323266,5.722881898205429,-136.8859595134647,18.84340355756024,197.53001354999387,161.79737495759863,79.74895110554758,5.985675439671836,-91.62348085121891,23.682329449279813,291.1076356741681,55.24563391743644,181.51542666047845
246.30404834352072,329.43224428795185,173.15726158192632,170.06310081237262,32.80329732561798,39.02165501391792,-7.027287404347242,-6.430262686762828,-89.07924735040413,-26.781945156616107,199.93455249274564,166.143087430561,132.58652265619168,57.97112979056256,-94.6916826110742,98.89729799169932,308.81117809244046,37.035046947963,156.8878168641019
289.5853120214077,245.93627593549112,222.85871474907884,166.56890076655338,62.01782392298227,-28.167023000373177,17.070116083522656,-102.15192310374395,-115.67358283151482,-139.58955610040613,106.36847838736688,301.40372477645707,-28.705819694884177,76.06545766278667,-130.67028386457167,51.1877061644272,354.5354712762477,-118.94529350427628,65.61817042209076
440.21632586345225,167.6205358847061,275.5044356367347,95.48459562732882,94.69933995898216,-168.3330084164986,1.0869178356221454,-156.11466804692552,-191.39511612642983,-155.4715711242198,90.24375529427202,423.7661058432058,-116.59174457250714,27.105509721312387,-82.78528543436587,-18.248418700924294,443.1734535635134,-204.64876189407508,58.36329205293661
492.542373574341,147.96511168240283,278.49998787973783,61.40789357377695,99.50978173944672,-182.2891893797594,13.77907590618749,-70.61770410911252,-73.80104388729768,-13.94604691430168,52.4907497934235,430.032077441977,-9.01960113624538,-2.8356362857474253,-18.3635306210828,20.52768256439607,403.3356403839522,-143.17414199046692,115.95853581716884
379.7892871421717,96.8641479192564,170.75531600242684,68.30017137192732,79.80398384684153,-136.04269489289288,73.7095162231666,23.174254780666303,101.06742536290268,83.99632187001126,-63.49316360266163,358.20095599321803,11.585735510940149,14.58414782762964,-8.521267107695648,118.01670922266462,246.1865870081836,-97.1419037904869,90.3598764554742
248.0478722847444,19.84793543740396,94.19603409855496,39.43230389428935,74.02518407644953,-123.74559714236554,137.17291790335193,54.87543800394565,159.36442652345613,96.10002781488352,-81.86830519511496,264.0430001392087,-22.29858255402701,-0.7350845190753134,18.35051288495101,144.7872261644833,101.89740064203178,-98.59651953309562,53.18807863416648
156.87512512915754,33.828982750976536,126.42867267020786,13.248417450695506,80.62573255979767,-41.79213512244198,152.2604702556236,66.64183294178336,223.44460560068097,87.80157368826619,-32.60619233436251,179.95080463072554,19.89933658849602,-30.612501293900547,35.39441206764735,131.01885226022068,30.739318069128878,-48.81447586224801,10.882588492656632
126.37017368287052,87.17717319205305,156.34193841961522,25.12995037335457,135.62570779234468,59.77432471057889,138.0966995702621,14.717823095869512,225.076715010434,13.661818417023412,-46.43184850388565,126.4990274401958,39.03082338805997,13.819843028855123,51.12121586937424,113.06438658553196,21.739513490557485,28.662094433880537,-75.19101208870319
63.41619281339328,22.994669391555803,135.45655313306943,64.46555889341488,184.5049818859611,127.57322315588114,131.55074286516754,-57.77688889526208,148.66198784161313,-66.2861586891097,-113.27991782331988,83.44175922446493,60.7998730327632,64.97850425235377,121.8767488940045,78.42595283980705,6.468755432564598,77.47017418623759,-79.46259959927119
-65.45618483835203,-102.69800376425776,109.49015548440144,54.96979252652368,133.85899543036197,147.53027181161542,112.03610172242333,-93.89009052025588,143.88357413526845,-97.89499802775286,-120.93617127024982,15.651099931474544,101.12020811952875,55.88197412160767,162.7197613235059,42.80351144498327,-55.90111898941302,62.4970914905314,-49.7590506706699
-130.60063628648604,-123.09232845923944,89.54011600907688,-19.287075023425224,107.28781030694164,107.94184643892552,96.3411683621981,-69.41372915005192,145.94533946103695,-34.18374504326104,-78.62243567972136,-63.70483387175632,51.97562820395948,39.38473050279676,112.70423864419152,40.34494039261036,-150.8107574516357,27.870167494556625,-69.47550292859623
-159.21545550598623,-50.37992945068368,78.70845908411128,-17.01088947209161,150.15763232955547,125.49075178647124,73.8817042391258,26.497211133549325,114.5366963579329,116.21163984507908,-99.89036750135476,-141.31112731500977,-25.77317108807017,1.0794727534337725,58.940523105326,62.82776971595421,-241.52653354524645,66.21829870775953,-74.99791489712479
-233.0762719434484,-41.15572290820033,58.21553848941738,4.514420214597936,121.15166690344584,134.86129031078468,-9.479883400329452,52.52587887983248,95.10042006047244,114.13470635344729,-136.20821587693058,-206.08861183347813,-96.04405500766156,-58.39239890530333,77.6128579048494,67.84773317980871,-282.94691526859884,46.31993345848691,-95.9971725329296
-292.5796350916928,-138.094477539153,-27.17491878111053,-96.3089062428398,41.58117679806429,-8.766681158632117,-83.86207560288244,-74.2055100747765,18.7188102858357,-73.09641897564269,-153.2145832854232,-232.43632033225688,-172.52501119028162,-65.08646126241457,94.79845288558629,26.89105285097449,-273.05161232492,-118.703518624095,-140.69865289599653
-283.3851086893656,-212.01488858909232,-115.63731587147764,-206.03119735527105,16.86063204788728,-143.18250654892347,-96.29621281532438,-178.9517482936462,-67.17965434728734,-143.23594591847433,-174.10260694855472,-250.2256521449281,-135.88706331505918,-32.50586179167112,53.9978422573146,-26.95392540935266,-270.4939447814499,-200.1924095350519,-130.77305922925635
-301.02693877071874,-200.495107013336,-161.52196824916015,-207.88811746238653,12.12565641719542,-145.15038525797974,-111.16903346672636,-106.2815405776385,-3.502997629651149,-14.837544281729436,-176.2758815916106,-296.40165920594137,-49.89711065554782,26.007174080667696,31.3850062112087,14.525157003351246,-339.51929337540514,-123.8787031172607,-92.95425858665756
-408.6415327615498,-192.663035244174,-207.4018586275101,-183.4890907162512,-39.80089105433967,-106.79054936435035,-146.32602351844176,-2.461043543689076,99.86684078204536,69.77003325806638,-158.55118910889203,-343.42105384228626,-58.58795984256224,51.705289150765125,61.29933473311838,65.45586727386325,-416.70747858003466,-75.11575233073584,-78.78745390967104
-461.4220227173508,-241.2293705426288,-241.0282093727729,-185.41194400111803,-128.152473187543,-90.0533488608762,-168.66413446371308,-13.19789694146878,60.014374445450095,-10.691954939023343,-114.76518020825988,-361.75978529639366,-78.08553089999447,-18.30198388857357,46.18515870930843,21.542091116497986,-383.5718913246937,-112.34141981775446,-72.88189453400592
-409.88665873056,-257.1977285689473,-253.5919981849546,-142.61843463265325,-197.38394896408667,-94.6472805916163,-148.5734941746923,-33.65382000601507,-11.854571726625668,-98.72891857817343,-99.38698517811522,-325.9675352073559,-87.25781772493937,-47.87045636119462,-45.10303350454343,6.841489314639097,-302.32277838367696,-140.99801243537868,-43.47027003510955
-392.7622577002821,-153.7447863360637,-201.0039555008074,-55.7080750703208,-185.29836824024093,-27.475695560090305,-68.58674885049439,47.94469636367735,9.656843074071292,7.0498450663426695,-83.89209752555129,-263.9596587451388,-130.25717296925103,1.4507427968902873,-72.04181583160486,59.30324347623784,-276.41480916739374,-73.82594355311925,44.21905954021012
-411.6747671928487,-28.508394193482783,-87.36082730631283,-27.107917915425723,-140.97229362868134,95.73370279326294,7.612834563522205,196.72199076830037,95.5893549188903,252.26932716172524,12.08343610562506,-291.3321621322725,-113.68364789681416,7.451442358664866,-18.801798584556693,136.10150754472662,-315.02916908032944,23.582247712111677,116.07116950043616
-407.3599606230429,14.47952758660759,-31.006978209305416,-65.77807932395838,-147.8865347162678,105.89137666021088,18.53123745312086,287.2400023333372,186.1065925719437,337.7103888413004,124.36473709348438,-365.2929273002021,-26.75651312465758,1.445527577000346,4.915545088934783,211.92451258718583,-349.39248387564965,43.79120210140989,104.31737444095604
-359.4775384811688,42.76870760281014,-17.919260161550852,-68.46095797478031,-121.1226845564522,44.02011656045161,38.71807883452331,251.20022495217816,156.88558081532395,239.7383198186544,213.6437879223749,-333.0341093229616,47.007784916442105,47.384262757502086,7.346896951651595,245.5461162573402,-249.7499847672558,21.99934253926791,106.61267866725755
-211.9839548527527,52.15270259993875,5.5369803878231325,-66.88191588849321,-49.11379585470202,-4.945162128942831,92.50908052042324,156.3917397744807,14.287162217786262,157.26975341309273,223.87603834149735,-240.6406817608421,71.5944463694057,66.831840596456,1.2230519973328406,189.93136942329093,-114.16507199459002,-25.29832906287313,105.0146647525856
-119.1541584236656,-58.61599612741212,-32.13033202828952,-145.78194216185256,-33.63784460024321,-58.12615644787397,81.95878249830335,102.33311416701824,-48.233735476764856,81.00897165860204,115.48739470899936,-237.23336106950455,38.83523032212138,-3.4679892590269983,1.0582490058373082,108.40050240714484,-130.21132486811376,-68.37081828646019,30.196320898066563
-181.3339417731116,-159.55084676798018,-125.02927967496832,-185.5370165419625,-40.24115704672609,-56.3101720748136,30.729614575384744,106.91781696146874,-28.081569753134577,57.96731548104477,36.58940513885377,-310.13631075335616,-3.5290066337496606,-67.87606539425884,9.70629908268582,159.1472540940167,-192.9886026435821,-44.99269820441066,-0.8251118368551463
-206.4525312843178,-59.49294273975202,-177.85537288713002,-137.25797801069314,-41.35679411474677,-35.27229608664543,31.16017340300544,107.95518778250408,-4.129797177254629,97.85488464040124,83.83458965886531,-314.42024798367004,8.370013563663399,-21.88455189182284,-19.15403832437236,225.2603271283584,-188.951416062059,-42.46703171192084,10.21567461500038
-192.9260567869805,85.75354769424243,-146.3100754063573,-136.71916523809324,-66.92419003382649,-80.04616269329803,64.33417014896882,57.00996299712999,56.65875618452122,70.93979788733292,140.24591622531483,-240.6779806785204,24.65746324712167,48.855049578539,-7.280260918745432,170.47811207171512,-144.5387418410823,-110.00418267661011,-31.79210160560939
-161.7755482684262,75.4326335029436,-78.02864095744005,-175.97381870626995,-99.57698403190244,-131.27140353884062,85.23151295299687,13.779907653708912,57.02065364314935,44.59961597175647,95.31067360535393,-156.9345786769695,-62.13846724234623,36.89397195131932,44.17761587185271,113.1507889139808,-54.72055238016159,-154.89166111648854,-44.881593815346
3.549015409104585,14.0091320706825,-53.503872426815086,-161.5199092825632,-124.64301493396448,-150.78786143184578,72.80274116933393,29.550157248840865,-22.092326166339493,27.31049994611286,6.175722496028579,-68.1472517886147,-117.57405187863348,-48.90659877824488,31.22233124918893,84.68524764893995,49.62522988369498,-142.53484096760485,-1.6715451690962162
187.4256669964829,52.166081079304455,-26.17136007772865,-128.21793644125452,-133.16064081110608,-143.86733253788458,38.70309164042849,26.16485125248444,-77.12499936047928,-25.50444456618709,8.500498214391026,-56.474079135909626,4.633656993215457,-133.1543341169018,10.239628280811926,78.88317079336032,133.74791992877448,-103.75702289583188,30.00967433707046
210.55098884952815,117.01721418179731,18.30214271103344,-125.75012539718324,-130.00643834535373,-95.57035556148097,18.88367188658365,24.874863694497492,-138.5459895810346,-6.673444371753285,123.11722559585748,-125.87144041125708,81.1074528651517,-96.32612375572926,-23.425867697995297,105.8173217285317,159.46662239078574,-67.56060000668789,55.53738952146965
35.19095081030948,83.78911439221727,-22.176145570956702,-105.81461283642504,-147.9516675303658,-63.11257221230486,-20.41047604011392,109.44615354311875,-131.99081694260775,79.13970302549063,175.96847427633008,-140.3187623934287,-0.0484810874190101,-9.74375608952649,-102.53640452907726,74.81394489410918,67.91625657563269,-69.00152922740912,66.90826510387545
-148.89512137327188,24.59247470079077,-111.45926668689796,-76.56686438086248,-166.42224507996457,-102.57168481224636,-53.25481717226296,144.12897312005387,-36.489155647729504,129.35200585948897,103.76482907073508,-83.87426051177567,-69.01730795378614,-35.61973778260017,-92.41708324329514,-22.26195564410754,-26.84954873795865,-107.0588809282894,45.35602927663227
-65.2052119357678,33.40643022111127,-129.3504294676371,-70.10316466388102,-124.7520232713277,-119.98241002869538,9.963209850982054,72.3162244417144,-9.792383551101247,108.81724926385766,82.18817505055557,11.991950236303794,-65.40279971851233,-54.35351744308964,-9.377270189559766,-77.98366530331892,9.846937225959149,-100.17734672734213,16.631053353579553
101.99864484847166,95.1577493245923,-93.12778298052392,12.270382316249677,-39.31087091925685,-40.13661798170575,54.87980900467024,24.572279467173693,-44.47231297046186,35.891987854733216,115.13932157754073,110.07564867508322,-30.755306067514677,4.94286766042268,-27.65791137546609,-89.95697910195183,92.87474334932897,-7.470371198522534,-11.49771711864584
85.66692199324086,169.364847179072,-80.05795919267392,139.10802747129904,-21.331705347340304,37.715139770080256,-35.79113062100254,-13.30803970068752,-47.83188939932052,-16.49455007889123,85.2029293920731,134.57393093787695,-21.01986106417032,-23.912287267045016,-125.34568985436717,-131.7506226453918,136.07151181858222,72.91484597786841,-61.60042745362804
127.02862536009752,214.32536949497285,-7.462058293065055,192.7360049383832,-81.7757411303726,74.25632463612897,-96.58706580806415,-8.119963501693567,-5.541686101473385,39.83548627656806,101.4154521460325,137.02270538322384,-13.501225769915465,-86.76410144590389,-153.36287764328634,-127.85253816643096,181.64446143738093,99.4730431863527,-74.59821368725369
303.91291399342043,232.81659896706543,130.0230522489128,184.55822820631252,-71.78904958428706,94.46714988092114,-30.495441448032786,62.51488114555804,-1.1555067639727017,94.05339934302252,173.72535881242788,140.54186042176107,66.59905652656425,-71.07303938879966,-75.95551082618798,-70.68645029821027,209.54195635818493,94.03899464660608,-35.219666949260684
295.64567400815406,234.856331477427,133.17359471863844,107.50936922248648,-1.1781105419247535,58.62558184024376,9.975816077923424,9.219524068821002,-71.14233628262184,-18.53746812683368,181.6277109143709,95.83609224053392,136.8367576707084,-76.71540996963115,-16.077652988197247,-131.9314794200616,182.2732185086916,12.781917006969728,-69.59650994337866
160.59200957875245,175.74076098632878,32.39137849674608,13.543959374933037,40.84787369233826,0.2492889184226792,0.2481667237415461,-101.85987312950265,-103.56417417225325,-148.24891046841404,149.87588462766666,112.11289299938387,113.84016000454926,-80.91750407824472,-38.91288565252266,-199.5217096290763,179.89503366470638,-45.70154491104676,-90.9976065192485
138.16246570111252,61.67423341492075,-23.660353299461352,-17.23641225050733,53.89906362118366,-20.6976365961802,9.631785771381557,-88.69388902768594,-50.64121870644608,-124.11539914120738,69.70464130896654,198.6811761753534,64.72462126233046,-50.65890134776051,-24.43282098046405,-131.84335193400435,210.52022498012053,35.18176344601298,10.883873655697167
136.41698253564385,46.11751354482859,-13.87946364547382,3.0668505016920213,27.966209845228004,0.981707262427138,-23.022619878629744,-51.87288953991832,4.173483365120967,-42.71856204901749,25.54481381802592,216.5797035440632,36.43468731796358,-72.56681341651054,19.841934692178903,-115.72151023887598,215.966107736444,87.56793485467665,31.56964594906131
169.19643688499994,124.0556038527684,81.8075090714712,59.60863624382543,76.1698512300264,44.56069008683025,-92.81691321556424,-45.04341578025021,-35.18730592943229,6.322922911671925,63.14989889830035,183.40272796321008,26.868698770680485,-100.2011801028225,11.300588176681638,-132.2821331602341,222.8412768830616,50.62840377326396,-56.62142444820882
255.22485120685857,86.0201295268081,134.89147397419256,96.4340135517364,161.36032966317592,85.14189202454033,-132.1622956838505,0.9264208960094572,-67.86700863569733,60.6123530657387,15.648228011357716,150.24764274036443,52.91647058114111,-45.54839854491409,21.022350950252008,-40.172419909718045,200.82343404304177,89.28194667128447,-61.07587049021861
203.4119511784386,-9.156421555812614,47.72675847174067,80.96477927045504,143.4297520466099,109.56305020052096,-135.92671127322146,51.83658460107096,49.04972972295428,105.2864709201053,-84.79237201803556,153.52268129585522,92.0411642399078,64.81470994250053,52.36547010535208,49.54697580239024,140.24032646528704,126.65592740253624,-33.03894948257966
147.35257520289272,-15.42046187953076,-1.132243190361207,89.63378670178801,143.09899838460436,95.91685090259708,-111.48397869056193,52.27030175505523,120.0955421526474,77.47099613148815,-83.36646496822341,208.96640243630944,113.87912843152117,104.0575569841874,42.85436982321736,51.39818688440416,164.78934450558947,59.07715885982411,-87.60831053227967
271.5369140833053,42.51069824723693,61.71693759464788,160.1777660287559,169.66937460953545,67.42302384690282,-118.7129301419117,26.496041635703943,-5.740055590198633,2.635255493272139,27.55456441672124,223.6062061681324,118.53068484300915,52.71256207563752,36.44181553818604,0.751079429062374,268.8198322228333,45.00957816427784,-147.47375327452045
321.4934165201258,149.2337164177875,123.20182004355318,238.28015229118665,160.36772348044445,73.20244322140346,-170.06047249703673,4.359845026365523,-118.97966182642614,-31.4697660537604,106.4972299359624,185.5931629561334,87.73925071528407,40.90824145434293,68.27191670036318,-34.120825658305954,314.85577269308646,109.71757939131636,-132.63550517065977
173.76919006289225,183.09274952905625,113.01153910623216,260.08656094334015,142.6056268032609,97.0281555362282,-165.22154724461288,-31.723142450015864,-84.6552858175264,-23.542071173894,74.3096629111563,147.15126244445386,75.02683346306532,55.04166655368161,54.338653797568085,-25.816862121688978,261.78398468910507,98.88168217424952,-102.1566180209129
110.47311127650298,61.63564874986697,43.334222758952194,183.6962945557736,98.00411867913128,59.32979159215948,-105.4013625909072,-103.75115785203296,-8.934770578237904,-42.03892172118512,10.232465911072376,138.52863743912732,104.06763462591208,22.064628017672284,16.554077641255784,-38.36217583796661,170.44691748662325,12.61979714502956,-103.47384781765408
180.52808782909324,-67.05018125260345,-46.919681972700126,60.26430426499771,49.64293386435878,-32.49771443491809,-75.88285492982365,-156.79042393559445,19.73442463255428,-75.1778188182932,-48.66804955512511,151.193070962302,76.42677064694912,-12.425416957859,53.19591772705046,-95.44360847787075,70.40418170953208,-52.89769632840472,-118.67532118878238
134.90126266543743,-97.30884674457369,-142.91271642557322,14.914587065637086,-6.977444475313465,-26.769696398696084,-73.2455269037632,-116.90719976661342,14.242292729059733,-73.72649413533803,-81.7857471326877,92.91649319861791,-1.5773839800764315,9.76272086080355,56.27488565535688,-130.38414459648192,-26.258234958902342,-40.32562543205682,-148.23791184750604
-9.63549901834988,-49.240753639243295,-167.25495567946743,87.79133784415977,-67.30100049902065,100.57657826963616,-97.5040389482028,-16.387282821018232,8.72075965185072,4.699197127302798,-69.24200994731858,27.7020895349803,-86.50227668303918,77.63683500237988,-3.338198239579385,-77.14493946950971,-34.09434459881463,49.98141163961566,-120.46765166592542
-35.75963435715699,2.3134627371445484,-87.47458182614044,138.8423260347279,-98.36438636829494,157.46687478573077,-137.24083667259,48.47968367500889,3.113552952530769,74.08017688830915,-25.992940524538128,48.87947047460199,-129.9750102822479,86.8236992583671,-11.949266832430594,-1.921946977198835,39.0956558225357,74.63398288684466,-24.570249632373937
60.57545680751618,-3.071490453876966,-31.129525281506947,41.41942879366919,-101.62760492954548,79.71289336996271,-83.06093069781723,28.02343164879649,5.232647779900563,15.477323081671232,-4.533389408193417,66.61912493322926,-63.247080056231255,1.722603371645548,-2.4317889651840625,-21.997746272678903,71.21893969150187,14.60983721085853,1.3804261303573255
130.34191549730116,-38.13193922342624,-59.32761906072207,-42.164831075642695,-57.11693791769692,33.68597798400036,29.61518137904333,12.717224680294342,52.29738506180306,-16.836039778583935,-16.03504468565715,84.89935196787945,23.297823145201672,-41.48192513132063,7.991997074499126,-56.857883740296735,40.08100756664716,38.81014587123681,-9.804950487406526
135.71607566851034,-73.52713416697854,-79.80994905572389,2.101169762296064,15.090636818621077,58.54520827528369,75.83671851880428,61.37158075322406,38.4728546943404,22.40896795897888,16.72174496226647,117.80446618409484,45.5928788582706,14.098900701403576,25.338777770169425,-24.887775080030742,23.619131552380164,76.7450416275783,29.45851483383844
52.54895341573047,-117.6110851837986,-77.65802236543917,19.57838584775485,76.48304461217364,35.5345315810733,50.09617464430702,26.94174828582721,-61.43771854340028,-34.07868835119732,22.172279627194225,74.12911745109962,5.786024536467894,53.8066039297957,-7.357665424258001,-35.11558566992999,-6.308518281651337,30.351980915946616,3.405974962705103
-96.7084365853922,-121.947428590462,-118.67193200257928,-12.88305419339106,111.39679919218952,-16.585809656084095,-2.95629180805426,-99.72184551589127,-26.95449779811746,-121.51132847722124,-57.8654915036685,-2.0064858190036463,-1.7382029665488663,14.849637297091766,-41.8557979350446,-62.228159319222655,-85.31575043682082,20.759730093316527,-76.13047225038525
-142.48884329941532,-52.07597911319071,-131.7045170043436,-33.61181344849271,109.1673511320662,-32.24085744640586,7.219354934769076,-134.72635227577413,48.36714779536404,-118.04919384335652,-86.38228367959954,-28.937244097973817,62.95847709080618,-40.15047277782651,-22.12047961828059,-47.07535069616532,-103.11874004232064,62.31507996019974,-43.82585585279922
-102.43677291352508,0.9365545637054395,-82.02647869708825,-76.67199224009634,83.80328083722935,-23.485124068301527,48.13713686814259,-79.16987214357184,-29.24494613693295,-85.36128156086464,-29.35351026912913,-55.221273376276905,3.150739299441688,-69.40419050142704,0.6261049808764106,-66.34146846323907,-89.32870850310886,98.74853079574116,29.299030697093947
-60.80556233830607,17.548517667643917,-69.83993141620405,-84.63760633828738,84.45983792444159,18.709210067948504,16.963903321493568,-32.493408071216194,-91.6706275890656,-79.44468160259177,7.597724988304005,-69.3521948488251,-130.2448231472998,-75.1655601547508,-19.657997128669432,-40.943598013290725,-85.76163032290533,165.44406763336588,34.803875958022445
24.234201231333863,32.689996449666914,-111.62226958156836,-31.419192204683338,77.80761755897954,64.62226194587846,-61.9711211194677,-30.18986545276692,-112.82199168940689,-99.84207689837412,-34.64317448818785,-31.77584743376584,-128.91345119384363,-60.177737983290015,-59.94510826766237,-5.333261924754177,-21.02280504497019,212.45764833170384,31.522546882540443
44.55111812941075,-21.62743224702079,-134.9360315636162,-23.41907372859646,18.46288416417086,66.19538550513928,-118.15483809705944,-89.63877182726817,-149.85551318181007,-131.8041156937094,-94.46723756191408,-27.75006036679649,-36.57741014468213,-71.99957953770286,-42.1189763600662,-89.43345987627232,33.288855639194374,187.81893816585048,27.43443782768436
-49.922841040812,-108.13390528856618,-107.49415345987474,-41.04153365303011,54.8358076562291,70.93436458739234,-54.30755069736757,-86.89753174009333,-63.78569621923825,-70.04052328411876,-107.75794929362851,-35.41397372780182,70.64780630144125,-55.0756758071202,9.91517420641446,-103.22715215317312,-19.29921797856645,187.5534986422831,42.94803744629277
-90.6536626970666,-155.73071371949283,-90.91778063993937,-1.123247230846968,157.29800473577555,114.59153536027674,65.71075107736154,41.22912047469863,43.674675458127794,57.76003402811149,-110.62020076849804,20.266811403066185,124.98079479933932,58.10314639010452,-14.971793270257615,9.2779416598104,-119.0518051708825,195.0861384084326,123.8251489749961
-25.75937052811516,-202.47085292007125,-117.2236591944768,33.763819505642275,111.70252308777695,118.84098284002012,60.77970123679,79.88345643029692,-15.379750890412804,55.55177838707975,-112.42259117892166,65.2726678584795,69.99002910673687,75.31810768198876,-83.1629595932525,40.649399645801466,-91.00188002465802,139.31209535797134,162.8528246006179
33.52375873336334,-208.51989192207037,-128.8716021446876,26.04210681645927,-11.111752422905738,33.953064949142615,-29.242628655107293,-39.35651672342993,-130.24023853847677,-62.99120527062093,-101.0445475751838,62.15594294550037,-71.74425501931029,-62.33136500281416,-98.71921588827796,-45.52106140579573,13.972199611052824,92.0517405004952,105.09214122666076
52.17543471141079,-133.5055904872742,-81.30259467290165,37.62248277664032,-68.59643236352167,-29.09554100453728,-29.814960388241683,-128.55694109673192,-168.5889127458019,-142.5849628172827,-82.33779474242662,41.69761999788554,-143.80310468424196,-111.62321108722668,-45.45577305261594,-111.41904797881858,30.862525248814386,93.79061682319208,84.88996385501008
97.37824087953364,-70.39828440195143,3.280110308414696,46.58015296217193,-61.86657515618357,-11.375438276044711,55.68157168526011,-106.64685683825915,-95.43480931637151,-136.48952453424357,-15.437370673220748,47.0287624923221,-31.368858247552893,-18.743743470547333,12.675182674337094,-67.91167748707588,33.45035272385543,108.45317307843412,111.90618070741036
151.55614020048168,-71.06646744427238,28.40285739288899,11.322303261112545,-21.582661871996837,33.183578272640176,87.26446818774603,-52.18283758804424,-12.883865472577703,-115.40602466530032,44.82241072096097,65.17719893157462,59.57313196875927,57.023320100353295,-8.761480314560961,-13.777700521133807,9.544442015042623,83.0404004369193,76.41183587174854
102.99531531905016,-52.62841916001813,-58.580547234728655,-23.37867959498855,2.1643184970101053,63.82090303775176,65.19040478580403,-27.281541383713893,-59.85252011326361,-100.632332217136,-27.02017211015232,16.984251906882783,9.81478670082824,44.35805084885431,-56.683034030855886,-33.9388190378672,-55.7495651087659,61.60922454654264,47.729131374341286
-34.921371995595884,-32.71426216326048,-139.36559620134625,-18.831205912189272,-0.0492282576890859,45.999823457940174,64.73418681882228,0.6694692908562632,-76.569481800412,-33.038372641735016,-122.26313428257036,-32.25821365929237,-10.56013473992832,-12.472185114079394,-28.859987871314747,-22.13850931682709,-55.02052567388417,104.3170562115052,109.26648471857324
-117.64699391914338,-116.19296801502104,-102.70823062749288,14.182381364896733,-7.103012325423977,27.56368655213232,75.0368364528355,29.844073575969052,-17.35199146719691,-6.362671228839129,-102.4864993690566,-37.385464727334494,19.69516811166277,-23.457368796863992,24.25941507188544,35.02694305164538,-59.38657079816538,94.4592599250293,149.0335105070935
-122.4771564362442,-183.4739989849754,-25.060644290800848,41.5084810292224,-32.539233516762195,21.16220412203168,47.06515115662751,-17.781794614291492,-67.01878804555764,-91.37366128059465,-51.1124908519913,-67.33503409347847,-13.152284562076536,5.588385374548847,1.012476757370131,-12.569078337604456,-90.58074641205872,51.508782451408095,95.54518130593696
-89.90799790849745,-90.19145465717668,30.96543085921515,58.35173171772716,2.015766966291815,18.021720749385327,37.726646118319145,-71.63028713843036,-121.11809224456684,-130.25568342939036,-34.742081645899106,-54.02969868180807,-39.27398780784881,8.688880544509123,-52.64214759888344,-95.26972508127888,-63.601308832234245,135.44181354600224,78.19328882921327
-35.456171034633684,39.11499349827851,88.87149660526461,76.81612120020185,117.24633936330628,89.0916454357424,128.00520813932712,5.7687106835257564,-56.55625562428601,-31.13778769123344,-68.9672550534523,44.81904994331395,8.808699775549316,12.68345192882381,-44.7441909243545,-60.51674864961894,-17.076456211552514,245.96820425478683,167.39898230564896
8.08384692905509,53.68254364219124,109.04247335602824,99.357530401279,143.1088256171562,173.84897661031331,209.05902774258885,111.71907996779288,-6.832130497975344,69.71637032014272,-82.3110553254994,110.19055495768131,82.09208803911348,36.49485858101213,-24.01710595487721,-27.34218292101512,15.757414673400485,241.3071816192873,219.79297117340465
87.63203452115364,18.11203360681823,55.286829941523095,135.01340189239167,93.32812219312268,166.69763201466662,187.6413189791481,93.7084963686439,-64.34816526477658,18.279297652565287,-0.9657792406719606,111.90660268286578,154.88941575071888,71.52168438781963,-37.36851826091812,-84.55497277201627,34.61839511236004,144.28362411001018,141.66861206713688
136.27638988880622,39.22888268026629,-8.393296672426612,141.5072718437174,67.5853479114882,70.44679809393362,124.12789233990064,-1.463911677850246,-116.96410472675257,-102.28601383455069,51.35645844165161,115.96924857304052,100.50190614655963,90.49000646760796,-31.775500756971542,-134.0934541536467,14.02401445039167,6.872811530712124,24.734464731931983
40.79473271487913,67.65306606407961,-4.718878969685153,80.1593684097929,28.188141513332106,-3.567519751381155,102.32012401055847,-23.03120283621439,-44.502601782175496,-82.56561313768252,31.40468608167328,98.5766097502392,-52.88852324112802,58.16941493506052,4.23725439126174,-89.80573426696931,-9.256024586495627,-39.220031395661486,-11.477570669469602
-44.94810295712367,49.6586929385345,71.84184573545198,38.5276073726355,11.992722057415406,46.09223115969357,144.79921875448628,53.63673839855708,34.572124577860784,59.38417241842788,-14.657191482249006,47.23900306580204,-41.58470801182431,5.670746492137138,34.87906938403212,-5.060868949081244,25.720240611883057,31.709550695169614,47.38994918711791
16.99597533279792,22.90982825869665,164.40798703818527,61.11629073142029,39.92980672525661,90.04019671938023,183.87810283187792,48.06379047546832,-33.32643244900236,59.30610278309684,-43.24912235517025,39.861247071159895,94.18769135705352,-25.74545586948652,25.496394039499528,-47.1009641136618,88.93810055825504,40.61202310662701,88.08841754857413
122.36640217580324,-21.702376039028245,172.26559259228432,63.81070838609213,54.67452265716995,39.30481180629514,156.70612949270426,-57.64478245614278,-138.0503076020157,-108.52690791159506,-27.403987639081528,100.0402473962971,108.3527849426862,-14.703597379246464,-38.37501509311195,-147.84555274178584,96.17249339184023,-36.01725093221992,69.47745328943458
109.63322267478098,-71.3342965343292,72.7423683643313,34.45559059712217,7.48468929615194,-22.73043014783368,60.16049648166228,-107.31997129778414,-118.53897029423686,-146.66851665742436,-37.60925294477171,149.24959480948428,-26.971902114371343,-16.59750255666348,-84.69610336391538,-123.9926526747204,70.15568571661959,-100.65560626786788,50.09342908259403
11.909564310213586,-34.86184558053317,8.405530419331129,-16.63612495047267,-80.43077261086752,-92.90953809552576,-10.14094299002612,-100.66038258523368,-61.34722639353328,-64.15116298014333,-45.20733511068617,95.97001347207662,-132.19498147506772,-65.5998360820202,-38.66722888307899,-92.09527874711767,73.36144036451186,-142.23669620256416,-0.3689479830984973
25.342278566188018,38.81232617189927,84.20357864383541,-55.3800049647943,-103.84574555455804,-97.74015001330606,12.659794838796524,-51.79971902879407,-67.64782833779027,-41.73596602462101,-37.12278853575079,-2.3933224209567165,-88.96160876641797,-61.28187867650619,39.92384135860035,-100.5189176734717,85.57931672084995,-95.52335552461584,-28.893551091423426
119.20985025879736,39.50518944683892,160.11357425197363,6.436942181249314,-83.95523489308616,23.38301334188384,36.98001960774744,16.146494356234296,-69.84957917092896,-16.081597290216944,-28.093656774691333,-38.954715128585136,27.55808685791657,0.1480476355731509,49.998344761093456,-28.71400492463745,107.82335286538678,16.789404553946163,10.759397799194792
134.2616033346137,11.900149389155484,154.83291341857642,81.86686947525583,-56.480327616421846,102.2192279033209,68.18553126530468,20.660171095275267,-14.610348963364627,8.42292496986475,38.73190347062966,-27.727522206604892,114.7007432470341,14.877081828898506,20.039701490746552,44.93444375558291,108.43241855617626,34.46132776282583,0.862564551490378
151.47520509977414,42.888800781940745,186.04346336028723,127.40234646925902,28.188983718677857,112.70847516393108,149.97613133051468,27.890747142742523,68.73854146134265,39.07649443532272,56.37566870281502,51.81012016176782,89.49338978598018,24.72477770256903,21.47439690609656,79.80474759024798,79.24498150924781,50.44307371011397,-12.6959725738345
208.76198979156817,149.45008700239595,184.7706965078639,216.80985538377908,107.5994298102532,164.0862051255358,189.48255609030087,104.8315678362544,120.51152426289931,127.87302315721772,-32.74747547997613,154.66248398848177,1.782699890366417,86.22830194274204,26.458725594932574,150.541542544097,80.90841670349606,132.85453368642837,24.98412045148986
167.33087904896695,189.0134683074381,92.25138531323888,233.0296582579249,107.51149883134624,179.49749822720025,179.732878012329,156.86700343737735,95.83895723273564,120.97276340362436,-74.80934150972227,129.95266430275612,-14.276507576692406,113.5360783922378,3.737966628995561,189.78135908634653,70.88451304539417,96.71576423374304,14.94396831178396
79.78713273539074,56.27259668933991,41.68517465858584,136.56083385100814,46.23493592312939,114.09587760206692,138.7193392600815,123.92755207282278,-46.342668763312034,34.36457896252802,-62.51130529975064,49.22605696223799,-57.29567883256016,98.31482408139028,-34.77593316508699,127.70943117540016,62.97289235021273,-7.951806760338109,16.67735297437092
67.7516766598437,-85.79204484618232,34.4925956749861,43.0873781453499,-28.246026365823067,47.28756824550916,68.19593012305869,73.56844261896377,-176.52883377666555,18.512520663108027,-86.16303773437578,10.690305526148228,-127.64254869322566,55.32327629617398,-24.52820463034912,56.69990246551999,81.18747788032188,-37.65264439495897,75.39344430454992
46.63162142678822,-160.87899546441727,-13.05963190519559,-40.2001409309376,-94.34351465957351,-9.00163823473213,53.6960598073308,35.80880023429319,-61.70935755228614,-6.859027761609299,-78.68654561923681,-39.81297655133727,-92.15841323656844,-59.84026524336701,66.78450385244624,43.57574770169426,1.6432843190958912,-60.17002759968222,36.72700155942646
-53.74252724490514,-177.4830510965919,-97.92159890656588,-94.5450934689689,-123.25713608602284,-70.07420669084367,63.61444326620912,-2.730789871440701,133.3190286851523,-39.5509122672697,-22.626920415313048,-65.53618621377207,-95.69456184756062,-123.22724723185148,87.71638065449635,15.500361352605635,-161.48184936581293,-102.73045702615195,-80.73554472198603
-174.29884465254224,-102.79057781650016,-158.6546614870676,-112.81705167506938,-95.34402233853336,-113.94599437719548,9.092941167337706,13.99899168677546,161.5476722361162,36.79789358598023,-9.160914093193012,-59.312334476140336,-169.34248849984024,-73.47309878724633,27.02598905650696,-9.318755246556316,-244.3050791631717,-98.83896101502364,-71.81158615799605
-218.86804521826537,-71.04383880199391,-148.9468650970359,-148.11013402507743,-83.28944489654667,-96.814234429315,-41.42079860314442,100.17607224844824,164.60792762613153,165.9569274443117,-40.92189112555735,-69.1656834135342,-141.00435913236382,-66.22736095990233,38.651243338985694,44.72432435480926,-225.6944597089821,-30.066181166165254,66.20838822767854
-184.15474849763032,-99.00627561135148,-83.17845619356731,-158.04232789388746,-78.06843291968102,-28.96353636135957,-30.177862835124262,170.9992047966674,195.1936491117783,242.04320007700096,-77.64933671390503,-81.13964888803488,-55.20946394544594,-80.79686750429218,44.138653786786136,95.00408705514614,-201.73996361546156,52.12194407603407,151.02799854683312
-228.60724436554915,-67.76868537857617,-39.27304864636349,-87.6722880906024,-34.73718991768476,11.252899743302503,-36.04897143420468,157.374903449444,189.87722695596847,232.9240375459034,-87.40387161112398,-83.0140625901508,-20.525569069783845,-15.03698557049206,-1.09735642469796,105.89533063349089,-179.71690616387886,62.17699851478935,119.57432225652644
-269.50483430797755,1.289879375373945,17.584334539367994,21.48610713411524,1.4843280127666505,18.570303706109943,-47.624805934034704,107.92106371104664,207.1141402951916,146.57757986412838,-30.53297572365733,-38.47319422559281,19.725539646423314,41.78745857745746,8.703333382291362,126.76521556438442,-108.6508103553357,6.8148072199829945,68.50024190518651
-113.65398084115422,70.43114293466641,147.9077200763418,47.10308353638495,46.979159897333325,6.876374641440039,-16.74110805426999,75.52410924883517,132.89639226717102,46.91427252201889,44.53350007418278,-8.053261752790023,96.1575830823784,47.33228232281229,10.8468839589184,109.41886674859256,-2.5092876738564702,-26.795958600692085,35.233671909109574
28.509504280590985,112.58710868868454,234.1064307120561,-29.94042931944843,91.4016752492447,-33.475029349502094,-40.74559790943948,17.900484084470836,-39.24533758749324,-19.46225509462184,54.87088629093062,-48.07231520018406,84.16864530935923,63.12784190332624,-20.435030107924863,57.53258238840671,70.9201026010912,-40.06107482435267,-4.710507048060361
53.36765533234647,141.29916835491326,250.55563445837385,-53.40024489127853,68.43363389078188,-35.78692714521848,-107.68249615248638,-51.27675873540219,-77.47452211500244,-93.04057257044146,46.75830571656274,-57.83291013937156,1.9103374955272263,68.22489957160407,3.631632054333606,25.05623375909241,75.7610470181935,-38.79340926916221,-37.68460052398758
119.38895894008158,174.14768989386204,208.7838765312694,12.380023925273118,17.1846189372955,5.6969144031874,-114.18569379507508,-80.21819566227707,-30.681464169183364,-123.48886172544825,68.64200649217432,-1.971412991400064,-0.4829017079777101,45.16956810536403,28.733503797248872,-13.151024280433203,61.69063361020254,-16.923188804444823,-46.14237930178562
134.32787827224644,177.61181701011571,109.7998547117556,87.50957353150261,0.7939417692540852,18.43901719484978,-75.49514050001031,-76.47966372955926,2.7084223488305983,-51.61771666733999,62.98523871902604,92.08659959507978,15.416355004499747,59.97458143723102,-1.1393680221906457,-52.90777906526522,53.513312477804526,-17.28492028240611,-18.794880653503
4.413775283270524,162.96702542282324,86.77783121261523,99.42236338914908,-4.895557131768008,-6.159836981147601,-23.13609691884112,-55.99930687556066,102.73091297676616,25.25955588575413,11.442827033933614,145.1085992002999,-4.184545187557847,60.48257335861315,-37.44593334912469,-82.61111994299085,7.117793920157093,-27.394080549253143,6.401692444180894
-117.12033689998412,114.12908558172172,114.6352526295862,17.130939541660567,-14.183927463851948,-50.881025507546994,33.72795347196485,-13.858797076076607,158.42702569628963,52.67254895588562,-37.78859735853832,79.38831950285821,17.286410257956405,-44.57992801694105,-30.93495184876624,-106.0819350443148,-66.30867678796584,-32.157194987434615,42.33020749697213
-153.6573463189194,15.051910721012598,59.97508184602957,-58.1312773585016,-5.524122989329342,-75.68984075265354,52.13861821289183,8.623342458694696,67.8756269109904,24.08833156954745,-68.02277783808256,-4.745055726266094,-3.851156345638811,-145.5593683842984,-28.42155486811504,-93.73600212196487,-121.45330008978246,-37.82108251142498,107.71744456367652
-126.67183821087126,-89.73561820301208,-34.84695109127538,-79.47003058084694,-35.66186499537549,-78.61817839112497,13.145455843950154,-42.45655683411657,-8.006660979693915,-48.9134585901076,-105.36123212691756,-10.793746207371209,-110.98564212399118,-142.9404756351422,-92.27630980598384,-76.71315927162506,-132.24625034897403,-46.66813967141334,88.6748672748033
16.380609041085286,-110.6276015542157,-68.90627057564188,-77.59873349999035,-108.66469815953816,-60.91727150907254,3.1022371983235506,-61.49004744892577,23.8063075391775,-59.3408503375131,-131.13213476591517,57.28384853211624,-120.49186975276297,-70.52427054082602,-87.74014431212721,-68.5882466914066,-74.53485219507436,-47.00103628834541,48.3320880701008
142.0215787343269,-26.27634019103477,-70.22801988178895,-61.21258970983954,-96.77497690350158,-0.7931370581412589,74.5753182173601,33.05046596840691,85.79266770666274,38.54691878322058,-125.4232037838636,132.10117096165152,-39.34849903537805,-0.3163762799404259,12.070712409652067,-23.826173594419394,-39.76129181123474,-41.22715331750051,98.7551577673568
77.4204205045225,-18.80096904980344,-53.5373387084901,-39.19936164082986,-14.543723838816284,19.736187987424803,159.83035821140342,87.47451043555341,106.2740520398973,95.25890577090809,-99.4543587883544,125.21629655404394,-26.50755914991308,27.225340698219973,65.545289180814,12.675187020144625,-87.19334030137706,-58.33329770358637,107.87521879720776
1.5134629813763218,-94.74358388152216,48.02350090419327,34.56819339792265,38.2932058391851,15.683341913129505,174.76526433177938,22.440370150957385,76.04903004029913,25.822796866084325,-20.534347759327627,75.0072964375721,5.121238521053309,67.33336507233729,79.10483227768586,9.628082498825632,-72.8810098087784,-36.04443508551061,34.492192383980644
2.9624178787528805,-48.35802079800472,135.81769115425303,120.940519687229,82.5529688921374,64.7979551664989,99.97985042387828,-20.360854655299985,50.38787122915689,-15.740841729344568,38.823897144053326,34.46313801653303,82.51851778840839,88.13022412047302,57.042534539705066,24.243961452547715,-20.23938609808964,10.195686276209194,-21.71678419491851
31.761840366851835,12.00053684678118,102.4347817181416,63.70980896014058,95.32636030391652,68.40778716219396,37.53644401802735,-7.8342982966122525,59.32810442116654,-5.736654525556315,-4.240880005885437,-4.950307672817029,68.09430436249814,-15.747652525645842,29.191709989801225,68.7186862730685,-63.69483733409598,-53.11339244550512,-29.689105372882423
192.0258299918992,-46.020130931691874,51.086183797301146,-159.92314064315664,49.53842971612988,-53.94123933661536,35.94101244009404,-56.55306604510199,19.77687159833104,-58.81818219768617,-53.3778359201548,-48.34048426257903,0.1295681394295449,-147.48719805846451,44.49314780355569,96.49214747466718,-116.98142901743932,-198.1300590967432,-31.89415304537277
253.230432352065,-37.46515612764768,46.25876678741697,-344.7010108453327,-1.783564630361117,-155.46270798825662,9.111186082512877,-79.16497715926413,-61.1891939371997,-63.370931734680674,-60.48444977975555,-143.57606294788096,-51.70220833064236,-133.8497590648575,44.48733943150812,98.44944515539866,-128.68341828588933,-252.09614100397545,-38.710028790176096
-67.61823393013337,39.048980289355605,19.68679421992403,-307.281193206632,-63.86255810411304,-103.6325221252449,-30.98913757010396,50.65552638979207,-0.2370113462230426,72.47452122308692,-57.53572003203075,-238.7596974105988,-61.91217981330683,-34.75443451146217,49.72100501814268,127.62936626076348,-144.61565302668367,-175.13726664036818,21.901458434579435
-323.405280428316,-32.43163555160933,-51.96701804712247,-228.7385630808994,-118.86293804947633,-69.64853290843789,0.7031974136609314,142.16105178151884,153.99762256714,153.87233711803947,-57.99123752919739,-199.526531177183,-18.688235829762554,-18.092332848657573,80.2832486066545,149.4105538872956,-162.11197425907474,-149.62377054559292,96.46193134411055
-172.4250704992678,-203.94223371676972,-93.71488569774291,-330.26541235867035,-112.51562335128747,-173.83478675203602,72.92335295054286,61.71329052916247,178.6306841791359,95.95188621557442,-103.37250054787135,-101.20957283885232,-19.88617098946136,-88.02037349720324,101.2230729081538,95.68931436730644,-178.70900726946851,-241.37506082696615,62.49315682297475
-40.8067618815791,-226.54674070703885,-84.91755444254783,-422.75164796924446,-81.75779495578902,-284.5403164759246,119.99435831580854,-25.1109356601048,141.69498066247672,40.00797002071859,-172.88246495572528,-100.01034157833791,-64.93729914684826,-175.05953123862972,113.68369309455332,62.81717134156118,-195.0144069128908,-296.67418448884234,4.854765622869707
-120.40141587623592,-56.3343006759686,-124.06207192431135,-362.7585869459136,-74.6103122572435,-310.068962719373,149.73733960644716,-21.609627651923745,154.24541436260134,11.777716639810924,-158.1249064733885,-163.04473649210175,-45.7788905238578,-185.89721791548283,95.8870383896044,108.10337727164436,-195.10727158868917,-260.7802710520639,-1.2709150836216672
-207.75047150162425,30.517673484519584,-185.11290166701863,-296.63027093401024,-83.03283155262405,-262.12649337072423,164.14834586454091,-30.509005671749584,192.0165589581798,-32.42582889287791,-66.70722235833531,-174.9360026632225,33.01719723865954,-107.30432508144024,77.44824994007129,112.63199936612186,-176.61932982490168,-218.09839563402477,-25.011652230543707
-280.7793480682295,-123.55535356187842,-131.41856176625544,-251.37071106257525,-88.30321234695195,-206.89059518026468,168.39012294943518,-107.95888352952092,250.23694419162263,-97.98132449836471,-5.10675673500346,-119.9355350096792,87.69190920598182,-100.22754674740229,95.85104435292637,24.617878851583665,-168.98408034238312,-216.9550648787879,-75.99964315306183
-206.99418893952827,-218.2441177025176,-18.904990111512166,-189.4622701373648,-64.10282596800651,-162.47861322430583,191.9742099146682,-164.62437906527643,202.18997860751847,-147.19711394269996,36.12637507288055,-69.98988095133343,71.15395878059918,-167.70557014952195,87.35428837616338,-48.07681762826366,-118.1760435372048,-195.4983210876137,-118.27394377496886
-14.572077190196367,-88.98057166358456,42.81224422055284,-137.9491401099195,-11.38299513694366,-108.79742812061995,201.31369817412704,-121.53650219911084,44.51013027798511,-100.8697828868536,91.8586637676655,-84.79704321320429,73.05671102817966,-173.3399538117472,45.61726588849359,-15.376128865128145,-21.230666141549083,-101.24710918971904,-76.96491468586414
-50.73863315059076,-29.61418954436401,39.55987048436708,-92.85655240574128,4.656493307003938,-68.64404890675337,201.33094356545485,-21.725469323636386,44.477056754171336,-16.041710821919512,114.4004409275728,-129.78141376942767,126.03183593214251,-72.73250523743005,52.326117631948286,97.28967456389124,-20.66724287969452,-53.29983091949161,-0.1628536621012275
-210.8470205046312,-105.67077812830618,-58.190856036727865,-120.86980682492973,-40.96199996009239,-83.58099307140203,219.8188181876241,29.496694218899005,194.1002884858227,7.174199363674862,83.24554498705521,-113.0314117655196,73.73263064597167,28.3240992288152,77.02124903363485,177.33455794666375,-89.96309405439945,-152.74616686982498,-45.11507709967343
-229.9948110624892,-143.1618748188169,-151.51897210288072,-234.2692557027364,-69.17058079700146,-207.04100816198823,186.9584422982529,16.88904487885427,228.4054071522452,22.410273838061087,29.904995680772885,-51.65583086587151,-21.70223052752614,-24.1216723681908,55.83229414580058,119.5707421069875,-91.7380226403998,-289.1583971584752,-117.97656867715828
-126.3645767332957,-144.63982507889125,-79.42859894653002,-267.258868156111,-32.936144420657314,-312.5214952976969,133.24463968414804,2.272858715508267,140.43930840317896,61.76304943531534,-21.692255135533543,-18.02023404876637,25.23640946386977,-116.5046506312857,46.0534509297193,10.202457359963642,-11.175793418528652,-296.2343360642632,-113.41135891979808
32.288203013774755,-70.1889088542495,33.46714679982665,-143.5708649487904,-2.960395224962931,-244.0682635613428,91.30845433830514,-0.1763159207211057,78.1623907094327,42.67788944674104,-31.5268289758408,12.71981063327764,78.2746942047404,-110.31145804570926,44.09847308769572,-18.13732903521317,56.21919775081371,-176.25236361076185,-92.562420519956
