0,1,2,3,4,5,6,7,8,9,10,11,12,13,14,15,16,17,18
1.0,0.48590341482424854,0.5050661104589895,0.5793995803767323,0.22836110570938828,0.14961600303208938,-0.2039055480081812,-0.27654636299122615,-0.451398880434582,-0.28642507138483364,0.36377834526511826,0.7461853337482609,0.2406703433029028,0.11873714990260648,-0.2461597244038444,-0.2617991603019589,0.7877409115365382,0.09002282048556444,-0.23422058225226056
0.48590341482424854,1.0,0.6535200349685435,0.6281215505184436,0.33573247535245077,0.4589754440291448,-0.048670774590104916,0.05681297103794522,-0.2108668999633451,0.041905390942775816,0.6834629232132257,0.381023194724203,0.3602469976350503,0.22349805567647113,-0.1105909898066538,-0.04110255625251726,0.7062225664463727,0.4126499553786885,0.00013146506132320028
0.5050661104589895,0.6535200349685435,1.0,0.5844014127111907,0.4877838400301896,0.3504909333700024,0.0724806947838037,-0.06577769138110617,-0.22073818043321902,-0.08958051407314543,0.5316562524491049,0.4184344721269502,0.4859264155199611,0.21834333640377776,-0.03934505754054306,-0.033205025904571306,0.6711362908824002,0.27058411695067247,0.03731896246142908
0.5793995803767323,0.6281215505184436,0.5844014127111907,1.0,0.34411898452673034,0.5824023030195453,-0.08758050871119687,0.010120042496199461,-0.35032341124068433,-0.04141405225344244,0.3883369247984906,0.6092576974429603,0.336734860209381,0.401763404398175,-0.21587535909639652,-0.1515879423485595,0.6872166546219857,0.426908270767366,-0.05994799929985197
0.22836110570938828,0.33573247535245077,0.4877838400301896,0.34411898452673034,1.0,0.48526907629160493,0.2987023537607496,0.05023605430714931,-0.1606129877155874,0.035658930123172006,0.24871573192238006,0.3536294877880547,0.610389884449188,0.3755437115051523,0.11983753700838844,0.048135946428944615,0.24938169218879924,0.4493918801124627,0.17541836213586567
0.14961600303208938,0.4589754440291448,0.3504909333700024,0.5824023030195453,0.48526907629160493,1.0,0.14047836371548067,0.38719516357274103,-0.06847752735356034,0.2881583085668931,0.23637746042495478,0.25699910984671054,0.3827286982842046,0.618649359655925,0.025306177752929135,0.10772357357417961,0.2659724978129032,0.8557132740259948,0.41302576243012756
-0.2039055480081812,-0.048670774590104916,0.0724806947838037,-0.08758050871119687,0.2987023537607496,0.14047836371548067,1.0,0.2840004794279483,0.5329189033039233,0.28295139671890474,-0.14307553411899954,0.03308851239215539,0.33972746150956795,0.13455296641230163,0.5269566285775156,0.17831464273367853,-0.27897453973973224,0.21140168209923005,0.3743040737866258
-0.27654636299122615,0.05681297103794522,-0.06577769138110617,0.010120042496199461,0.05023605430714931,0.38719516357274103,0.2840004794279483,1.0,0.3933635397286557,0.9529420594072668,-0.06642929777385748,-0.2348415155143442,0.06606813820638112,0.37570145579265124,0.192040859389039,0.6636417210245474,-0.20429862619892852,0.3808008000990645,0.5700263323990615
-0.451398880434582,-0.2108668999633451,-0.22073818043321902,-0.35032341124068433,-0.1606129877155874,-0.06847752735356034,0.5329189033039233,0.3933635397286557,1.0,0.43658406610312334,-0.2764990981959159,-0.19630105203458725,0.018680500835994113,0.04379375651101643,0.5993835982206595,0.4031848764947903,-0.5201562276878761,-0.00370550714620039,0.20918082413524786
-0.28642507138483364,0.041905390942775816,-0.08958051407314543,-0.04141405225344244,0.035658930123172006,0.2881583085668931,0.28295139671890474,0.9529420594072668,0.43658406610312334,1.0,-0.08810633310772271,-0.2493476481026993,0.023049697459204016,0.29497005158233963,0.20012368845450135,0.6806002984719811,-0.22326371770238693,0.30634145780171507,0.5210298452501877
0.36377834526511826,0.6834629232132257,0.5316562524491049,0.3883369247984906,0.24871573192238006,0.23637746042495478,-0.14307553411899954,-0.06642929777385748,-0.2764990981959159,-0.08810633310772271,1.0,0.23139564416212247,0.4209370316584429,0.088424374739753,-0.15145832691627897,-0.11683018301019238,0.5557806860536844,0.19530285894897165,-0.0688994010997798
0.7461853337482609,0.381023194724203,0.4184344721269502,0.6092576974429603,0.3536294877880547,0.25699910984671054,0.03308851239215539,-0.2348415155143442,-0.19630105203458725,-0.2493476481026993,0.23139564416212247,1.0,0.23032533490456572,0.24577654444879324,-0.13195120943185307,-0.42378457314521395,0.6601016224556767,0.2007429760358137,-0.009788983463045204
0.2406703433029028,0.3602469976350503,0.4859264155199611,0.336734860209381,0.610389884449188,0.3827286982842046,0.33972746150956795,0.06606813820638112,0.018680500835994113,0.023049697459204016,0.4209370316584429,0.23032533490456572,1.0,0.2973201011399403,0.23443278207037,0.025048158667027212,0.3190988416176889,0.34512228688305296,0.19545670938603102
0.11873714990260648,0.22349805567647113,0.21834333640377776,0.401763404398175,0.3755437115051523,0.618649359655925,0.13455296641230163,0.37570145579265124,0.04379375651101643,0.29497005158233963,0.088424374739753,0.24577654444879324,0.2973201011399403,1.0,0.0685772133591048,0.3326192679389495,0.15544841848766763,0.43855457617626326,0.2914292839566704
-0.2461597244038444,-0.1105909898066538,-0.03934505754054306,-0.21587535909639652,0.11983753700838844,0.025306177752929135,0.5269566285775156,0.192040859389039,0.5993835982206595,0.20012368845450135,-0.15145832691627897,-0.13195120943185307,0.23443278207037,0.0685772133591048,1.0,0.25380774145294,-0.2874972427137328,0.07166374659298708,0.17226722068867745
-0.2617991603019589,-0.04110255625251726,-0.033205025904571306,-0.1515879423485595,0.048135946428944615,0.10772357357417961,0.17831464273367853,0.6636417210245474,0.4031848764947903,0.6806002984719811,-0.11683018301019238,-0.42378457314521395,0.025048158667027212,0.3326192679389495,0.25380774145294,1.0,-0.20608767723505717,0.06152394115195907,0.36257115994620936
0.7877409115365382,0.7062225664463727,0.6711362908824002,0.6872166546219857,0.24938169218879924,0.2659724978129032,-0.27897453973973224,-0.20429862619892852,-0.5201562276878761,-0.22326371770238693,0.5557806860536844,0.6601016224556767,0.3190988416176889,0.15544841848766763,-0.2874972427137328,-0.20608767723505717,1.0,0.18419162925487392,-0.1599040607673571
0.09002282048556444,0.4126499553786885,0.27058411695067247,0.426908270767366,0.4493918801124627,0.8557132740259948,0.21140168209923005,0.3808008000990645,-0.00370550714620039,0.30634145780171507,0.19530285894897165,0.2007429760358137,0.34512228688305296,0.43855457617626326,0.07166374659298708,0.06152394115195907,0.18419162925487392,1.0,0.5745479832197957
-0.23422058225226056,0.00013146506132320028,0.03731896246142908,-0.05994799929985197,0.17541836213586567,0.41302576243012756,0.3743040737866258,0.5700263323990615,0.20918082413524786,0.5210298452501877,-0.0688994010997798,-0.009788983463045204,0.19545670938603102,0.2914292839566704,0.17226722068867745,0.36257115994620936,-0.1599040607673571,0.5745479832197957,1.0
