0,1,2,3,4,5,6,7,8,9,10,11,12,13,14,15,16,17,18
1.0,0.39264042345298567,0.48799703576266423,0.48197429932795505,0.09193770416110429,0.08647208030028414,-0.1362994526168408,-0.24491881868386758,-0.31703947420400214,-0.2475019910255686,0.31976752502056566,0.7273691172922113,0.1910333671876129,0.18921219927483848,-0.1456648838564039,-0.03892091119636,0.7706080062312531,-0.07463285061077318,-0.17986170909498111
0.39264042345298567,1.0,0.7195505058047776,0.7002804364981366,0.37587458367621657,0.5108552159154708,0.04197970598519761,0.1707457467407448,-0.05985036734568149,0.16127663597828532,0.5942534882587102,0.3484089612481067,0.30598251076804384,0.25110936018204644,-0.047416638368023886,0.04300008942010974,0.5761852525609698,0.38608664674869336,-0.024525000813304804
0.48799703576266423,0.7195505058047776,1.0,0.6766799266049648,0.47508289304788964,0.45451633319221685,-0.016938466881918388,-0.047319956270284534,-0.21128951250987318,-0.06570006325456829,0.6368440764283287,0.4201639257166648,0.48019912591795366,0.31827063676722483,-0.046393771278041895,-0.04925309126190525,0.6306177954655816,0.2759170529749524,-0.009190845887682885
0.48197429932795505,0.7002804364981366,0.6766799266049648,1.0,0.3633887407809008,0.6246280099908924,-0.07169268426235795,0.10174630148382538,-0.1389320647337901,0.08044221628708988,0.40972357446298563,0.5217920752528986,0.3044623769658393,0.44945787368474416,-0.08198568877387519,0.11648251757737094,0.6322170393674305,0.4210310993603791,-0.04679795565909296
0.09193770416110429,0.37587458367621657,0.47508289304788964,0.3633887407809008,1.0,0.5724751454694665,0.325869365805883,0.07745146924386835,-0.08584296196895516,0.06878111675114586,0.24399484997351287,0.20993118435354627,0.6034930806969611,0.257437061981827,0.14660576765739516,0.07026779711219541,0.08707430312427358,0.531235799730661,0.15773161572464472
0.08647208030028414,0.5108552159154708,0.45451633319221685,0.6246280099908924,0.5724751454694665,1.0,0.1540461091176597,0.4005754955760481,0.026056902497670856,0.31866209110320803,0.23526795570517167,0.21502312485501954,0.38015155739897893,0.5312263419451836,0.09893643277827115,0.2540164027680488,0.18190022992649096,0.8477404114642468,0.4386265090312027
-0.1362994526168408,0.04197970598519761,-0.016938466881918388,-0.07169268426235795,0.325869365805883,0.1540461091176597,1.0,0.3348965433468787,0.5215795376455695,0.3143578350333688,-0.06978517654720237,0.09695932022456588,0.41702548740266554,0.0390592690951421,0.5436236093778778,0.24426222664734001,-0.21475143702300947,0.23546557439687504,0.3665655860907042
-0.24491881868386758,0.1707457467407448,-0.047319956270284534,0.10174630148382538,0.07745146924386835,0.4005754955760481,0.3348965433468787,1.0,0.45568803648069656,0.9517712724751385,-0.06839102038653307,-0.1093987667991726,0.02065322560542302,0.17070732296372293,0.2236618426916466,0.6195422113079009,-0.20607302112207085,0.4003563083565167,0.5550175159050608
-0.31703947420400214,-0.05985036734568149,-0.21128951250987318,-0.1389320647337901,-0.08584296196895516,0.026056902497670856,0.5215795376455695,0.45568803648069656,1.0,0.49621696908134905,-0.2382621607862622,0.0120145780172779,0.11669289777866022,0.01611933277397754,0.6125154274241899,0.4586235559931194,-0.3891654323053535,0.055088740434849855,0.1734795437309142
-0.2475019910255686,0.16127663597828532,-0.06570006325456829,0.08044221628708988,0.06878111675114586,0.31866209110320803,0.3143578350333688,0.9517712724751385,0.49621696908134905,1.0,-0.0712222189228693,-0.10622443221184757,-0.00825776086670199,0.1201884690208005,0.24203009538640777,0.6152081921775057,-0.219766199505876,0.32794680691632583,0.4813663756990927
0.31976752502056566,0.5942534882587102,0.6368440764283287,0.40972357446298563,0.24399484997351287,0.23526795570517167,-0.06978517654720237,-0.06839102038653307,-0.2382621607862622,-0.0712222189228693,1.0,0.20004210454418034,0.3335920613034907,0.10543170149758829,-0.1814754677330733,-0.141321372905376,0.4329075261995477,0.13090403639629167,-0.06961382489336339
0.7273691172922113,0.3484089612481067,0.4201639257166648,0.5217920752528986,0.20993118435354627,0.21502312485501954,0.09695932022456588,-0.1093987667991726,0.0120145780172779,-0.10622443221184757,0.20004210454418034,1.0,0.19515751458356143,0.33796817209252494,-0.027383335473239487,-0.11005202132041424,0.6614588377818186,0.047893406729275834,0.040220297550423785
0.1910333671876129,0.30598251076804384,0.48019912591795366,0.3044623769658393,0.6034930806969611,0.38015155739897893,0.41702548740266554,0.02065322560542302,0.11669289777866022,-0.00825776086670199,0.3335920613034907,0.19515751458356143,1.0,0.24997347271904524,0.2780680784840399,0.017857984373379612,0.20185402996065505,0.34532578855661317,0.17193190637133002
0.18921219927483848,0.25110936018204644,0.31827063676722483,0.44945787368474416,0.257437061981827,0.5312263419451836,0.0390592690951421,0.17070732296372293,0.01611933277397754,0.1201884690208005,0.10543170149758829,0.33796817209252494,0.24997347271904524,1.0,0.03572965874941118,0.282513543943496,0.21951061138783703,0.3401564303045826,0.19255293030880127
-0.1456648838564039,-0.047416638368023886,-0.046393771278041895,-0.08198568877387519,0.14660576765739516,0.09893643277827115,0.5436236093778778,0.2236618426916466,0.6125154274241899,0.24203009538640777,-0.1814754677330733,-0.027383335473239487,0.2780680784840399,0.03572965874941118,1.0,0.30912122382597207,-0.25911834561773966,0.09782040956836924,0.14444471324264888
-0.03892091119636,0.04300008942010974,-0.04925309126190525,0.11648251757737094,0.07026779711219541,0.2540164027680488,0.24426222664734001,0.6195422113079009,0.4586235559931194,0.6152081921775057,-0.141321372905376,-0.11005202132041424,0.017857984373379612,0.282513543943496,0.30912122382597207,1.0,-0.08368757740854381,0.18520488080871533,0.31262545305477074
0.7706080062312531,0.5761852525609698,0.6306177954655816,0.6322170393674305,0.08707430312427358,0.18190022992649096,-0.21475143702300947,-0.20607302112207085,-0.3891654323053535,-0.219766199505876,0.4329075261995477,0.6614588377818186,0.20185402996065505,0.21951061138783703,-0.25911834561773966,-0.08368757740854381,1.0,0.02296182414613548,-0.20297615921766698
-0.07463285061077318,0.38608664674869336,0.2759170529749524,0.4210310993603791,0.531235799730661,0.8477404114642468,0.23546557439687504,0.4003563083565167,0.055088740434849855,0.32794680691632583,0.13090403639629167,0.047893406729275834,0.34532578855661317,0.3401564303045826,0.09782040956836924,0.18520488080871533,0.02296182414613548,1.0,0.5933894622265774
-0.17986170909498111,-0.024525000813304804,-0.009190845887682885,-0.04679795565909296,0.15773161572464472,0.4386265090312027,0.3665655860907042,0.5550175159050608,0.1734795437309142,0.4813663756990927,-0.06961382489336339,0.040220297550423785,0.17193190637133002,0.19255293030880127,0.14444471324264888,0.31262545305477074,-0.20297615921766698,0.5933894622265774,1.0
