0,1,2,3,4,5,6,7,8,9,10,11,12,13,14,15,16,17,18
1.0,0.42751112693584553,0.4929093688780334,0.4388528339937776,0.030267119007677885,-0.06516131929084898,-0.1464280431868142,-0.2806998037596796,-0.49969932422945534,-0.284709842133093,0.24521541163116378,0.7131568019321903,0.04600514321617215,0.06713054448111673,-0.3457881542824437,-0.28311562170519544,0.7801243063710217,-0.1555192134174476,-0.3018459823794839
0.42751112693584553,1.0,0.7100888088802547,0.6325562912718322,0.3644140223476041,0.4318973364855243,0.12773161358878676,0.22778080638386813,-0.10356188170422259,0.2067703829457564,0.500528721022372,0.3561970573122172,0.3374884374286505,0.35209247191299375,-0.040453834846152434,0.03921186163464418,0.5935994758789067,0.36797530779465043,0.04732637906546788
0.4929093688780334,0.7100888088802547,1.0,0.5973942312860786,0.5034564798163955,0.3303816650438735,0.18560739386546365,0.04865765705256524,-0.24245966811811906,0.026276223623458286,0.45097860812650004,0.42483087701695854,0.5027453794568134,0.3146593807764682,-0.04754361664388483,-0.04930643111174878,0.6418272429434885,0.24533064465101406,0.050614323983562255
0.4388528339937776,0.6325562912718322,0.5973942312860786,1.0,0.40850284556747013,0.582808228550787,0.12942254954567203,0.21535898762251596,-0.1628112006771784,0.18528664666476602,0.2664523208685316,0.5420928962881337,0.33419018602036776,0.526881873524325,-0.08160104543804497,0.06750811347268455,0.5211075193118198,0.43192103077707306,0.0860636401764776
0.030267119007677885,0.3644140223476041,0.5034564798163955,0.40850284556747013,1.0,0.6168464007609863,0.5026261629956077,0.32414723016101527,-0.002179512844828997,0.30856004794174147,0.2517955753290504,0.20635750134464964,0.6754267314186004,0.5407168388770669,0.23371062718006042,0.2681971515024559,0.04640945683034183,0.5593647809242258,0.34353722785330454
-0.06516131929084898,0.4318973364855243,0.3303816650438735,0.582808228550787,0.6168464007609863,1.0,0.3634075773922504,0.6253630793032108,0.17119844830661715,0.559167165205512,0.1564233612663099,0.1109463526785946,0.471098492653436,0.7143191996135551,0.199611589903835,0.42982059690818264,0.027846471908193986,0.8742899615150482,0.5864916801368087
-0.1464280431868142,0.12773161358878676,0.18560739386546365,0.12942254954567203,0.5026261629956077,0.3634075773922504,1.0,0.36390087186665837,0.4731779393696184,0.3427854088088505,0.04426226770893592,0.08921424524307488,0.519177993824003,0.388576188909715,0.611347535412309,0.3225977893400995,-0.1761616079206003,0.37651475146464763,0.37491903805454024
-0.2806998037596796,0.22778080638386813,0.04865765705256524,0.21535898762251596,0.32414723016101527,0.6253630793032108,0.36390087186665837,1.0,0.4753529945197211,0.9647196402371193,0.10103697013133008,-0.1826784460472804,0.26977977065864783,0.5314547450251664,0.35447196407899284,0.7452219586799714,-0.21688703110402513,0.5742747142780297,0.6282559389353123
-0.49969932422945534,-0.10356188170422259,-0.24245966811811906,-0.1628112006771784,-0.002179512844828997,0.17119844830661715,0.4731779393696184,0.4753529945197211,1.0,0.4989409586651114,-0.1291667652180841,-0.20489919368139678,0.15634059505954426,0.1882710704775789,0.6378868303250073,0.5320502893491043,-0.5072937325823853,0.21557357963703658,0.26165482834626924
-0.284709842133093,0.2067703829457564,0.026276223623458286,0.18528664666476602,0.30856004794174147,0.559167165205512,0.3427854088088505,0.9647196402371193,0.4989409586651114,1.0,0.0741290707655589,-0.1913959730312374,0.22250338349263768,0.4814514126403046,0.35646239983335287,0.7490618654682966,-0.2336806318129617,0.5225047867108422,0.5797427390488541
0.24521541163116378,0.500528721022372,0.45097860812650004,0.2664523208685316,0.2517955753290504,0.1564233612663099,0.04426226770893592,0.10103697013133008,-0.1291667652180841,0.0741290707655589,1.0,0.10205015282725746,0.4193662881795546,0.1346097326012041,-0.054368961615482526,0.08266927225628669,0.4014826435450576,0.14899351820123116,-0.026192573100315347
0.7131568019321903,0.3561970573122172,0.42483087701695854,0.5420928962881337,0.20635750134464964,0.1109463526785946,0.08921424524307488,-0.1826784460472804,-0.20489919368139678,-0.1913959730312374,0.10205015282725746,1.0,0.09578972411895534,0.2451554428690842,-0.20058499453382764,-0.35647853579139466,0.5964063232175252,0.020406155074873856,-0.01702486634035016
0.04600514321617215,0.3374884374286505,0.5027453794568134,0.33419018602036776,0.6754267314186004,0.471098492653436,0.519177993824003,0.26977977065864783,0.15634059505954426,0.22250338349263768,0.4193662881795546,0.09578972411895534,1.0,0.3907115783646809,0.2968089030374479,0.21467640240112515,0.17068754439997916,0.46199377700829825,0.3328727827334953
0.06713054448111673,0.35209247191299375,0.3146593807764682,0.526881873524325,0.5407168388770669,0.7143191996135551,0.388576188909715,0.5314547450251664,0.1882710704775789,0.4814514126403046,0.1346097326012041,0.2451554428690842,0.3907115783646809,1.0,0.20491726920816591,0.4998590977005799,0.08857330010000049,0.5146282402394267,0.3456905487169608
-0.3457881542824437,-0.040453834846152434,-0.04754361664388483,-0.08160104543804497,0.23371062718006042,0.199611589903835,0.611347535412309,0.35447196407899284,0.6378868303250073,0.35646239983335287,-0.054368961615482526,-0.20058499453382764,0.2968089030374479,0.20491726920816591,1.0,0.42153696438635524,-0.36111260192206507,0.23259897337426932,0.27272607614160593
-0.28311562170519544,0.03921186163464418,-0.04930643111174878,0.06750811347268455,0.2681971515024559,0.42982059690818264,0.3225977893400995,0.7452219586799714,0.5320502893491043,0.7490618654682966,0.08266927225628669,-0.35647853579139466,0.21467640240112515,0.4998590977005799,0.42153696438635524,1.0,-0.22299009945966985,0.34685892243826993,0.3791360161053888
0.7801243063710217,0.5935994758789067,0.6418272429434885,0.5211075193118198,0.04640945683034183,0.027846471908193986,-0.1761616079206003,-0.21688703110402513,-0.5072937325823853,-0.2336806318129617,0.4014826435450576,0.5964063232175252,0.17068754439997916,0.08857330010000049,-0.36111260192206507,-0.22299009945966985,1.0,-0.053765699682744014,-0.26791921605882535
-0.1555192134174476,0.36797530779465043,0.24533064465101406,0.43192103077707306,0.5593647809242258,0.8742899615150482,0.37651475146464763,0.5742747142780297,0.21557357963703658,0.5225047867108422,0.14899351820123116,0.020406155074873856,0.46199377700829825,0.5146282402394267,0.23259897337426932,0.34685892243826993,-0.053765699682744014,1.0,0.7064508066973374
-0.3018459823794839,0.04732637906546788,0.050614323983562255,0.0860636401764776,0.34353722785330454,0.5864916801368087,0.37491903805454024,0.6282559389353123,0.26165482834626924,0.5797427390488541,-0.026192573100315347,-0.01702486634035016,0.3328727827334953,0.3456905487169608,0.27272607614160593,0.3791360161053888,-0.26791921605882535,0.7064508066973374,1.0
