0,1,2,3,4,5,6,7,8,9,10,11,12,13,14,15,16,17,18
1.0,0.465100810285076,0.5303389507661322,0.46994325113819835,0.12398620565807796,0.09743511666073623,-0.19461502185877838,-0.25308025883246305,-0.4135329613317381,-0.2829652032733654,0.30680518976305876,0.6806832453614254,0.17459686581724296,0.06489089392203376,-0.2734037277251222,-0.18062741561527348,0.7787810470503268,0.028449520108455313,-0.13249361945491614
0.465100810285076,1.0,0.7168393015959542,0.6553875625905551,0.3352414921931468,0.4088672637835485,0.0010733543919540368,0.036416453696837645,-0.16248882909378232,0.010948745474369762,0.6049922521697824,0.406468757276204,0.3450597079314404,0.19616993586823459,-0.08195300029795921,5.1509923150432305e-06,0.6753783463561115,0.4009902848624194,0.03947329056982777
0.5303389507661322,0.7168393015959542,1.0,0.6097628817407461,0.3991697178690132,0.3689946310335073,0.025743178698391295,-0.11162009587458958,-0.2894248867279496,-0.1503965731424626,0.5339123459214239,0.4125466584836058,0.46527913128240095,0.17994731503926628,-0.12492736801078728,-0.07154012683722502,0.7213498608755775,0.33159234884797534,0.041190500903747235
0.46994325113819835,0.6553875625905551,0.6097628817407461,1.0,0.3336437165102388,0.5731206969517851,0.03991778259959994,0.13393555398456888,-0.19028910887140563,0.09310908455707076,0.33004193691968114,0.5504285018613475,0.30321314860955756,0.4232540727984965,-0.1036644587633936,0.09058369193144807,0.6441096529569973,0.4768959140471529,0.09211037703295907
0.12398620565807796,0.3352414921931468,0.3991697178690132,0.3336437165102388,1.0,0.5212543966346498,0.37473347896139236,0.18887692027754677,-0.02978056380984953,0.1700474191657656,0.16441231384893226,0.287017493587784,0.6210609632643412,0.3258154269784855,0.13707383411254043,0.21021051791347245,0.15223570161707983,0.507814766837464,0.19362717283081965
0.09743511666073623,0.4088672637835485,0.3689946310335073,0.5731206969517851,0.5212543966346498,1.0,0.23755184367523377,0.5273492616362115,0.08403133150215238,0.4415848828314317,0.2247632930911634,0.251423627072141,0.4202188907804565,0.6504942619682966,0.09312034543266902,0.4120031989214116,0.20989260818782635,0.8618408051969288,0.5285323451349886
-0.19461502185877838,0.0010733543919540368,0.025743178698391295,0.03991778259959994,0.37473347896139236,0.23755184367523377,1.0,0.3391541013949282,0.48258668725306014,0.31586870038192205,-0.029098669544499568,0.08654431051819832,0.3991082443078191,0.26400402089666747,0.46369538677409494,0.29751578186884453,-0.2030852713197572,0.3117884797213163,0.34512756078032303
-0.25308025883246305,0.036416453696837645,-0.11162009587458958,0.13393555398456888,0.18887692027754677,0.5273492616362115,0.3391541013949282,1.0,0.4450212951370402,0.9548576233810327,-0.022887627552602468,-0.04308874390467919,0.12343779017298417,0.5049992154277859,0.31737964572169486,0.6991628024851056,-0.2396525267903003,0.48395209813221296,0.6147867038912803
-0.4135329613317381,-0.16248882909378232,-0.2894248867279496,-0.19028910887140563,-0.02978056380984953,0.08403133150215238,0.48258668725306014,0.4450212951370402,1.0,0.4830243911600656,-0.22224260043527302,0.01779552756211891,0.08318511238934062,0.09181243275596089,0.6189740461537051,0.4160342422911857,-0.437645827810109,0.10905292012292668,0.2354787905144354
-0.2829652032733654,0.010948745474369762,-0.1503965731424626,0.09310908455707076,0.1700474191657656,0.4415848828314317,0.31586870038192205,0.9548576233810327,0.4830243911600656,1.0,-0.06463496732125225,-0.07519796975635472,0.07030385573777227,0.45846261397509935,0.31538104881605816,0.7090612709144573,-0.27768816865911,0.3961797300091726,0.5281543842545476
0.30680518976305876,0.6049922521697824,0.5339123459214239,0.33004193691968114,0.16441231384893226,0.2247632930911634,-0.029098669544499568,-0.022887627552602468,-0.22224260043527302,-0.06463496732125225,1.0,0.22243354532216245,0.3509132029852415,0.04838999367593366,-0.12792223403266587,-0.09389877374702564,0.47450430203903504,0.2304287032582322,0.08988801555079709
0.6806832453614254,0.406468757276204,0.4125466584836058,0.5504285018613475,0.287017493587784,0.251423627072141,0.08654431051819832,-0.04308874390467919,0.01779552756211891,-0.07519796975635472,0.22243354532216245,1.0,0.16640696162673416,0.17236059174726756,-0.07446638071705117,-0.19726928985955752,0.6859146777114258,0.19457627018767548,0.17765530192927284
0.17459686581724296,0.3450597079314404,0.46527913128240095,0.30321314860955756,0.6210609632643412,0.4202188907804565,0.3991082443078191,0.12343779017298417,0.08318511238934062,0.07030385573777227,0.3509132029852415,0.16640696162673416,1.0,0.21621269141156918,0.2416371210910983,0.12024548788315627,0.20620300274984132,0.45800363662146937,0.27923213511791534
0.06489089392203376,0.19616993586823459,0.17994731503926628,0.4232540727984965,0.3258154269784855,0.6504942619682966,0.26400402089666747,0.5049992154277859,0.09181243275596089,0.45846261397509935,0.04838999367593366,0.17236059174726756,0.21621269141156918,1.0,0.12160394900897002,0.581228040561911,0.104065924265823,0.46947428742524894,0.34089992763669064
-0.2734037277251222,-0.08195300029795921,-0.12492736801078728,-0.1036644587633936,0.13707383411254043,0.09312034543266902,0.46369538677409494,0.31737964572169486,0.6189740461537051,0.31538104881605816,-0.12792223403266587,-0.07446638071705117,0.2416371210910983,0.12160394900897002,1.0,0.3206869016056173,-0.3009854336029928,0.12440546498458109,0.1794180402742945
-0.18062741561527348,5.1509923150432305e-06,-0.07154012683722502,0.09058369193144807,0.21021051791347245,0.4120031989214116,0.29751578186884453,0.6991628024851056,0.4160342422911857,0.7090612709144573,-0.09389877374702564,-0.19726928985955752,0.12024548788315627,0.581228040561911,0.3206869016056173,1.0,-0.20058370433338685,0.29865287703381077,0.3225231423095047
0.7787810470503268,0.6753783463561115,0.7213498608755775,0.6441096529569973,0.15223570161707983,0.20989260818782635,-0.2030852713197572,-0.2396525267903003,-0.437645827810109,-0.27768816865911,0.47450430203903504,0.6859146777114258,0.20620300274984132,0.104065924265823,-0.3009854336029928,-0.20058370433338685,1.0,0.16223751343157028,-0.08536080638059283
0.028449520108455313,0.4009902848624194,0.33159234884797534,0.4768959140471529,0.507814766837464,0.8618408051969288,0.3117884797213163,0.48395209813221296,0.10905292012292668,0.3961797300091726,0.2304287032582322,0.19457627018767548,0.45800363662146937,0.46947428742524894,0.12440546498458109,0.29865287703381077,0.16223751343157028,1.0,0.6488590807437862
-0.13249361945491614,0.03947329056982777,0.041190500903747235,0.09211037703295907,0.19362717283081965,0.5285323451349886,0.34512756078032303,0.6147867038912803,0.2354787905144354,0.5281543842545476,0.08988801555079709,0.17765530192927284,0.27923213511791534,0.34089992763669064,0.1794180402742945,0.3225231423095047,-0.08536080638059283,0.6488590807437862,1.0
