0,1,2,3,4,5,6,7,8,9,10,11,12,13,14,15,16,17,18
1.0,0.6228236227595595,0.5900368462084018,0.5115280201359079,0.42094511989902317,0.12712061201642394,-0.342884226309057,-0.270132644329071,-0.45400928246246747,-0.2758529154565091,0.6942597756190891,0.4433830203987539,-0.2632442265531928,0.33645476494290777,-0.17518073757308686,-0.028904735928928376,0.7307556917624244,0.17403288456881835,-0.3965714716656238
0.6228236227595595,1.0,0.2960856013231445,0.5852638359075222,0.22388311487832452,0.0761173782152721,-0.1609857873663882,-0.21215104778531874,-0.30303976142231015,-0.20087559019600668,0.3069574340716298,0.7001979207631485,-0.4812755712485481,0.5261848146590693,-0.09056299913831535,0.033397136372144476,0.6132885645429454,0.11368846689452992,-0.3053945774923932
0.5900368462084018,0.2960856013231445,1.0,0.6278211069095209,0.8334346454584795,0.4895061561525236,-0.3318190353594926,-0.4191199355539384,-0.48550562990942986,-0.43345124888634695,0.43230413832228043,0.27842918016826657,0.15484490732109066,0.214004672798747,-0.24187001267172006,-0.09397920157498202,0.7305977324356304,0.46338607698635986,-0.4011977188427869
0.5115280201359079,0.5852638359075222,0.6278211069095209,1.0,0.41789842407710037,0.6472590064342151,-0.4361678419597271,-0.5926096519892657,-0.5826866418128838,-0.6051704970238303,0.21654131688128117,0.35230597350506254,-0.1415244193097315,0.43149046325126444,-0.34303928641321785,-0.24728892824999896,0.6508701816277993,0.46274929111255275,-0.5757189550219958
0.42094511989902317,0.22388311487832452,0.8334346454584795,0.41789842407710037,1.0,0.41793488947109336,-0.20158757119745596,-0.2814190369518123,-0.3924110624326752,-0.30806894707601795,0.2744841167728109,0.2542594467558262,0.07899830567735151,0.16969307315301932,-0.16044920271311305,-0.024298874725203652,0.5158159790045077,0.5064551122401314,-0.280134853806544
0.12712061201642394,0.0761173782152721,0.4895061561525236,0.6472590064342151,0.41793488947109336,1.0,-0.3333766433404177,-0.4978442235840632,-0.47378387817945233,-0.5474519932821406,-0.11734357917777238,-0.018805824439365706,-0.0010702676749081567,0.18967012166277664,-0.3538009722007516,-0.2906763174221471,0.30097052463092183,0.6870093847031015,-0.4113400631820205
-0.342884226309057,-0.1609857873663882,-0.3318190353594926,-0.4361678419597271,-0.20158757119745596,-0.3333766433404177,1.0,0.41838839272027517,0.8123448882259188,0.3976937183176899,-0.2887522474352814,-0.03488673400362069,-0.11074893464147577,-0.21591905662181707,0.6607499562649023,0.18569540351699063,-0.18099261109160547,-0.10764454797199392,0.6449034327190404
-0.270132644329071,-0.21215104778531874,-0.4191199355539384,-0.5926096519892657,-0.2814190369518123,-0.4978442235840632,0.41838839272027517,1.0,0.5266503439499925,0.9361320395880611,-0.30942231181811325,-0.20411995580560668,-0.2792105228053287,-0.2942393813428827,0.23949067195458001,0.2508174690712033,-0.24639969268649442,-0.22852395223663183,0.6546772137558188
-0.45400928246246747,-0.30303976142231015,-0.48550562990942986,-0.5826866418128838,-0.3924110624326752,-0.47378387817945233,0.8123448882259188,0.5266503439499925,1.0,0.5559726699822015,-0.4070599854861464,-0.15016333639865334,-0.15836173609629683,-0.34919393359562356,0.5767673472312352,0.08657328334162984,-0.29966789147963513,-0.26638196021048555,0.7637223680074088
-0.2758529154565091,-0.20087559019600668,-0.43345124888634695,-0.6051704970238303,-0.30806894707601795,-0.5474519932821406,0.3976937183176899,0.9361320395880611,0.5559726699822015,1.0,-0.31156663833414505,-0.213593793165668,-0.2800920973848821,-0.3501710055056666,0.20017222022378894,0.16947077113710576,-0.2622650855346241,-0.27716235083007024,0.6434526661259306
0.6942597756190891,0.3069574340716298,0.43230413832228043,0.21654131688128117,0.2744841167728109,-0.11734357917777238,-0.2887522474352814,-0.30942231181811325,-0.4070599854861464,-0.31156663833414505,1.0,0.28839347642785645,0.18826331450043077,0.05283026664381186,0.027524549060504822,-0.006366946757456217,0.5442695932033945,-0.06424438708382904,-0.4156008328672735
0.4433830203987539,0.7001979207631485,0.27842918016826657,0.35230597350506254,0.2542594467558262,-0.018805824439365706,-0.03488673400362069,-0.20411995580560668,-0.15016333639865334,-0.213593793165668,0.28839347642785645,1.0,-0.325937816420985,0.7129449327134302,0.09340159967533265,0.3557145850737909,0.5238419346056513,-0.048685237866133685,-0.16463175699428437
-0.2632442265531928,-0.4812755712485481,0.15484490732109066,-0.1415244193097315,0.07899830567735151,-0.0010702676749081567,-0.11074893464147577,-0.2792105228053287,-0.15836173609629683,-0.2800920973848821,0.18826331450043077,-0.325937816420985,1.0,-0.36445748220184926,-0.007918395714045656,-0.14326687329236243,-0.08619344276722242,-0.09041790708369726,-0.1799157662365939
0.33645476494290777,0.5261848146590693,0.214004672798747,0.43149046325126444,0.16969307315301932,0.18967012166277664,-0.21591905662181707,-0.2942393813428827,-0.34919393359562356,-0.3501710055056666,0.05283026664381186,0.7129449327134302,-0.36445748220184926,1.0,-0.09827687123339864,0.4185522167266079,0.4346771840843372,0.03103116475777921,-0.27493041190789425
-0.17518073757308686,-0.09056299913831535,-0.24187001267172006,-0.34303928641321785,-0.16044920271311305,-0.3538009722007516,0.6607499562649023,0.23949067195458001,0.5767673472312352,0.20017222022378894,0.027524549060504822,0.09340159967533265,-0.007918395714045656,-0.09827687123339864,1.0,0.23195315481271644,-0.0767570374722573,-0.22376325038701073,0.33491886466465165
-0.028904735928928376,0.033397136372144476,-0.09397920157498202,-0.24728892824999896,-0.024298874725203652,-0.2906763174221471,0.18569540351699063,0.2508174690712033,0.08657328334162984,0.16947077113710576,-0.006366946757456217,0.3557145850737909,-0.14326687329236243,0.4185522167266079,0.23195315481271644,1.0,0.06112787505490011,-0.188844129439631,0.141605214288082
0.7307556917624244,0.6132885645429454,0.7305977324356304,0.6508701816277993,0.5158159790045077,0.30097052463092183,-0.18099261109160547,-0.24639969268649442,-0.29966789147963513,-0.2622650855346241,0.5442695932033945,0.5238419346056513,-0.08619344276722242,0.4346771840843372,-0.0767570374722573,0.06112787505490011,1.0,0.22228925120183135,-0.22807642393050467
0.17403288456881835,0.11368846689452992,0.46338607698635986,0.46274929111255275,0.5064551122401314,0.6870093847031015,-0.10764454797199392,-0.22852395223663183,-0.26638196021048555,-0.27716235083007024,-0.06424438708382904,-0.048685237866133685,-0.09041790708369726,0.03103116475777921,-0.22376325038701073,-0.188844129439631,0.22228925120183135,1.0,-0.23783719804951797
-0.3965714716656238,-0.3053945774923932,-0.4011977188427869,-0.5757189550219958,-0.280134853806544,-0.4113400631820205,0.6449034327190404,0.6546772137558188,0.7637223680074088,0.6434526661259306,-0.4156008328672735,-0.16463175699428437,-0.1799157662365939,-0.27493041190789425,0.33491886466465165,0.141605214288082,-0.22807642393050467,-0.23783719804951797,1.0
