0,1,2,3,4,5,6,7,8,9,10,11,12,13,14,15,16,17,18
1.0,0.6516203663911478,0.36706628682569975,0.5481001907134802,-0.09109145011430331,0.12154551866153986,-0.5178343519175505,-0.33696101531012007,-0.5199879196476898,-0.3430542521969128,0.7644223621428863,0.44027415116264834,-0.26785453164546874,0.30503482125410436,-0.4008008886642627,-0.28528189804303394,0.6352580568453319,0.06332017532301058,-0.5133185575070758
0.6516203663911478,1.0,0.34003684248077687,0.7236249000422035,-0.08664081068219585,0.2495495734927717,-0.477235858558156,-0.42565381309789957,-0.5252297072554801,-0.426389938357064,0.3896684546014055,0.5572774489106843,-0.19215103351352067,0.5009967501417024,-0.464592846955259,-0.2168881441055494,0.6345992248344472,0.07151223825400965,-0.5267250783588964
0.36706628682569975,0.34003684248077687,1.0,0.6718888514614672,0.1625896676326634,0.4396464925884084,-0.18644458755999593,-0.17670399625380268,-0.2510376161666881,-0.20733613285742836,0.30440319723897974,0.3643222366453721,0.07820905726308673,0.3713674781286305,-0.045252608934261626,-0.016611413694193132,0.7041341764801367,0.46894378257388974,-0.16177468789180863
0.5481001907134802,0.7236249000422035,0.6718888514614672,1.0,0.10493595638832874,0.5893484989104814,-0.3621278822864973,-0.3667515619896049,-0.4556771348340636,-0.4142081351068762,0.31089270283303827,0.5804545925338787,-0.19587706603739286,0.659275164800706,-0.27975264087761326,-0.06194517799115519,0.826526555793467,0.39061539930228656,-0.41687603513705795
-0.09109145011430331,-0.08664081068219585,0.1625896676326634,0.10493595638832874,1.0,0.15768360051012592,-0.004490007210644076,-0.18443737952275546,-0.09597163649246877,-0.1565465762710177,-0.02910835130787196,0.23637751196722687,0.024152328892314206,0.23741790734197457,0.03191430091644348,0.016793908380044763,0.09996426057472618,0.18555335990552715,-0.041726004218104754
0.12154551866153986,0.2495495734927717,0.4396464925884084,0.5893484989104814,0.15768360051012592,1.0,-0.1919607045136956,-0.2646375132933221,-0.29589884372480174,-0.34012684270773946,-0.09362901403574085,0.1942692235832931,-0.11228299496471413,0.38246305153262783,-0.1760312054129943,-0.013497848833452208,0.43366901357100696,0.6814485099814556,-0.19189999695092935
-0.5178343519175505,-0.477235858558156,-0.18644458755999593,-0.3621278822864973,-0.004490007210644076,-0.1919607045136956,1.0,0.5827849452014274,0.8785338661433334,0.5758148815985178,-0.5031520440859949,-0.050497119792493786,-0.1267192782849746,-0.19327476443262304,0.7609860955322512,0.3184259116103188,-0.18245153236438777,-0.0007067346463108644,0.7899955476398416
-0.33696101531012007,-0.42565381309789957,-0.17670399625380268,-0.3667515619896049,-0.18443737952275546,-0.2646375132933221,0.5827849452014274,1.0,0.6319649497651489,0.946115337250094,-0.4147783695746451,-0.19281981645093782,-0.1892714895266476,-0.24644115961296578,0.3830440565903792,0.3569127911610815,-0.0926878790619626,-0.1132668020586941,0.6804344519523926
-0.5199879196476898,-0.5252297072554801,-0.2510376161666881,-0.4556771348340636,-0.09597163649246877,-0.29589884372480174,0.8785338661433334,0.6319649497651489,1.0,0.6719599499954414,-0.5216890097414594,-0.12039247312539089,-0.17831969304495993,-0.33748192703729807,0.7037266953099256,0.24439183249027915,-0.21679213371448783,-0.1093731025185885,0.8301075668995913
-0.3430542521969128,-0.426389938357064,-0.20733613285742836,-0.4142081351068762,-0.1565465762710177,-0.34012684270773946,0.5758148815985178,0.946115337250094,0.6719599499954414,1.0,-0.39638007795489705,-0.19735619644896207,-0.18854135690097112,-0.32626912940706077,0.3802729823188011,0.27167562821225,-0.12010964075706455,-0.16733982362993835,0.675151794427835
0.7644223621428863,0.3896684546014055,0.30440319723897974,0.31089270283303827,-0.02910835130787196,-0.09362901403574085,-0.5031520440859949,-0.4147783695746451,-0.5216890097414594,-0.39638007795489705,1.0,0.2827261988953413,0.010778021943152041,0.11815767829872548,-0.2783153947718747,-0.329008372501409,0.4595396946089527,-0.04088618573421752,-0.5279334091570093
0.44027415116264834,0.5572774489106843,0.3643222366453721,0.5804545925338787,0.23637751196722687,0.1942692235832931,-0.050497119792493786,-0.19281981645093782,-0.12039247312539089,-0.19735619644896207,0.2827261988953413,1.0,-0.3524891679851711,0.704924382066052,-0.0032478211184810498,0.08839187829000306,0.6030230327061838,0.07798312572089444,-0.12028505134570683
-0.26785453164546874,-0.19215103351352067,0.07820905726308673,-0.19587706603739286,0.024152328892314206,-0.11228299496471413,-0.1267192782849746,-0.1892714895266476,-0.17831969304495993,-0.18854135690097112,0.010778021943152041,-0.3524891679851711,1.0,-0.2952881926241395,0.031853614184691514,-0.015233450930298171,-0.18323682097360766,0.026451022043375308,-0.18162039149036083
0.30503482125410436,0.5009967501417024,0.3713674781286305,0.659275164800706,0.23741790734197457,0.38246305153262783,-0.19327476443262304,-0.24644115961296578,-0.33748192703729807,-0.32626912940706077,0.11815767829872548,0.704924382066052,-0.2952881926241395,1.0,-0.14123600080652401,0.29856117478165317,0.5881896605395883,0.2041458116232381,-0.2541253070857579
-0.4008008886642627,-0.464592846955259,-0.045252608934261626,-0.27975264087761326,0.03191430091644348,-0.1760312054129943,0.7609860955322512,0.3830440565903792,0.7037266953099256,0.3802729823188011,-0.2783153947718747,-0.0032478211184810498,0.031853614184691514,-0.14123600080652401,1.0,0.3636722484908466,-0.10972050064543756,0.009063590864920753,0.5588827473773217
-0.28528189804303394,-0.2168881441055494,-0.016611413694193132,-0.06194517799115519,0.016793908380044763,-0.013497848833452208,0.3184259116103188,0.3569127911610815,0.24439183249027915,0.27167562821225,-0.329008372501409,0.08839187829000306,-0.015233450930298171,0.29856117478165317,0.3636722484908466,1.0,0.04627744276580799,0.0020013171086680683,0.2553248552296257
0.6352580568453319,0.6345992248344472,0.7041341764801367,0.826526555793467,0.09996426057472618,0.43366901357100696,-0.18245153236438777,-0.0926878790619626,-0.21679213371448783,-0.12010964075706455,0.4595396946089527,0.6030230327061838,-0.18323682097360766,0.5881896605395883,-0.10972050064543756,0.04627744276580799,1.0,0.3204031814295929,-0.17881429673069849
0.06332017532301058,0.07151223825400965,0.46894378257388974,0.39061539930228656,0.18555335990552715,0.6814485099814556,-0.0007067346463108644,-0.1132668020586941,-0.1093731025185885,-0.16733982362993835,-0.04088618573421752,0.07798312572089444,0.026451022043375308,0.2041458116232381,0.009063590864920753,0.0020013171086680683,0.3204031814295929,1.0,-0.025921604306789966
-0.5133185575070758,-0.5267250783588964,-0.16177468789180863,-0.41687603513705795,-0.041726004218104754,-0.19189999695092935,0.7899955476398416,0.6804344519523926,0.8301075668995913,0.675151794427835,-0.5279334091570093,-0.12028505134570683,-0.18162039149036083,-0.2541253070857579,0.5588827473773217,0.2553248552296257,-0.17881429673069849,-0.025921604306789966,1.0
