0,1,2,3,4,5,6,7,8,9,10,11,12,13,14,15,16,17,18
1.0,0.5266251495488887,0.6064795193061243,0.5452730471158121,0.4584322814956943,0.24952691525717446,-0.2108161910290481,-0.3244628698002154,-0.28259109856967657,-0.3281209366999968,0.5837174655109708,0.4918679464830615,-0.3715540096316354,0.4078379216623641,-0.11299031588993717,-0.14377347921471642,0.6909212220078571,0.23228504980828318,-0.23771035424595746
0.5266251495488887,1.0,0.4549321786075948,0.7593065114778078,0.28366950022787657,0.35201127659322456,-0.2576393177731682,-0.43467671250567164,-0.37236469685138657,-0.42494022492154104,0.16741557788771455,0.6036432210374733,-0.18013712017677416,0.5627079403240408,-0.20654532317040206,-0.11203122528484938,0.6445145574226897,0.2387961222938157,-0.3714819864653697
0.6064795193061243,0.4549321786075948,1.0,0.6978543732316553,0.580636407411447,0.5315464532009412,-0.28827444359906984,-0.35137181755611124,-0.4005295482778195,-0.37625735194556764,0.3470626164862122,0.32025594590675793,-0.06732602568343132,0.2882730166080207,-0.2787200830256468,-0.23203603660121405,0.7541974239914445,0.5325232792410458,-0.2539062128364558
0.5452730471158121,0.7593065114778078,0.6978543732316553,1.0,0.48793744196686173,0.6883235000220292,-0.3477541415398089,-0.5509918794998347,-0.4936254021773909,-0.5797025939491635,0.16187834558738953,0.4901634366458768,-0.1540616476813122,0.5261783733660982,-0.2814354771260494,-0.23842573987901924,0.7239680644305945,0.5461608725137117,-0.42356753597183766
0.4584322814956943,0.28366950022787657,0.580636407411447,0.48793744196686173,1.0,0.36155241473457367,-0.1296910633414382,-0.2990209080366443,-0.2995603120036393,-0.3139490332794295,0.14459755750761166,0.3262811058458129,-0.0829656197045455,0.26849620244509076,-0.22301334431063624,-0.17437210146742826,0.44253599574292884,0.46336100732645946,-0.15176937323921957
0.24952691525717446,0.35201127659322456,0.5315464532009412,0.6883235000220292,0.36155241473457367,1.0,-0.31554389304147656,-0.47634059292785297,-0.44141110120063265,-0.5399097943490395,-0.05685107512966181,0.17892055375230248,-0.12792644690117239,0.3532223762484907,-0.3103394144483248,-0.28553268911868396,0.44035446170170317,0.7029360117102401,-0.28991786956563076
-0.2108161910290481,-0.2576393177731682,-0.28827444359906984,-0.3477541415398089,-0.1296910633414382,-0.31554389304147656,1.0,0.48972668693105753,0.8207412607312409,0.4940599690685371,-0.3041406688391238,0.0004858320402593268,-0.24819886707822325,-0.14002583981458783,0.6463686875424655,0.18997586903502206,-0.15134352966443734,-0.1031196052345342,0.6651990153058857
-0.3244628698002154,-0.43467671250567164,-0.35137181755611124,-0.5509918794998347,-0.2990209080366443,-0.47634059292785297,0.48972668693105753,1.0,0.48989647175716317,0.933534858385042,-0.34620073461287587,-0.26238147216933866,-0.06525443666071136,-0.37060818291539765,0.3131959187599841,0.31321536678718803,-0.2812948550487774,-0.30527608504887815,0.6429093899540814
-0.28259109856967657,-0.37236469685138657,-0.4005295482778195,-0.4936254021773909,-0.2995603120036393,-0.44141110120063265,0.8207412607312409,0.48989647175716317,1.0,0.5580012481204595,-0.3351915326804815,-0.06756110215327066,-0.2746430720033385,-0.23545202669059662,0.6112941932966987,0.1115795767581126,-0.2225947973660309,-0.2520770226343815,0.7111143604115097
-0.3281209366999968,-0.42494022492154104,-0.37625735194556764,-0.5797025939491635,-0.3139490332794295,-0.5399097943490395,0.4940599690685371,0.933534858385042,0.5580012481204595,1.0,-0.3358007762737181,-0.28047093531971107,-0.08886801417958465,-0.42804854860468544,0.30366023593899866,0.20625439903632395,-0.3021045499523664,-0.34580099693675115,0.6213606104437246
0.5837174655109708,0.16741557788771455,0.3470626164862122,0.16187834558738953,0.14459755750761166,-0.05685107512966181,-0.3041406688391238,-0.34620073461287587,-0.3351915326804815,-0.3358007762737181,1.0,0.15835313615651123,-0.15074051412847111,0.05919358487651729,-0.020494986665484678,-0.14887733852110943,0.38199048467631813,-0.025606463845688092,-0.37223550946439043
0.4918679464830615,0.6036432210374733,0.32025594590675793,0.4901634366458768,0.3262811058458129,0.17892055375230248,0.0004858320402593268,-0.26238147216933866,-0.06756110215327066,-0.28047093531971107,0.15835313615651123,1.0,-0.2112275645981565,0.6224096922670057,0.07200659569374357,0.13528403523707938,0.5005946225865981,0.13928910694175503,-0.09616586072252975
-0.3715540096316354,-0.18013712017677416,-0.06732602568343132,-0.1540616476813122,-0.0829656197045455,-0.12792644690117239,-0.24819886707822325,-0.06525443666071136,-0.2746430720033385,-0.08886801417958465,-0.15074051412847111,-0.2112275645981565,1.0,-0.42794985911501865,-0.2872169702085721,-0.044364773732352855,-0.1221455256573805,-0.08260080489293722,-0.2667250025800632
0.4078379216623641,0.5627079403240408,0.2882730166080207,0.5261783733660982,0.26849620244509076,0.3532223762484907,-0.14002583981458783,-0.37060818291539765,-0.23545202669059662,-0.42804854860468544,0.05919358487651729,0.6224096922670057,-0.42794985911501865,1.0,0.016604732804572062,0.2532338630310874,0.4835778325023387,0.17425484878352004,-0.20263498491739956
-0.11299031588993717,-0.20654532317040206,-0.2787200830256468,-0.2814354771260494,-0.22301334431063624,-0.3103394144483248,0.6463686875424655,0.3131959187599841,0.6112941932966987,0.30366023593899866,-0.020494986665484678,0.07200659569374357,-0.2872169702085721,0.016604732804572062,1.0,0.2925510514508608,-0.11499744276167718,-0.14913073989578338,0.3700428273714363
-0.14377347921471642,-0.11203122528484938,-0.23203603660121405,-0.23842573987901924,-0.17437210146742826,-0.28553268911868396,0.18997586903502206,0.31321536678718803,0.1115795767581126,0.20625439903632395,-0.14887733852110943,0.13528403523707938,-0.044364773732352855,0.2532338630310874,0.2925510514508608,1.0,-0.07509966612575761,-0.2727397021952804,0.13570970544203634
0.6909212220078571,0.6445145574226897,0.7541974239914445,0.7239680644305945,0.44253599574292884,0.44035446170170317,-0.15134352966443734,-0.2812948550487774,-0.2225947973660309,-0.3021045499523664,0.38199048467631813,0.5005946225865981,-0.1221455256573805,0.4835778325023387,-0.11499744276167718,-0.07509966612575761,1.0,0.3217513320866278,-0.15079509339115982
0.23228504980828318,0.2387961222938157,0.5325232792410458,0.5461608725137117,0.46336100732645946,0.7029360117102401,-0.1031196052345342,-0.30527608504887815,-0.2520770226343815,-0.34580099693675115,-0.025606463845688092,0.13928910694175503,-0.08260080489293722,0.17425484878352004,-0.14913073989578338,-0.2727397021952804,0.3217513320866278,1.0,-0.11617533239048333
-0.23771035424595746,-0.3714819864653697,-0.2539062128364558,-0.42356753597183766,-0.15176937323921957,-0.28991786956563076,0.6651990153058857,0.6429093899540814,0.7111143604115097,0.6213606104437246,-0.37223550946439043,-0.09616586072252975,-0.2667250025800632,-0.20263498491739956,0.3700428273714363,0.13570970544203634,-0.15079509339115982,-0.11617533239048333,1.0
