0,1,2,3,4,5,6,7,8,9,10,11,12,13,14,15,16,17,18
1.0,0.3157854040895875,0.8361908207667045,0.5623123077973305,0.5418870810997559,0.42581079324627574,0.25956736581380296,0.17896135462409302,0.054095557787632115,0.11554504483449324,0.40533244386101064,-0.04343776178755346,0.4142107601550384,0.29950841642118126,0.07040317524739885,0.025542879932503725,0.6636953882375299,0.4404850806781454,0.22422716513338492
0.3157854040895875,1.0,0.46370473475442564,0.8526412362191105,0.45607914898869284,0.5327668823524948,0.06857808670665559,0.06019167638621824,-0.1374919750674517,-0.04151450486672975,-0.023160966362121543,0.38435094435958445,0.2247916093190249,0.4020629958126238,-0.02919842273480487,-0.15957408523962635,0.6724885614581875,0.4320146822167175,0.0973383285025877
0.8361908207667045,0.46370473475442564,1.0,0.5278005593220119,0.6490365651727752,0.4632530233211069,0.33980016814277747,0.21271387000280287,0.10221023151987213,0.123593308692049,0.2992504468008747,0.05739433361074313,0.46880796573813127,0.3467900252506663,0.13524257560719583,-0.0048796017333375625,0.7965799534317992,0.5068491056851748,0.2987660306945025
0.5623123077973305,0.8526412362191105,0.5278005593220119,1.0,0.42886726198282377,0.586037907966739,0.211336139107269,0.27443654287203895,0.06782921387829938,0.19880840665906327,0.24192854722730067,0.18562930741449513,0.30947457183043614,0.43256288931441045,0.06813895169269385,0.042839740624240605,0.5805689351493017,0.49367335674805096,0.20610364228756026
0.5418870810997559,0.45607914898869284,0.6490365651727752,0.42886726198282377,1.0,0.6015175086384645,0.5843179372394833,0.3854443433535697,0.24237309159150563,0.2968029446412365,0.15483243687415313,-0.05891291271798767,0.6511999980711968,0.4247577844181832,0.27092159586277303,0.06883140631415743,0.6027351322350705,0.7525343975501168,0.47950081647075715
0.42581079324627574,0.5327668823524948,0.4632530233211069,0.586037907966739,0.6015175086384645,1.0,0.5135384220014969,0.6286740303788172,0.2751266012030518,0.48854420725231523,0.19396631808381484,-0.10208698148104706,0.4717982234442397,0.6531085944426531,0.2572830761226345,0.235483665030178,0.4970491663724735,0.7522184024077058,0.5702660338889053
0.25956736581380296,0.06857808670665559,0.33980016814277747,0.211336139107269,0.5843179372394833,0.5135384220014969,1.0,0.6138957885188648,0.759693785415803,0.5272486072252522,0.05587297398254449,-0.20573333174865002,0.5904860465694137,0.375606783997217,0.5406327980038126,0.2808001433617272,0.2523469954476576,0.6363961079071896,0.7743184341710709
0.17896135462409302,0.06019167638621824,0.21271387000280287,0.27443654287203895,0.3854443433535697,0.6286740303788172,0.6138957885188648,1.0,0.5745416748967921,0.923304409162416,0.21049312089317498,-0.2614898853431123,0.43349020527306487,0.5088636642769855,0.38347155082762635,0.4986143328817964,0.19693240525712002,0.5366722753818411,0.6784965480661147
0.054095557787632115,-0.1374919750674517,0.10221023151987213,0.06782921387829938,0.24237309159150563,0.2751266012030518,0.759693785415803,0.5745416748967921,1.0,0.5951680659581876,-0.031213215130734405,-0.20858155207905105,0.2729299879983932,0.22986364242400156,0.5850301269792182,0.3782741694584166,0.08468444647011927,0.3102116931009708,0.649792144410577
0.11554504483449324,-0.04151450486672975,0.123593308692049,0.19880840665906327,0.2968029446412365,0.48854420725231523,0.5272486072252522,0.923304409162416,0.5951680659581876,1.0,0.17251536441995224,-0.259746879986525,0.3385139937503579,0.39134880142864265,0.36061571419325106,0.5440127074656737,0.10797322046212945,0.4140507875979495,0.6031968622683023
0.40533244386101064,-0.023160966362121543,0.2992504468008747,0.24192854722730067,0.15483243687415313,0.19396631808381484,0.05587297398254449,0.21049312089317498,-0.031213215130734405,0.17251536441995224,1.0,-0.21782324653234042,0.30132859240570736,0.07314027918680438,0.05682143357703909,0.18419850859290907,0.102690390708615,0.16482651544092441,-0.0117811211921078
-0.04343776178755346,0.38435094435958445,0.05739433361074313,0.18562930741449513,-0.05891291271798767,-0.10208698148104706,-0.20573333174865002,-0.2614898853431123,-0.20858155207905105,-0.259746879986525,-0.21782324653234042,1.0,-0.29377996963110525,0.04372625074514527,-0.21055963748990056,-0.40863177183669064,0.19464009221862286,-0.17034593474839524,-0.17834689792324146
0.4142107601550384,0.2247916093190249,0.46880796573813127,0.30947457183043614,0.6511999980711968,0.4717982234442397,0.5904860465694137,0.43349020527306487,0.2729299879983932,0.3385139937503579,0.30132859240570736,-0.29377996963110525,1.0,0.3312947219158169,0.5090805646230251,0.22476937181985793,0.27275889636549355,0.5981341499172245,0.33920913082049076
0.29950841642118126,0.4020629958126238,0.3467900252506663,0.43256288931441045,0.4247577844181832,0.6531085944426531,0.375606783997217,0.5088636642769855,0.22986364242400156,0.39134880142864265,0.07314027918680438,0.04372625074514527,0.3312947219158169,1.0,0.2992736248755668,0.15308614764766448,0.4005684796122437,0.4549690663968155,0.3660639975995151
0.07040317524739885,-0.02919842273480487,0.13524257560719583,0.06813895169269385,0.27092159586277303,0.2572830761226345,0.5406327980038126,0.38347155082762635,0.5850301269792182,0.36061571419325106,0.05682143357703909,-0.21055963748990056,0.5090805646230251,0.2992736248755668,1.0,0.33429510247785565,0.024924216428377055,0.2906688193550637,0.24366742885780113
0.025542879932503725,-0.15957408523962635,-0.0048796017333375625,0.042839740624240605,0.06883140631415743,0.235483665030178,0.2808001433617272,0.4986143328817964,0.3782741694584166,0.5440127074656737,0.18419850859290907,-0.40863177183669064,0.22476937181985793,0.15308614764766448,0.33429510247785565,1.0,-0.0565465382889014,0.1872252303429106,0.22539220037822247
0.6636953882375299,0.6724885614581875,0.7965799534317992,0.5805689351493017,0.6027351322350705,0.4970491663724735,0.2523469954476576,0.19693240525712002,0.08468444647011927,0.10797322046212945,0.102690390708615,0.19464009221862286,0.27275889636549355,0.4005684796122437,0.024924216428377055,-0.0565465382889014,1.0,0.46718650185208105,0.32159131101518096
0.4404850806781454,0.4320146822167175,0.5068491056851748,0.49367335674805096,0.7525343975501168,0.7522184024077058,0.6363961079071896,0.5366722753818411,0.3102116931009708,0.4140507875979495,0.16482651544092441,-0.17034593474839524,0.5981341499172245,0.4549690663968155,0.2906688193550637,0.1872252303429106,0.46718650185208105,1.0,0.6073681758336749
0.22422716513338492,0.0973383285025877,0.2987660306945025,0.20610364228756026,0.47950081647075715,0.5702660338889053,0.7743184341710709,0.6784965480661147,0.649792144410577,0.6031968622683023,-0.0117811211921078,-0.17834689792324146,0.33920913082049076,0.3660639975995151,0.24366742885780113,0.22539220037822247,0.32159131101518096,0.6073681758336749,1.0
