0,1,2,3,4,5,6,7,8,9,10,11,12,13,14,15,16,17,18
1.0,0.3805580024010053,0.8491903112175114,0.5967251951407737,0.3824877389893259,0.2561315679816292,0.05306836881901495,-0.04153540494693386,-0.08305075907508523,-0.0804894995527554,0.47767231462099297,0.13288556083842354,0.17037000058892407,0.12134130911479267,-0.005465690269489075,-0.01792584820259522,0.7411527795250794,0.2980803441876666,0.04125637403088023
0.3805580024010053,1.0,0.49531978621514205,0.8986485367216912,0.3344336247642406,0.47277745179273944,0.06324416403647562,-0.04376482639410462,-0.16650424202441147,-0.13746098080906194,0.09778320462757825,0.5303735695371092,0.238309485084044,0.38179528283928815,-0.0580547233752959,-0.11213990298492131,0.6849118154515036,0.37942643027802814,0.002616082764996982
0.8491903112175114,0.49531978621514205,1.0,0.5890356837490165,0.5028703708628495,0.3500860096429405,0.1580498298965333,0.07301845661399826,-0.025331738002694105,0.01589030241095729,0.485988247042949,0.15459066760798254,0.2902689949302834,0.17839491323770765,0.05499047197362296,-0.0007751178032251284,0.8097894487205413,0.4020051321455067,0.13368886298349453
0.5967251951407737,0.8986485367216912,0.5890356837490165,1.0,0.2765923172775974,0.44069863597077796,0.0692568988276939,0.03304564344580815,-0.10254591691237676,-0.0314842211868679,0.28243754442274016,0.4634554968277845,0.16536865745232512,0.361268088036412,-0.058813537316714924,-0.021830250861810598,0.6515917494893416,0.36031330338852147,0.010980926547275999
0.3824877389893259,0.3344336247642406,0.5028703708628495,0.2765923172775974,1.0,0.613946051919642,0.6676317620596293,0.4577370182196444,0.39846433142513377,0.39075314646616316,0.1025534327805624,0.12593949485784925,0.7207829928040249,0.33496771834915956,0.3649188003665574,0.25250713793205354,0.49065428616922496,0.7537250138247549,0.5566896554155207
0.2561315679816292,0.47277745179273944,0.3500860096429405,0.44069863597077796,0.613946051919642,1.0,0.5637855107432089,0.6467812457293646,0.3249889619283033,0.4968286900798239,0.08266546723295203,0.12334063845112125,0.5304123996052524,0.6648654559337004,0.2788578648120496,0.3340246972180921,0.4179294228280053,0.7483608492089823,0.5660187184404727
0.05306836881901495,0.06324416403647562,0.1580498298965333,0.0692568988276939,0.6676317620596293,0.5637855107432089,1.0,0.6491625966612763,0.7939170629392835,0.5716416696634002,-0.15698763342936498,0.13184365154540215,0.6777122113692277,0.323442402564192,0.5891364682571926,0.37623277688188134,0.17679338485267954,0.5949369110315376,0.7829605663698497
-0.04153540494693386,-0.04376482639410462,0.07301845661399826,0.03304564344580815,0.4577370182196444,0.6467812457293646,0.6491625966612763,1.0,0.591953916312247,0.9286578445186776,-0.09447143956997756,-0.06975558857656965,0.44735965331147803,0.487272230236266,0.39831081518732736,0.5736479676544065,0.05001429402176266,0.514344506693938,0.6935224570599708
-0.08305075907508523,-0.16650424202441147,-0.025331738002694105,-0.10254591691237676,0.39846433142513377,0.3249889619283033,0.7939170629392835,0.591953916312247,1.0,0.5907069591569458,-0.3134943465777321,0.040426375906359474,0.41133900850495486,0.16396819265811557,0.6076580154962975,0.4008380945361823,0.02578896759932124,0.31979488581977583,0.7339070547668833
-0.0804894995527554,-0.13746098080906194,0.01589030241095729,-0.0314842211868679,0.39075314646616316,0.4968286900798239,0.5716416696634002,0.9286578445186776,0.5907069591569458,1.0,-0.11834319847371344,-0.11043201252609963,0.3695714801130891,0.3509076447918449,0.376418287551685,0.5663775890867055,-0.023864563158395923,0.40541475093059476,0.6171894884249197
0.47767231462099297,0.09778320462757825,0.485988247042949,0.28243754442274016,0.1025534327805624,0.08266546723295203,-0.15698763342936498,-0.09447143956997756,-0.3134943465777321,-0.11834319847371344,1.0,-0.11023636354110934,0.07884435041786486,0.08317494834672802,-0.21055915823366986,-0.09543650183350551,0.19421305101715056,0.11904369599702799,-0.20436231436288857
0.13288556083842354,0.5303735695371092,0.15459066760798254,0.4634554968277845,0.12593949485784925,0.12334063845112125,0.13184365154540215,-0.06975558857656965,0.040426375906359474,-0.11043201252609963,-0.11023636354110934,1.0,0.20860494967790236,0.2083453879126892,-0.014558825245041622,-0.04191379285896579,0.246853637952786,0.06502442738011915,0.047360550654608986
0.17037000058892407,0.238309485084044,0.2902689949302834,0.16536865745232512,0.7207829928040249,0.5304123996052524,0.6777122113692277,0.44735965331147803,0.41133900850495486,0.3695714801130891,0.07884435041786486,0.20860494967790236,1.0,0.38654508332038,0.5144829400283811,0.26726870073047754,0.2227574889873277,0.5647896241034661,0.4838778972149881
0.12134130911479267,0.38179528283928815,0.17839491323770765,0.361268088036412,0.33496771834915956,0.6648654559337004,0.323442402564192,0.487272230236266,0.16396819265811557,0.3509076447918449,0.08317494834672802,0.2083453879126892,0.38654508332038,1.0,0.19378180887484042,0.31133461010974806,0.2525994711721627,0.39769142231314736,0.3128697121148419
-0.005465690269489075,-0.0580547233752959,0.05499047197362296,-0.058813537316714924,0.3649188003665574,0.2788578648120496,0.5891364682571926,0.39831081518732736,0.6076580154962975,0.376418287551685,-0.21055915823366986,-0.014558825245041622,0.5144829400283811,0.19378180887484042,1.0,0.403709455649333,0.02859326335643018,0.2734057305826536,0.4246447492773248
-0.01792584820259522,-0.11213990298492131,-0.0007751178032251284,-0.021830250861810598,0.25250713793205354,0.3340246972180921,0.37623277688188134,0.5736479676544065,0.4008380945361823,0.5663775890867055,-0.09543650183350551,-0.04191379285896579,0.26726870073047754,0.31133461010974806,0.403709455649333,1.0,-0.04152194041373566,0.2625190920702364,0.3259754675448811
0.7411527795250794,0.6849118154515036,0.8097894487205413,0.6515917494893416,0.49065428616922496,0.4179294228280053,0.17679338485267954,0.05001429402176266,0.02578896759932124,-0.023864563158395923,0.19421305101715056,0.246853637952786,0.2227574889873277,0.2525994711721627,0.02859326335643018,-0.04152194041373566,1.0,0.41215905095285865,0.18169877988909588
0.2980803441876666,0.37942643027802814,0.4020051321455067,0.36031330338852147,0.7537250138247549,0.7483608492089823,0.5949369110315376,0.514344506693938,0.31979488581977583,0.40541475093059476,0.11904369599702799,0.06502442738011915,0.5647896241034661,0.39769142231314736,0.2734057305826536,0.2625190920702364,0.41215905095285865,1.0,0.57869279393818
0.04125637403088023,0.002616082764996982,0.13368886298349453,0.010980926547275999,0.5566896554155207,0.5660187184404727,0.7829605663698497,0.6935224570599708,0.7339070547668833,0.6171894884249197,-0.20436231436288857,0.047360550654608986,0.4838778972149881,0.3128697121148419,0.4246447492773248,0.3259754675448811,0.18169877988909588,0.57869279393818,1.0
