0,1,2,3,4,5,6,7,8,9,10,11,12,13,14,15,16,17,18
1.0,0.3864004271409459,0.8409096628889435,0.5280163958404431,0.43809404906232613,0.37170038996026167,0.09619469874634023,-0.02831023853580766,-0.1440551582157227,-0.10745587304548984,0.44157101045322655,0.3434117582191795,0.32189560322996985,0.32102529002845903,-0.14457996443886384,-0.08038014422975459,0.7160208259309493,0.3619905903912479,0.054115154388266785
0.3864004271409459,1.0,0.5517891817085203,0.9090163415744206,0.4157284798410271,0.5568669511417957,-0.04114042894928042,-0.13896827637569506,-0.28113268714202855,-0.20859507761556798,0.18571276234618753,0.5746414821632211,0.2940930914096149,0.45815728942852874,-0.1755399207009861,-0.2041206541693542,0.7104604025996806,0.45884733738089556,-0.10755258174781877
0.8409096628889435,0.5517891817085203,1.0,0.5770799111204219,0.5155217382281633,0.4198996405938989,0.13931337371871222,0.026073132040416478,-0.11370340209072853,-0.0499799476889433,0.39848556287191905,0.3567515096091005,0.40081235100650836,0.30971096518729485,-0.08823351479361688,-0.05871219578533438,0.8302125797603112,0.4292139405727649,0.07746804223892281
0.5280163958404431,0.9090163415744206,0.5770799111204219,1.0,0.33497925854125654,0.5361844340822071,0.02271814631999595,0.00713006254187011,-0.16599375607826752,-0.044520466546827404,0.3075582711900259,0.4762920728243925,0.2396139357118847,0.4478980401071271,-0.14597328040264967,-0.1164266018926226,0.644224811863515,0.4224442648638548,-0.03595598770560659
0.43809404906232613,0.4157284798410271,0.5155217382281633,0.33497925854125654,1.0,0.5650800691856528,0.5025171875103764,0.2534148936301637,0.16441660626119584,0.16952515439121313,0.1510469805926118,0.18932670783688604,0.718097920832372,0.29503769177292977,0.10282771163176646,0.030794907373578862,0.5181103402618398,0.7393808150766102,0.3170340679241558
0.37170038996026167,0.5568669511417957,0.4198996405938989,0.5361844340822071,0.5650800691856528,1.0,0.31953004883713937,0.4279781453183336,0.06823884837904477,0.27927149628267445,0.13958845703279324,0.1726717554706847,0.4244678478395042,0.6309815298785941,-0.045189754506445544,0.01985725198863662,0.5125751389057325,0.7771124151509385,0.3307954984217604
0.09619469874634023,-0.04114042894928042,0.13931337371871222,0.02271814631999595,0.5025171875103764,0.31953004883713937,1.0,0.5018962654035802,0.806543363646544,0.43881868087565884,-0.050230880202939567,-0.01634958482366048,0.5647109472059216,0.0350034125452917,0.43015146845671154,0.06865757299341296,0.18617288011424932,0.4375631465566112,0.700755031715535
-0.02831023853580766,-0.13896827637569506,0.026073132040416478,0.00713006254187011,0.2534148936301637,0.4279781453183336,0.5018962654035802,1.0,0.5566083803683822,0.9365584528289455,-0.08968257382162688,-0.2872818107859218,0.2616319025566201,0.20641626760194537,0.2859820436342733,0.39326439697201565,0.049615935725245024,0.39843766910063455,0.608640913769522
-0.1440551582157227,-0.28113268714202855,-0.11370340209072853,-0.16599375607826752,0.16441660626119584,0.06823884837904477,0.806543363646544,0.5566083803683822,1.0,0.5687858456661568,-0.2528005571432927,-0.11610987737508432,0.26115535807488643,-0.1294319392801686,0.5115862337448137,0.17616274484049463,-0.04222850908694283,0.13466515974428808,0.6610748716385638
-0.10745587304548984,-0.20859507761556798,-0.0499799476889433,-0.044520466546827404,0.16952515439121313,0.27927149628267445,0.43881868087565884,0.9365584528289455,0.5687858456661568,1.0,-0.1309532369171853,-0.31881357198731297,0.1881239891440803,0.08582312509282593,0.29246990097765924,0.43514797609236083,-0.04269217465143758,0.2766649925874373,0.5419608995135765
0.44157101045322655,0.18571276234618753,0.39848556287191905,0.3075582711900259,0.1510469805926118,0.13958845703279324,-0.050230880202939567,-0.08968257382162688,-0.2528005571432927,-0.1309532369171853,1.0,0.026577131284437942,0.18497632442554574,0.08040491747301809,-0.16654073499207958,-0.12846752929295455,0.25837289103242983,0.1154884158782525,-0.11316066054066116
0.3434117582191795,0.5746414821632211,0.3567515096091005,0.4762920728243925,0.18932670783688604,0.1726717554706847,-0.01634958482366048,-0.2872818107859218,-0.11610987737508432,-0.31881357198731297,0.026577131284437942,1.0,0.15309559592619418,0.2975174414523942,-0.06177601972760373,-0.29592287706658044,0.4857406789365376,0.09404404075900397,-0.09090357173201866
0.32189560322996985,0.2940930914096149,0.40081235100650836,0.2396139357118847,0.718097920832372,0.4244678478395042,0.5647109472059216,0.2616319025566201,0.26115535807488643,0.1881239891440803,0.18497632442554574,0.15309559592619418,1.0,0.2425080800130101,0.4294173168111776,0.061452788962600924,0.3450589934662359,0.4973706629176063,0.22357561034593693
0.32102529002845903,0.45815728942852874,0.30971096518729485,0.4478980401071271,0.29503769177292977,0.6309815298785941,0.0350034125452917,0.20641626760194537,-0.1294319392801686,0.08582312509282593,0.08040491747301809,0.2975174414523942,0.2425080800130101,1.0,-0.05149033247596379,0.01950359318649964,0.3681585743808578,0.3762119123440063,0.06434936459503367
-0.14457996443886384,-0.1755399207009861,-0.08823351479361688,-0.14597328040264967,0.10282771163176646,-0.045189754506445544,0.43015146845671154,0.2859820436342733,0.5115862337448137,0.29246990097765924,-0.16654073499207958,-0.06177601972760373,0.4294173168111776,-0.05149033247596379,1.0,0.23777798769596104,-0.1652236279637655,-0.04441807959774883,0.10825919474298723
-0.08038014422975459,-0.2041206541693542,-0.05871219578533438,-0.1164266018926226,0.030794907373578862,0.01985725198863662,0.06865757299341296,0.39326439697201565,0.17616274484049463,0.43514797609236083,-0.12846752929295455,-0.29592287706658044,0.061452788962600924,0.01950359318649964,0.23777798769596104,1.0,-0.1266626794655391,0.01870260491489987,0.07753190170516772
0.7160208259309493,0.7104604025996806,0.8302125797603112,0.644224811863515,0.5181103402618398,0.5125751389057325,0.18617288011424932,0.049615935725245024,-0.04222850908694283,-0.04269217465143758,0.25837289103242983,0.4857406789365376,0.3450589934662359,0.3681585743808578,-0.1652236279637655,-0.1266626794655391,1.0,0.5174194259659477,0.1759146323968173
0.3619905903912479,0.45884733738089556,0.4292139405727649,0.4224442648638548,0.7393808150766102,0.7771124151509385,0.4375631465566112,0.39843766910063455,0.13466515974428808,0.2766649925874373,0.1154884158782525,0.09404404075900397,0.4973706629176063,0.3762119123440063,-0.04441807959774883,0.01870260491489987,0.5174194259659477,1.0,0.403057603063707
0.054115154388266785,-0.10755258174781877,0.07746804223892281,-0.03595598770560659,0.3170340679241558,0.3307954984217604,0.700755031715535,0.608640913769522,0.6610748716385638,0.5419608995135765,-0.11316066054066116,-0.09090357173201866,0.22357561034593693,0.06434936459503367,0.10825919474298723,0.07753190170516772,0.1759146323968173,0.403057603063707,1.0
