0,1,2,3,4,5,6,7,8,9,10,11,12,13,14,15,16,17,18
1.0,-0.6758111681674761,0.863578510622841,-0.7550701664447252,0.6344466285732379,-0.8172752801552127,0.48698433204817143,-0.8586909949188477,0.4591346619609395,-0.8130833403512245,0.7962680792390883,-0.7315436819422172,0.2997946738473241,-0.815614922924224,0.5834248914453354,-0.8808460573405351,0.9569209214600053,-0.8238337673432712,0.5360233860684966
-0.6758111681674761,1.0,-0.6808576815733,0.9544953939023978,-0.6559653860266784,0.92050084575475,-0.742509040902722,0.8872508885249138,-0.6676313729897319,0.8088186117800941,-0.766498460296295,0.9299917320199624,-0.44801964047757137,0.8417204773064254,-0.7440105477984242,0.8349580436992905,-0.6947018948066744,0.7684917417706569,-0.7488937866235982
0.863578510622841,-0.6808576815733,1.0,-0.6940055503629273,0.8647589614072182,-0.7096780216963481,0.6505364110203306,-0.7724582081681971,0.44602665187717644,-0.7822248138903595,0.8118281910354181,-0.6775248042994811,0.5627145581558101,-0.6790326497567108,0.6011814993097991,-0.815854716573903,0.8520143285575364,-0.6819067299797074,0.6370771655936929
-0.7550701664447252,0.9544953939023978,-0.6940055503629273,1.0,-0.6385012291462842,0.9820356039738776,-0.7189930739262995,0.9486216976120078,-0.6618004842299124,0.8540041294821911,-0.7938097328654946,0.931761273918886,-0.4186335538719815,0.900986542216132,-0.7439198168975761,0.8878878732966379,-0.762006875041192,0.8339621374378273,-0.7255062935372679
0.6344466285732379,-0.6559653860266784,0.8647589614072182,-0.6385012291462842,1.0,-0.5983045750800893,0.8053914611171187,-0.6270935296645683,0.460789585466897,-0.6421975386420006,0.6716878194388533,-0.6279796439876527,0.6656957893056756,-0.5514680393957433,0.5569671934701289,-0.6777129702830921,0.6304679621865157,-0.5266698668465237,0.7394189345191806
-0.8172752801552127,0.92050084575475,-0.7096780216963481,0.9820356039738776,-0.5983045750800893,1.0,-0.6407830219199939,0.9721000425781878,-0.6387693021148264,0.8636526367318379,-0.8025916566806532,0.9181545364227774,-0.33489207054653225,0.9400217474854101,-0.7317777839293546,0.9135186195545065,-0.8176693151935681,0.8640847631508813,-0.6733714738228135
0.48698433204817143,-0.742509040902722,0.6505364110203306,-0.7189930739262995,0.8053914611171187,-0.6407830219199939,1.0,-0.6001540091812121,0.6321956072946915,-0.5652449722548524,0.6065688629466264,-0.6933449610848325,0.6479732177565191,-0.5414893716147531,0.7218526280121544,-0.6096109608952087,0.5006307757193349,-0.5854701494947485,0.8473130056246141
-0.8586909949188477,0.8872508885249138,-0.7724582081681971,0.9486216976120078,-0.6270935296645683,0.9721000425781878,-0.6001540091812121,1.0,-0.5670720766584866,0.9273818296678319,-0.8646807554928366,0.8776469392022398,-0.41979588819270447,0.9013219881780524,-0.6856828264027224,0.9483415351760252,-0.8572901848365904,0.8340868849141352,-0.586080836492599
0.4591346619609395,-0.6676313729897319,0.44602665187717644,-0.6618004842299124,0.460789585466897,-0.6387693021148264,0.6321956072946915,-0.5670720766584866,1.0,-0.39597767062752887,0.4896838400248035,-0.6481911484283255,0.26550391867706585,-0.5879434237758839,0.7549084922257518,-0.5059119896146393,0.4678014538472608,-0.6837777401698408,0.6839014956623795
-0.8130833403512245,0.8088186117800941,-0.7822248138903595,0.8540041294821911,-0.6421975386420006,0.8636526367318379,-0.5652449722548524,0.9273818296678319,-0.39597767062752887,1.0,-0.8744186094733146,0.8020556463869518,-0.4840653111779113,0.8059946933441389,-0.555472801390016,0.9537179240333721,-0.8099986046029957,0.724378831824201,-0.5220808730528501
0.7962680792390883,-0.766498460296295,0.8118281910354181,-0.7938097328654946,0.6716878194388533,-0.8025916566806532,0.6065688629466264,-0.8646807554928366,0.4896838400248035,-0.8744186094733146,1.0,-0.7764525070273598,0.6071643302619238,-0.7149137245840304,0.6241268004570364,-0.8914223573040398,0.7864905584575318,-0.7830431562465429,0.5126382617304576
-0.7315436819422172,0.9299917320199624,-0.6775248042994811,0.931761273918886,-0.6279796439876527,0.9181545364227774,-0.6933449610848325,0.8776469392022398,-0.6481911484283255,0.8020556463869518,-0.7764525070273598,1.0,-0.32753240152893376,0.8967432846810951,-0.7262449456531871,0.8464317583040055,-0.7378359970902303,0.7865472276859078,-0.7343737246684805
0.2997946738473241,-0.44801964047757137,0.5627145581558101,-0.4186335538719815,0.6656957893056756,-0.33489207054653225,0.6479732177565191,-0.41979588819270447,0.26550391867706585,-0.4840653111779113,0.6071643302619238,-0.32753240152893376,1.0,-0.1534879550323977,0.3149100742217249,-0.41338165543337796,0.2830431087557028,-0.23783622650040628,0.3450378041355544
-0.815614922924224,0.8417204773064254,-0.6790326497567108,0.900986542216132,-0.5514680393957433,0.9400217474854101,-0.5414893716147531,0.9013219881780524,-0.5879434237758839,0.8059946933441389,-0.7149137245840304,0.8967432846810951,-0.1534879550323977,1.0,-0.647498335141924,0.8873231783239885,-0.8063889104406701,0.8204942380327352,-0.6612834318938944
0.5834248914453354,-0.7440105477984242,0.6011814993097991,-0.7439198168975761,0.5569671934701289,-0.7317777839293546,0.7218526280121544,-0.6856828264027224,0.7549084922257518,-0.555472801390016,0.6241268004570364,-0.7262449456531871,0.3149100742217249,-0.647498335141924,1.0,-0.6101236423418805,0.6093800103604025,-0.71083418007865,0.7013879988221855
-0.8808460573405351,0.8349580436992905,-0.815854716573903,0.8878878732966379,-0.6777129702830921,0.9135186195545065,-0.6096109608952087,0.9483415351760252,-0.5059119896146393,0.9537179240333721,-0.8914223573040398,0.8464317583040055,-0.41338165543337796,0.8873231783239885,-0.6101236423418805,1.0,-0.8768785423931782,0.7842954646204494,-0.6190963469885291
0.9569209214600053,-0.6947018948066744,0.8520143285575364,-0.762006875041192,0.6304679621865157,-0.8176693151935681,0.5006307757193349,-0.8572901848365904,0.4678014538472608,-0.8099986046029957,0.7864905584575318,-0.7378359970902303,0.2830431087557028,-0.8063889104406701,0.6093800103604025,-0.8768785423931782,1.0,-0.8091310910058019,0.5831717610759706
-0.8238337673432712,0.7684917417706569,-0.6819067299797074,0.8339621374378273,-0.5266698668465237,0.8640847631508813,-0.5854701494947485,0.8340868849141352,-0.6837777401698408,0.724378831824201,-0.7830431562465429,0.7865472276859078,-0.23783622650040628,0.8204942380327352,-0.71083418007865,0.7842954646204494,-0.8091310910058019,1.0,-0.6230589592946623
0.5360233860684966,-0.7488937866235982,0.6370771655936929,-0.7255062935372679,0.7394189345191806,-0.6733714738228135,0.8473130056246141,-0.586080836492599,0.6839014956623795,-0.5220808730528501,0.5126382617304576,-0.7343737246684805,0.3450378041355544,-0.6612834318938944,0.7013879988221855,-0.6190963469885291,0.5831717610759706,-0.6230589592946623,1.0
