0,1,2,3,4,5,6,7,8,9,10,11,12,13,14,15,16,17,18
1.0,0.31205354393937584,0.5753426455849088,0.08745939480064902,-0.006773819598919348,-0.24286025664382388,-0.4013695549957876,-0.44701191820523023,-0.3569266318171736,-0.49978064784902787,0.4627515044876442,-0.23868667830049134,-0.08284376811072391,-0.40942869487538935,-0.21413874030215463,-0.7083812424053451,0.9040170581579712,-0.32230099294587095,-0.3048963220984487
0.31205354393937584,1.0,0.02430924751347382,0.8237839554300345,-0.35474264755387275,0.603422225595212,-0.6010574325068182,0.39907050968804203,-0.5155378701540756,0.25568795296578745,-0.2501683396896895,0.5068378675011497,-0.29923476042875263,0.048073929753116154,-0.47346909637884926,0.18758622333427466,0.2962559484734615,0.41907079476401315,-0.46959621096017096
0.5753426455849088,0.02430924751347382,1.0,0.0570744877427867,0.6247825688067598,0.004824575105353849,0.13229014907927789,-0.30804312930152755,-0.16152828252358006,-0.5272767891602648,0.5085137084109109,-0.021326728999358783,0.3601964170694307,-0.05000884460195037,-0.029081349404453023,-0.5975639020475335,0.5174019532815222,0.10435915551649937,0.07360022637018085
0.08745939480064902,0.8237839554300345,0.0570744877427867,1.0,-0.27506393828027637,0.8778417340057842,-0.5258334201640406,0.691011199071881,-0.43505577575948096,0.4283131651270487,-0.33862670167486303,0.50756090554395,-0.3067124805637792,0.14563155954681462,-0.3922448253603,0.3724926677490254,0.09257259252153287,0.6695121971276753,-0.28613449382866873
-0.006773819598919348,-0.35474264755387275,0.6247825688067598,-0.27506393828027637,1.0,-0.0687326475731461,0.7027601543524081,-0.25751227029011226,0.12789640159444868,-0.3999554203817419,0.3018188588520651,0.05230763389066744,0.6643068366604408,0.3003573448538759,0.09732739582409063,-0.3094371428197683,-0.04491726573442114,0.23845298100329576,0.30502008897185007
-0.24286025664382388,0.603422225595212,0.004824575105353849,0.8778417340057842,-0.0687326475731461,1.0,-0.2008848524428876,0.8084734879341137,-0.31744907287809726,0.4704963865689023,-0.363836406231985,0.6094804707796727,-0.047147694602663395,0.4494364730117288,-0.29916666835104794,0.5429267479314793,-0.2313044705910628,0.8527231042299046,-0.12276677885670695
-0.4013695549957876,-0.6010574325068182,0.13229014907927789,-0.5258334201640406,0.7027601543524081,-0.2008848524428876,1.0,-0.17196460109974765,0.4943512831210887,-0.1774015960241075,0.0860827095135343,-0.04407371964271492,0.6209494894256593,0.4480656979222486,0.40632154650221713,-0.01363543154014102,-0.38498542089964427,0.04570686982467722,0.46332276296952407
-0.44701191820523023,0.39907050968804203,-0.30804312930152755,0.691011199071881,-0.25751227029011226,0.8084734879341137,-0.17196460109974765,1.0,0.059335874929877755,0.8060023321433079,-0.6530566777914947,0.31362062333895885,-0.3730484956230356,0.19906630026329553,-0.10240282992441781,0.7360237133400858,-0.4220984156405449,0.6400116115043137,0.22844325577919528
-0.3569266318171736,-0.5155378701540756,-0.16152828252358006,-0.43505577575948096,0.12789640159444868,-0.31744907287809726,0.4943512831210887,0.059335874929877755,1.0,0.2575995114723352,-0.30385537261333573,-0.42242305160629406,-0.182353095764646,-0.21157674127482076,0.7440110494138663,0.13890135822041283,-0.2857518242951435,-0.28379301675064794,0.708760682728409
-0.49978064784902787,0.25568795296578745,-0.5272767891602648,0.4283131651270487,-0.3999554203817419,0.4704963865689023,-0.1774015960241075,0.8060023321433079,0.2575995114723352,1.0,-0.739317157603572,0.11920377263316058,-0.536070293872557,0.034760324211902574,0.02604777323875019,0.823057037728518,-0.4589480167836111,0.30040975153456834,0.22897886436272077
0.4627515044876442,-0.2501683396896895,0.5085137084109109,-0.33862670167486303,0.3018188588520651,-0.363836406231985,0.0860827095135343,-0.6530566777914947,-0.30385537261333573,-0.739317157603572,1.0,-0.1560967497166855,0.572902830922806,0.04150480395169963,0.001086211901875806,-0.7825920959550539,0.38082163373647004,-0.2682808436005398,-0.2976847396788147
-0.23868667830049134,0.5068378675011497,-0.021326728999358783,0.50756090554395,0.05230763389066744,0.6094804707796727,-0.04407371964271492,0.31362062333895885,-0.42242305160629406,0.11920377263316058,-0.1560967497166855,1.0,0.3652005769224216,0.6234706470298822,-0.31444542319635593,0.3402768641530552,-0.22303705149938105,0.595699839443675,-0.38351327293561144
-0.08284376811072391,-0.29923476042875263,0.3601964170694307,-0.3067124805637792,0.6643068366604408,-0.047147694602663395,0.6209494894256593,-0.3730484956230356,-0.182353095764646,-0.536070293872557,0.572902830922806,0.3652005769224216,1.0,0.6517927093210443,-0.03989517038204181,-0.263098802512498,-0.12917158359876232,0.23202431384566147,-0.16816645941866948
-0.40942869487538935,0.048073929753116154,-0.05000884460195037,0.14563155954681462,0.3003573448538759,0.4494364730117288,0.4480656979222486,0.19906630026329553,-0.21157674127482076,0.034760324211902574,0.04150480395169963,0.6234706470298822,0.6517927093210443,1.0,-0.09952563604810008,0.38679174087023055,-0.40087269964638617,0.5048824481684273,-0.22421392280912122
-0.21413874030215463,-0.47346909637884926,-0.029081349404453023,-0.3922448253603,0.09732739582409063,-0.29916666835104794,0.40632154650221713,-0.10240282992441781,0.7440110494138663,0.02604777323875019,0.001086211901875806,-0.31444542319635593,-0.03989517038204181,-0.09952563604810008,1.0,0.026953195119296378,-0.15489236914267904,-0.31718666963140235,0.4575366387356723
-0.7083812424053451,0.18758622333427466,-0.5975639020475335,0.3724926677490254,-0.3094371428197683,0.5429267479314793,-0.01363543154014102,0.7360237133400858,0.13890135822041283,0.823057037728518,-0.7825920959550539,0.3402768641530552,-0.263098802512498,0.38679174087023055,0.026953195119296378,1.0,-0.6403509960293041,0.4248701107826825,0.08456086817244092
0.9040170581579712,0.2962559484734615,0.5174019532815222,0.09257259252153287,-0.04491726573442114,-0.2313044705910628,-0.38498542089964427,-0.4220984156405449,-0.2857518242951435,-0.4589480167836111,0.38082163373647004,-0.22303705149938105,-0.12917158359876232,-0.40087269964638617,-0.15489236914267904,-0.6403509960293041,1.0,-0.33694463231995136,-0.21383448507948208
-0.32230099294587095,0.41907079476401315,0.10435915551649937,0.6695121971276753,0.23845298100329576,0.8527231042299046,0.04570686982467722,0.6400116115043137,-0.28379301675064794,0.30040975153456834,-0.2682808436005398,0.595699839443675,0.23202431384566147,0.5048824481684273,-0.31718666963140235,0.4248701107826825,-0.33694463231995136,1.0,-0.06022057906792864
-0.3048963220984487,-0.46959621096017096,0.07360022637018085,-0.28613449382866873,0.30502008897185007,-0.12276677885670695,0.46332276296952407,0.22844325577919528,0.708760682728409,0.22897886436272077,-0.2976847396788147,-0.38351327293561144,-0.16816645941866948,-0.22421392280912122,0.4575366387356723,0.08456086817244092,-0.21383448507948208,-0.06022057906792864,1.0
