0,1,2,3,4,5,6,7,8,9,10,11,12,13,14,15,16,17,18
1.0,0.09492221875914805,0.9085519362708694,0.25279190236198096,0.7269811051057042,0.07094156583251798,0.5710727983872937,0.05393252381507255,0.6027273484899675,-0.170211208234531,0.6743738335387945,0.281682471791241,0.6562428392466104,-0.02332550765325504,0.6711984360503541,0.0761451536559819,0.8723775174426779,0.0648428642019614,0.6518873239951001
0.09492221875914805,1.0,0.3417999157403542,0.5630389439344009,0.02014330334870401,0.23121160855926998,-0.11766100519632966,0.13249122811308353,-0.1935121468815488,-0.12278125492745909,-0.08658519351165762,0.8206364923369194,-0.07804552939645379,0.054568632500702596,-0.20168186768448335,0.20095151076122306,0.2630712500992344,0.15347968976128434,-0.0842919857813974
0.9085519362708694,0.3417999157403542,1.0,0.37068015664621917,0.7403213188884619,0.17992871683243022,0.5642199629648921,0.19635786960537768,0.561998037573272,-0.07084731678734836,0.7015197707830639,0.39024873528377335,0.7150666728520517,0.09004875415788864,0.6426282552560157,0.14179055894021855,0.8718875431923692,0.14105462265448654,0.615181746783525
0.25279190236198096,0.5630389439344009,0.37068015664621917,1.0,0.15655457173147797,0.6585393459711087,-0.06404725255220527,0.2672129583194911,-0.11939764183913654,0.13585027395080726,0.15594590359935226,0.6400897786310195,0.11509870764088288,0.5062483703017222,-0.040389256883426414,0.318544767281098,0.47981379206107316,0.5624496417835608,0.024656482343366235
0.7269811051057042,0.02014330334870401,0.7403213188884619,0.15655457173147797,1.0,0.2983137656383703,0.8421548437282549,0.2719815669531966,0.7756519618177795,0.14030098462232277,0.6763189153418343,0.1615546975604601,0.87177727186899,0.08575750831740143,0.850360320963318,0.21040211026706412,0.7609848163524436,0.3453634167740129,0.8664568103178774
0.07094156583251798,0.23121160855926998,0.17992871683243022,0.6585393459711087,0.2983137656383703,1.0,0.14227486141703533,0.570205095370352,0.05094949520096604,0.4313250708161291,0.08133577204251104,0.3457970943784683,0.188811322901822,0.6946409418661748,0.07837470509897448,0.493923012027259,0.25859483040402803,0.8439120908517311,0.27887047066025183
0.5710727983872937,-0.11766100519632966,0.5642199629648921,-0.06404725255220527,0.8421548437282549,0.14227486141703533,1.0,0.309444194919565,0.9181102665989092,0.30808678083021057,0.584880615522919,-0.00466135970167554,0.7925770496307293,-0.0014718541625851418,0.8713342120466072,0.1619148351286784,0.5753157603125186,0.1769374291151157,0.8838609270864295
0.05393252381507255,0.13249122811308353,0.19635786960537768,0.2672129583194911,0.2719815669531966,0.570205095370352,0.309444194919565,1.0,0.25212628270418563,0.6595825477384926,0.055115659095553646,0.17709039032475252,0.2183428392059663,0.4529184557603216,0.18587529406219147,0.5037790293359323,0.10763426615231507,0.5585634304158426,0.40589009151122013
0.6027273484899675,-0.1935121468815488,0.561998037573272,-0.11939764183913654,0.7756519618177795,0.05094949520096604,0.9181102665989092,0.25212628270418563,1.0,0.29817452279439827,0.5993180284905344,-0.04633237433101572,0.7491004104947595,-0.007414603315769,0.8699698291349288,0.12405048556012556,0.5867988614817382,0.06857941115173855,0.866520119557633
-0.170211208234531,-0.12278125492745909,-0.07084731678734836,0.13585027395080726,0.14030098462232277,0.4313250708161291,0.30808678083021057,0.6595825477384926,0.29817452279439827,1.0,-0.007648150300240685,-0.09075221621327965,0.12272336757632675,0.3389731657397077,0.14473290772911135,0.4318229048859894,-0.04890235863185061,0.49927245256134406,0.2997402961576311
0.6743738335387945,-0.08658519351165762,0.7015197707830639,0.15594590359935226,0.6763189153418343,0.08133577204251104,0.584880615522919,0.055115659095553646,0.5993180284905344,-0.007648150300240685,1.0,0.047877774835224034,0.8224661891783598,0.17646275876175835,0.6995045890045495,-0.01863498585654935,0.681765111264148,0.04905787486846016,0.575550339098533
0.281682471791241,0.8206364923369194,0.39024873528377335,0.6400897786310195,0.1615546975604601,0.3457970943784683,-0.00466135970167554,0.17709039032475252,-0.04633237433101572,-0.09075221621327965,0.047877774835224034,1.0,0.05782115278528467,0.2763377138505826,-0.030336571090125494,0.1920988596308999,0.3917443686455215,0.19808254577627848,0.04663227785197172
0.6562428392466104,-0.07804552939645379,0.7150666728520517,0.11509870764088288,0.87177727186899,0.188811322901822,0.7925770496307293,0.2183428392059663,0.7491004104947595,0.12272336757632675,0.8224661891783598,0.05782115278528467,1.0,0.10990971423239398,0.8834301376785012,0.17034880660286772,0.6970506131007123,0.1710311774405949,0.7502883835642638
-0.02332550765325504,0.054568632500702596,0.09004875415788864,0.5062483703017222,0.08575750831740143,0.6946409418661748,-0.0014718541625851418,0.4529184557603216,-0.007414603315769,0.3389731657397077,0.17646275876175835,0.2763377138505826,0.10990971423239398,1.0,0.0042040152107533655,0.43356311689091154,0.1417752755794254,0.5247639412906712,0.10569028768080323
0.6711984360503541,-0.20168186768448335,0.6426282552560157,-0.040389256883426414,0.850360320963318,0.07837470509897448,0.8713342120466072,0.18587529406219147,0.8699698291349288,0.14473290772911135,0.6995045890045495,-0.030336571090125494,0.8834301376785012,0.0042040152107533655,1.0,0.12398338349294953,0.6575842747184939,0.08793121788740779,0.8298600089932755
0.0761451536559819,0.20095151076122306,0.14179055894021855,0.318544767281098,0.21040211026706412,0.493923012027259,0.1619148351286784,0.5037790293359323,0.12405048556012556,0.4318229048859894,-0.01863498585654935,0.1920988596308999,0.17034880660286772,0.43356311689091154,0.12398338349294953,1.0,0.14928806588929633,0.4406806236760537,0.25953479717384487
0.8723775174426779,0.2630712500992344,0.8718875431923692,0.47981379206107316,0.7609848163524436,0.25859483040402803,0.5753157603125186,0.10763426615231507,0.5867988614817382,-0.04890235863185061,0.681765111264148,0.3917443686455215,0.6970506131007123,0.1417752755794254,0.6575842747184939,0.14928806588929633,1.0,0.22621399191915864,0.6728711602590559
0.0648428642019614,0.15347968976128434,0.14105462265448654,0.5624496417835608,0.3453634167740129,0.8439120908517311,0.1769374291151157,0.5585634304158426,0.06857941115173855,0.49927245256134406,0.04905787486846016,0.19808254577627848,0.1710311774405949,0.5247639412906712,0.08793121788740779,0.4406806236760537,0.22621399191915864,1.0,0.3275530695906349
0.6518873239951001,-0.0842919857813974,0.615181746783525,0.024656482343366235,0.8664568103178774,0.27887047066025183,0.8838609270864295,0.40589009151122013,0.866520119557633,0.2997402961576311,0.575550339098533,0.04663227785197172,0.7502883835642638,0.10569028768080323,0.8298600089932755,0.25953479717384487,0.6728711602590559,0.3275530695906349,1.0
