0,1,2,3,4,5,6,7,8,9,10,11,12,13,14,15,16,17,18
1.0,0.4569330698162167,0.780708707777076,0.40241750905164964,0.40104757852790335,0.1350758366577716,0.11209492531866172,0.1054500553905587,0.058645798229078505,-0.05776473009143282,0.09070936693614536,0.5371892883352466,0.1721369339501176,-0.08615939811639232,0.09436572616328484,0.15453657671953558,0.6609854746465019,0.22769695504858814,0.15150201940794766
0.4569330698162167,1.0,0.6873816239178739,0.7231966081379293,0.40227494789086476,0.37825585995027194,0.09374566160570921,0.2979059483500655,-0.03128879900646249,0.09442276227558423,-0.07232709731322325,0.8016476966947428,0.29529937493564123,0.15510700372566522,0.1258504144133546,0.4154465560254303,0.5631821171165552,0.4980111705198056,0.09631688715580035
0.780708707777076,0.6873816239178739,1.0,0.49884416328496917,0.6065417038965104,0.3089347661744992,0.20827889236265412,0.2598329880216029,0.07979772756693239,0.10668992771710839,0.22918155978545468,0.5085024065357233,0.5042116174638793,0.12079208292728796,0.2791334489358864,0.2912319580909696,0.6451431368329771,0.4224466997901685,0.2201060789702725
0.40241750905164964,0.7231966081379293,0.49884416328496917,1.0,0.34921715703944634,0.69448799465589,0.06164346380689193,0.3913725386920765,-0.05539071349652125,0.1528688625810081,0.0724491050079085,0.7135854604671854,0.25379645151370317,0.4607819649929756,0.04207862713614016,0.483744112220261,0.6570963236095491,0.6167888982497552,0.17834330752246513
0.40104757852790335,0.40227494789086476,0.6065417038965104,0.34921715703944634,1.0,0.4834082815708461,0.6739544089242957,0.5454508981565824,0.4177697948900179,0.3667350576201895,0.08898457257949985,0.3394867200214587,0.6785798804988762,0.18372909134077786,0.6237767612904288,0.4374571394640765,0.39006649590264925,0.6386842415932819,0.6400402417022625
0.1350758366577716,0.37825585995027194,0.3089347661744992,0.69448799465589,0.4834082815708461,1.0,0.3044321231156063,0.696606824357673,0.1185228762635939,0.4170466102807014,0.019090486136816586,0.42725500975887243,0.31242838753476526,0.6857320120434125,0.20114721446645997,0.6891311014843748,0.3525997597625334,0.8296282987417146,0.5442769905544134
0.11209492531866172,0.09374566160570921,0.20827889236265412,0.06164346380689193,0.6739544089242957,0.3044321231156063,1.0,0.6162466234818977,0.7951370574156795,0.5853400582861935,-0.05707254818910846,0.032879729769039974,0.4474436381528691,0.02553374844630957,0.6627326276671931,0.3537318191265083,0.14580762423246912,0.46010924011654963,0.7889745457863728
0.1054500553905587,0.2979059483500655,0.2598329880216029,0.3913725386920765,0.5454508981565824,0.696606824357673,0.6162466234818977,1.0,0.4436061507174725,0.7774495770301524,-0.14259777267595763,0.3601705900013401,0.35549937260770936,0.40586826401200604,0.44936334428833663,0.7139603228610977,0.19078523111278134,0.7477176354528552,0.7262447167169118
0.058645798229078505,-0.03128879900646249,0.07979772756693239,-0.05539071349652125,0.4177697948900179,0.1185228762635939,0.7951370574156795,0.4436061507174725,1.0,0.5793413277686141,-0.12535152232539234,-0.03689678923078876,0.22941937913618884,-0.04379343940755777,0.614252046415152,0.20681152141199788,0.12925424953274506,0.23634434812812533,0.6526070223499406
-0.05776473009143282,0.09442276227558423,0.10668992771710839,0.1528688625810081,0.3667350576201895,0.4170466102807014,0.5853400582861935,0.7774495770301524,0.5793413277686141,1.0,-0.16068151766306363,0.12369527428140777,0.28550327240044615,0.1578670820994067,0.4579975022600317,0.5184917225555705,0.05445734763535054,0.5353649800873419,0.6183452838447152
0.09070936693614536,-0.07232709731322325,0.22918155978545468,0.0724491050079085,0.08898457257949985,0.019090486136816586,-0.05707254818910846,-0.14259777267595763,-0.12535152232539234,-0.16068151766306363,1.0,-0.14722822736540334,0.4044827665268225,0.2087324886938226,-0.05732090094033329,-0.12772565956109716,0.14540484721649752,-0.047914254216549795,-0.06437798479502725
0.5371892883352466,0.8016476966947428,0.5085024065357233,0.7135854604671854,0.3394867200214587,0.42725500975887243,0.032879729769039974,0.3601705900013401,-0.03689678923078876,0.12369527428140777,-0.14722822736540334,1.0,0.23962361610140887,0.34034117138283454,0.1419667996700227,0.5148008346801793,0.49360599389657134,0.4393367176313798,0.09093442436148814
0.1721369339501176,0.29529937493564123,0.5042116174638793,0.25379645151370317,0.6785798804988762,0.31242838753476526,0.4474436381528691,0.35549937260770936,0.22941937913618884,0.28550327240044615,0.4044827665268225,0.23962361610140887,1.0,0.18129030487049735,0.5875294789899856,0.37221251790359705,0.20402475540614817,0.40772695789650826,0.3264750561458745
-0.08615939811639232,0.15510700372566522,0.12079208292728796,0.4607819649929756,0.18372909134077786,0.6857320120434125,0.02553374844630957,0.40586826401200604,-0.04379343940755777,0.1578670820994067,0.2087324886938226,0.34034117138283454,0.18129030487049735,1.0,0.051257900362190925,0.5508153108929194,0.21138422837281787,0.4369207691312881,0.27493941256877275
0.09436572616328484,0.1258504144133546,0.2791334489358864,0.04207862713614016,0.6237767612904288,0.20114721446645997,0.6627326276671931,0.44936334428833663,0.614252046415152,0.4579975022600317,-0.05732090094033329,0.1419667996700227,0.5875294789899856,0.051257900362190925,1.0,0.3125032158748775,0.1235063579190994,0.3357236802257474,0.5031293695876381
0.15453657671953558,0.4154465560254303,0.2912319580909696,0.483744112220261,0.4374571394640765,0.6891311014843748,0.3537318191265083,0.7139603228610977,0.20681152141199788,0.5184917225555705,-0.12772565956109716,0.5148008346801793,0.37221251790359705,0.5508153108929194,0.3125032158748775,1.0,0.22735835075732932,0.6579790459634638,0.4604245722689979
0.6609854746465019,0.5631821171165552,0.6451431368329771,0.6570963236095491,0.39006649590264925,0.3525997597625334,0.14580762423246912,0.19078523111278134,0.12925424953274506,0.05445734763535054,0.14540484721649752,0.49360599389657134,0.20402475540614817,0.21138422837281787,0.1235063579190994,0.22735835075732932,1.0,0.37824741956562796,0.2455920526377655
0.22769695504858814,0.4980111705198056,0.4224466997901685,0.6167888982497552,0.6386842415932819,0.8296282987417146,0.46010924011654963,0.7477176354528552,0.23634434812812533,0.5353649800873419,-0.047914254216549795,0.4393367176313798,0.40772695789650826,0.4369207691312881,0.3357236802257474,0.6579790459634638,0.37824741956562796,1.0,0.6254113064273317
0.15150201940794766,0.09631688715580035,0.2201060789702725,0.17834330752246513,0.6400402417022625,0.5442769905544134,0.7889745457863728,0.7262447167169118,0.6526070223499406,0.6183452838447152,-0.06437798479502725,0.09093442436148814,0.3264750561458745,0.27493941256877275,0.5031293695876381,0.4604245722689979,0.2455920526377655,0.6254113064273317,1.0
