0,1,2,3,4,5,6,7,8,9,10,11,12,13,14,15,16,17,18
1.0,0.8562235499359515,0.28469109011929156,0.3385995913173058,0.09577706835391042,0.03209867155672653,-0.07643691233255828,-0.14830954610416142,0.08377829439175959,0.01414001174188248,0.32747995125597473,0.14351549874375108,0.3328773449239285,0.07890729233677235,0.19296044719490396,0.5250080234798167,0.23639779385290943,0.0675196909972552,-0.0978515679601714
0.8562235499359515,1.0,0.3611614407220904,0.592478163658435,0.13971236907902648,0.05490990159528942,-0.15508224949590507,-0.2859657564512604,-0.05026314710094279,-0.2302148830025467,0.351190799854807,0.21015495904247203,0.28398946005861897,0.0609713694811079,0.10647701626953048,0.4264227195597437,0.3507438024390667,0.07150309165619427,-0.25487172113725104
0.28469109011929156,0.3611614407220904,1.0,0.6616337571606669,0.7351472259833067,0.42397871165890955,0.23300298465557315,0.1192746911156843,0.016259278976592823,-0.0302151922795871,0.7207638985152778,0.26884072280426335,0.2702080416795663,0.09482232928852326,-0.029168113514632544,-0.04604094770094498,0.9141367218736687,0.4831819940158221,0.21962269444170296
0.3385995913173058,0.592478163658435,0.6616337571606669,1.0,0.5052829592004332,0.5697413544571533,0.13597431722095457,0.2357777698226788,-0.05097778743863918,0.09245499715761103,0.4733855267152172,0.6100130826320814,0.23705716009290706,0.2529687863530511,-0.10488459806510331,0.051941758816696555,0.7327514228627541,0.5630776647954757,0.11872489134685528
0.09577706835391042,0.13971236907902648,0.7351472259833067,0.5052829592004332,1.0,0.5689429635998049,0.5888648698392541,0.31258697833258636,0.18820218267914554,0.13694032877157863,0.5845779251163581,0.266408057522983,0.51793814221027,0.11608519046639863,0.09998672201965549,-0.03159883419373885,0.703836113378207,0.6865919141340517,0.5036998546161263
0.03209867155672653,0.05490990159528942,0.42397871165890955,0.5697413544571533,0.5689429635998049,1.0,0.39896945290948377,0.57676794518638,0.07867009194318864,0.2615864768633028,0.3015394391465335,0.5422178678317261,0.24937229973539266,0.4127616313300775,-0.08648039405960156,0.020354940858233327,0.4481175287254378,0.7743099565168344,0.4759651065667092
-0.07643691233255828,-0.15508224949590507,0.23300298465557315,0.13597431722095457,0.5888648698392541,0.39896945290948377,1.0,0.6140054719543495,0.5880300354057384,0.42362487563055096,0.15597801013761475,0.1053862543384108,0.389336005149498,0.0936976431535326,0.30135244801355,0.08370314487916058,0.2752911785225999,0.45932076466628985,0.8626944295381891
-0.14830954610416142,-0.2859657564512604,0.1192746911156843,0.2357777698226788,0.31258697833258636,0.57676794518638,0.6140054719543495,1.0,0.29628584819406145,0.5741376620798906,0.04826422821409244,0.3628153842787591,0.11273856080231053,0.3738412248312764,-0.06360100289191459,0.069870016059617,0.16486982252594828,0.529160824208319,0.7614779400700071
0.08377829439175959,-0.05026314710094279,0.016259278976592823,-0.05097778743863918,0.18820218267914554,0.07867009194318864,0.5880300354057384,0.29628584819406145,1.0,0.5129759789934073,0.011972199633407121,-0.024442937604931096,0.18272726238949716,0.023682682303820205,0.4704210843318765,0.3140443434772977,0.04782592097630094,0.11024834731631138,0.5448138770118828
0.01414001174188248,-0.2302148830025467,-0.0302151922795871,0.09245499715761103,0.13694032877157863,0.2615864768633028,0.42362487563055096,0.5741376620798906,0.5129759789934073,1.0,-0.024175358918215383,0.1454225347705506,0.09417327462378809,0.18389110164610722,0.165092911119316,0.28564124954666775,-0.015128758358058263,0.2958028259806409,0.5206986855714368
0.32747995125597473,0.351190799854807,0.7207638985152778,0.4733855267152172,0.5845779251163581,0.3015394391465335,0.15597801013761475,0.04826422821409244,0.011972199633407121,-0.024175358918215383,1.0,0.29113817902732075,0.49272016229233573,0.16332293763162153,0.009870699708730052,0.03872719595282291,0.6015812164119506,0.3603172329764226,0.11640206381421461
0.14351549874375108,0.21015495904247203,0.26884072280426335,0.6100130826320814,0.266408057522983,0.5422178678317261,0.1053862543384108,0.3628153842787591,-0.024442937604931096,0.1454225347705506,0.29113817902732075,1.0,0.23849003415121528,0.6673306587379935,-0.19406632300340515,0.08716743339431593,0.3367150985533167,0.40275827154936705,0.1432837565108072
0.3328773449239285,0.28398946005861897,0.2702080416795663,0.23705716009290706,0.51793814221027,0.24937229973539266,0.389336005149498,0.11273856080231053,0.18272726238949716,0.09417327462378809,0.49272016229233573,0.23849003415121528,1.0,0.20390806006406056,0.225870285356504,0.1503369996033999,0.19282434362206338,0.22240946591812183,0.21312099682935576
0.07890729233677235,0.0609713694811079,0.09482232928852326,0.2529687863530511,0.11608519046639863,0.4127616313300775,0.0936976431535326,0.3738412248312764,0.023682682303820205,0.18389110164610722,0.16332293763162153,0.6673306587379935,0.20390806006406056,1.0,-0.1380519295562982,0.21991307277913424,0.09624019366686491,0.2649627838493656,0.15471449050739003
0.19296044719490396,0.10647701626953048,-0.029168113514632544,-0.10488459806510331,0.09998672201965549,-0.08648039405960156,0.30135244801355,-0.06360100289191459,0.4704210843318765,0.165092911119316,0.009870699708730052,-0.19406632300340515,0.225870285356504,-0.1380519295562982,1.0,0.6117246752883823,-0.07409482224051105,-0.08282328803482632,0.20760798542716818
0.5250080234798167,0.4264227195597437,-0.04604094770094498,0.051941758816696555,-0.03159883419373885,0.020354940858233327,0.08370314487916058,0.069870016059617,0.3140443434772977,0.28564124954666775,0.03872719595282291,0.08716743339431593,0.1503369996033999,0.21991307277913424,0.6117246752883823,1.0,-0.09544209551641282,-0.00031198460555825004,0.10053444326226421
0.23639779385290943,0.3507438024390667,0.9141367218736687,0.7327514228627541,0.703836113378207,0.4481175287254378,0.2752911785225999,0.16486982252594828,0.04782592097630094,-0.015128758358058263,0.6015812164119506,0.3367150985533167,0.19282434362206338,0.09624019366686491,-0.07409482224051105,-0.09544209551641282,1.0,0.526452978365436,0.2824739484959411
0.0675196909972552,0.07150309165619427,0.4831819940158221,0.5630776647954757,0.6865919141340517,0.7743099565168344,0.45932076466628985,0.529160824208319,0.11024834731631138,0.2958028259806409,0.3603172329764226,0.40275827154936705,0.22240946591812183,0.2649627838493656,-0.08282328803482632,-0.00031198460555825004,0.526452978365436,1.0,0.5119215396797625
-0.0978515679601714,-0.25487172113725104,0.21962269444170296,0.11872489134685528,0.5036998546161263,0.4759651065667092,0.8626944295381891,0.7614779400700071,0.5448138770118828,0.5206986855714368,0.11640206381421461,0.1432837565108072,0.21312099682935576,0.15471449050739003,0.20760798542716818,0.10053444326226421,0.2824739484959411,0.5119215396797625,1.0
