0,1,2,3,4,5,6,7,8,9,10,11,12,13,14,15,16,17,18
1.0,-0.47525175963160177,0.7117106540243932,-0.6439121401830142,0.6482259813591306,0.5241114224070702,0.5418832421540432,0.49593753526868317,0.4951046108276398,0.5563206188673119,0.7575964309463054,0.7215021287534097,0.6611740337968383,0.6524604527258144,0.6970050757496995,0.6771226906969805,0.6889927585009691,0.5426438371397189,0.5415656933503493
-0.47525175963160177,1.0,-0.5271126294451898,0.9472859371973215,-0.601047497080076,-0.6043432042376982,-0.6370399126271463,-0.7125771511464037,-0.6801365089746049,-0.7562990796939515,-0.5926953392618863,-0.6450750466236946,-0.5644872921222999,-0.6921501743784494,-0.7486344110271886,-0.6905342726902844,-0.5834971561661995,-0.6027555744547501,-0.6622939522491229
0.7117106540243932,-0.5271126294451898,1.0,-0.5096552011159532,0.8643781623290449,0.6902246149019331,0.6189046933590502,0.5718115102821179,0.4847310368603786,0.5394236529541757,0.8859570479829765,0.7752917744888467,0.5949313210311945,0.6323973084298731,0.6223878917615107,0.5216131465392971,0.9092866248361359,0.7359055911332609,0.6051530511522925
-0.6439121401830142,0.9472859371973215,-0.5096552011159532,1.0,-0.5656754498078933,-0.5060731480728197,-0.6017386348932419,-0.6096640263418267,-0.6675824145971521,-0.687907242660109,-0.6071169345269921,-0.6207063912523898,-0.6072312771950046,-0.6781529451868978,-0.7748640522562742,-0.7240228847349685,-0.5547148618250807,-0.504013215283416,-0.6121972121976428
0.6482259813591306,-0.601047497080076,0.8643781623290449,-0.5656754498078933,1.0,0.768295509308126,0.7696700602836308,0.6868590909829473,0.5397191315105748,0.6105723349564961,0.8526504247581157,0.7823072595393902,0.7554646065470862,0.6869815205836132,0.6993441753412993,0.5961605240381823,0.8095844208898764,0.8392530372906849,0.7406564332586972
0.5241114224070702,-0.6043432042376982,0.6902246149019331,-0.5060731480728197,0.768295509308126,1.0,0.6705972492797404,0.8041536914357948,0.46551175897503555,0.6315981328110208,0.690510804314822,0.7911388294368232,0.5492269846640594,0.7963862159457057,0.582330580916213,0.6199618726578018,0.6980919305518407,0.8484293409968997,0.7128831574654372
0.5418832421540432,-0.6370399126271463,0.6189046933590502,-0.6017386348932419,0.7696700602836308,0.6705972492797404,1.0,0.8100709142134244,0.6952222786387001,0.7317835684187955,0.6513293977919971,0.6394893202999044,0.7201618231032247,0.6524553661753983,0.7712962428706455,0.6290628496513724,0.5837705305135387,0.6612970484232993,0.8923021784347962
0.49593753526868317,-0.7125771511464037,0.5718115102821179,-0.6096640263418267,0.6868590909829473,0.8041536914357948,0.8100709142134244,1.0,0.630424678471133,0.8465805942163829,0.6108436754558049,0.697815905698267,0.5930369076836197,0.7668451020362526,0.6792083472158537,0.7563233554300125,0.5711154761589082,0.7397037180733715,0.868436959182057
0.4951046108276398,-0.6801365089746049,0.4847310368603786,-0.6675824145971521,0.5397191315105748,0.46551175897503555,0.6952222786387001,0.630424678471133,1.0,0.7324249866731324,0.529460542301215,0.555344411146463,0.5772547704931902,0.5709407739232019,0.7242962993137094,0.6097709034638501,0.5852090985507996,0.5058723353270896,0.706371822594797
0.5563206188673119,-0.7562990796939515,0.5394236529541757,-0.687907242660109,0.6105723349564961,0.6315981328110208,0.7317835684187955,0.8465805942163829,0.7324249866731324,1.0,0.6169780935408767,0.646496319656954,0.6139777600029376,0.689213891668111,0.7359538607221009,0.7800131436346295,0.5305230522148486,0.6513148700478426,0.7597610250728258
0.7575964309463054,-0.5926953392618863,0.8859570479829765,-0.6071169345269921,0.8526504247581157,0.690510804314822,0.6513293977919971,0.6108436754558049,0.529460542301215,0.6169780935408767,1.0,0.7794555235742305,0.7028150552094562,0.6598859579996499,0.7044121899330987,0.5865801588444008,0.7959166976446577,0.7268393361819895,0.636080006306161
0.7215021287534097,-0.6450750466236946,0.7752917744888467,-0.6207063912523898,0.7823072595393902,0.7911388294368232,0.6394893202999044,0.697815905698267,0.555344411146463,0.646496319656954,0.7794555235742305,1.0,0.6471268067681025,0.8603598904506488,0.7026071668816948,0.6948189402960304,0.7943196621072292,0.7581894668246929,0.6385388238431792
0.6611740337968383,-0.5644872921222999,0.5949313210311945,-0.6072312771950046,0.7554646065470862,0.5492269846640594,0.7201618231032247,0.5930369076836197,0.5772547704931902,0.6139777600029376,0.7028150552094562,0.6471268067681025,1.0,0.63614753474672,0.7630636520797062,0.6690177950579002,0.5585145189673919,0.5886839841908506,0.6178717914027784
0.6524604527258144,-0.6921501743784494,0.6323973084298731,-0.6781529451868978,0.6869815205836132,0.7963862159457057,0.6524553661753983,0.7668451020362526,0.5709407739232019,0.689213891668111,0.6598859579996499,0.8603598904506488,0.63614753474672,1.0,0.7047779927206104,0.8116948453123056,0.6398004446613688,0.6836662996671984,0.702521297752861
0.6970050757496995,-0.7486344110271886,0.6223878917615107,-0.7748640522562742,0.6993441753412993,0.582330580916213,0.7712962428706455,0.6792083472158537,0.7242962993137094,0.7359538607221009,0.7044121899330987,0.7026071668816948,0.7630636520797062,0.7047779927206104,1.0,0.7642287092834168,0.6026428719528099,0.5845583620514134,0.6951536811651334
0.6771226906969805,-0.6905342726902844,0.5216131465392971,-0.7240228847349685,0.5961605240381823,0.6199618726578018,0.6290628496513724,0.7563233554300125,0.6097709034638501,0.7800131436346295,0.5865801588444008,0.6948189402960304,0.6690177950579002,0.8116948453123056,0.7642287092834168,1.0,0.5105838503658491,0.5701347072899888,0.6563975697051027
0.6889927585009691,-0.5834971561661995,0.9092866248361359,-0.5547148618250807,0.8095844208898764,0.6980919305518407,0.5837705305135387,0.5711154761589082,0.5852090985507996,0.5305230522148486,0.7959166976446577,0.7943196621072292,0.5585145189673919,0.6398004446613688,0.6026428719528099,0.5105838503658491,1.0,0.7431004317263751,0.6175182344845573
0.5426438371397189,-0.6027555744547501,0.7359055911332609,-0.504013215283416,0.8392530372906849,0.8484293409968997,0.6612970484232993,0.7397037180733715,0.5058723353270896,0.6513148700478426,0.7268393361819895,0.7581894668246929,0.5886839841908506,0.6836662996671984,0.5845583620514134,0.5701347072899888,0.7431004317263751,1.0,0.7055533226702015
0.5415656933503493,-0.6622939522491229,0.6051530511522925,-0.6121972121976428,0.7406564332586972,0.7128831574654372,0.8923021784347962,0.868436959182057,0.706371822594797,0.7597610250728258,0.636080006306161,0.6385388238431792,0.6178717914027784,0.702521297752861,0.6951536811651334,0.6563975697051027,0.6175182344845573,0.7055533226702015,1.0
