0,1,2,3,4,5,6,7,8,9,10,11,12,13,14,15,16,17,18
1.0,0.8405559569834022,0.4290069434225337,0.14947015203949648,0.3239190559201497,0.05633373267342467,0.14173783232976325,-0.10872590889074628,0.10763994161798529,-0.08238719998835194,0.3142865416174583,0.2073267479197315,0.29996672454642237,0.023306858280474515,0.2412784983380952,-0.008484937122896167,0.4413930381298263,0.22082412734149154,0.07098017515861707
0.8405559569834022,1.0,0.45231578986965076,0.5678702833010878,0.3074289009209249,0.15947624445357383,0.0212672151112004,-0.2243437029560895,-0.04619200782423105,-0.2372249672168965,0.31931584801975893,0.3645565064342408,0.1658618264525698,0.11180369845728104,0.1640291762540445,0.018730606124646856,0.4786643575565925,0.26199592299719815,-0.07902101861354635
0.4290069434225337,0.45231578986965076,1.0,0.5307944565799376,0.8038728284876693,0.5260825886798561,0.3710511438195885,0.1367079613854109,0.16038938499984645,0.016092298524713194,0.7732871831575338,0.5433158948856538,0.45564921747428444,0.32928869578384834,0.1387991741824768,0.00402154329543115,0.9302688735227929,0.6108747281685009,0.29809192115001554
0.14947015203949648,0.5678702833010878,0.5307944565799376,1.0,0.4290128723585146,0.6010104478806484,0.10823563134226644,0.1521086716757823,-0.06131642449489655,0.07853820182760972,0.37858392196164314,0.676765589078488,0.08043316139134124,0.35828201180552055,0.0010022726030871698,0.13968538198992933,0.5716127469351114,0.5594703177908968,0.062009375495085804
0.3239190559201497,0.3074289009209249,0.8038728284876693,0.4290128723585146,1.0,0.6351831378395252,0.6134141572254962,0.336495349856055,0.24572884518907537,0.14371274590493308,0.6154611482404445,0.47323021869905185,0.5981385601466315,0.3318657081651213,0.17854778092101783,0.05416929729765381,0.7943619620096962,0.7462734611982623,0.5273912924149615
0.05633373267342467,0.15947624445357383,0.5260825886798561,0.6010104478806484,0.6351831378395252,1.0,0.41904813744417896,0.5707072258427947,0.08605381732266214,0.2976034858823715,0.3797412307721924,0.6277440620915369,0.26066163751119353,0.441219626047169,-0.004470073614867029,0.2945986534654401,0.5667490649425685,0.7813201563932491,0.452400164929948
0.14173783232976325,0.0212672151112004,0.3710511438195885,0.10823563134226644,0.6134141572254962,0.41904813744417896,1.0,0.6554261084174883,0.5798398496982344,0.44695842574405004,0.23019979787588896,0.14873300162336475,0.4178794582241361,0.21123472555264278,0.2816404161463139,0.16673959086919646,0.35509954358118484,0.473788387180581,0.8757443369358725
-0.10872590889074628,-0.2243437029560895,0.1367079613854109,0.1521086716757823,0.336495349856055,0.5707072258427947,0.6554261084174883,1.0,0.38555280404313336,0.6937561422240589,0.08812255866184193,0.2313223794245319,0.14377468394538723,0.3282703879709836,0.07288179175881757,0.349970416373958,0.1295999054258918,0.4526896512487647,0.7432183506621169
0.10763994161798529,-0.04619200782423105,0.16038938499984645,-0.06131642449489655,0.24572884518907537,0.08605381732266214,0.5798398496982344,0.38555280404313336,1.0,0.5737238380639119,0.11110334514960989,-0.022305476077646477,0.2220507297625519,0.05643108265344092,0.39635185749119844,0.19114087171404504,0.12406600498629554,0.11881826716054972,0.5449933424200923
-0.08238719998835194,-0.2372249672168965,0.016092298524713194,0.07853820182760972,0.14371274590493308,0.2976034858823715,0.44695842574405004,0.6937561422240589,0.5737238380639119,1.0,0.025207411394612696,0.09663492838144276,0.10431238953116084,0.12098755900196083,0.15339781862985785,0.3599678639663658,0.005787709867836505,0.26873539040308286,0.5084217364705282
0.3142865416174583,0.31931584801975893,0.7732871831575338,0.37858392196164314,0.6154611482404445,0.3797412307721924,0.23019979787588896,0.08812255866184193,0.11110334514960989,0.025207411394612696,1.0,0.46686170154507806,0.5195008165323506,0.28258085749446,0.11822579486543336,-0.026399150505108895,0.6500080133265048,0.41795191200330567,0.14569327301043686
0.2073267479197315,0.3645565064342408,0.5433158948856538,0.676765589078488,0.47323021869905185,0.6277440620915369,0.14873300162336475,0.2313223794245319,-0.022305476077646477,0.09663492838144276,0.46686170154507806,1.0,0.27866929464806084,0.49275029591507713,-0.14595109290041197,0.0991013467928092,0.5950078493094987,0.5259752146003719,0.10385455407852695
0.29996672454642237,0.1658618264525698,0.45564921747428444,0.08043316139134124,0.5981385601466315,0.26066163751119353,0.4178794582241361,0.14377468394538723,0.2220507297625519,0.10431238953116084,0.5195008165323506,0.27866929464806084,1.0,0.1701457987107371,0.22019288095975714,0.03068709760589194,0.412821954216865,0.379634819624413,0.2401953720612795
0.023306858280474515,0.11180369845728104,0.32928869578384834,0.35828201180552055,0.3318657081651213,0.441219626047169,0.21123472555264278,0.3282703879709836,0.05643108265344092,0.12098755900196083,0.28258085749446,0.49275029591507713,0.1701457987107371,1.0,0.030817078499279834,0.10732475535154815,0.3179955359252551,0.33487412727709254,0.1965622384738634
0.2412784983380952,0.1640291762540445,0.1387991741824768,0.0010022726030871698,0.17854778092101783,-0.004470073614867029,0.2816404161463139,0.07288179175881757,0.39635185749119844,0.15339781862985785,0.11822579486543336,-0.14595109290041197,0.22019288095975714,0.030817078499279834,1.0,0.46539052344228465,0.06269021150609369,0.03271235441418654,0.2160226565905834
-0.008484937122896167,0.018730606124646856,0.00402154329543115,0.13968538198992933,0.05416929729765381,0.2945986534654401,0.16673959086919646,0.349970416373958,0.19114087171404504,0.3599678639663658,-0.026399150505108895,0.0991013467928092,0.03068709760589194,0.10732475535154815,0.46539052344228465,1.0,-0.015104669332621827,0.15662345163541622,0.21856295622144942
0.4413930381298263,0.4786643575565925,0.9302688735227929,0.5716127469351114,0.7943619620096962,0.5667490649425685,0.35509954358118484,0.1295999054258918,0.12406600498629554,0.005787709867836505,0.6500080133265048,0.5950078493094987,0.412821954216865,0.3179955359252551,0.06269021150609369,-0.015104669332621827,1.0,0.6492590268558258,0.3100075686492015
0.22082412734149154,0.26199592299719815,0.6108747281685009,0.5594703177908968,0.7462734611982623,0.7813201563932491,0.473788387180581,0.4526896512487647,0.11881826716054972,0.26873539040308286,0.41795191200330567,0.5259752146003719,0.379634819624413,0.33487412727709254,0.03271235441418654,0.15662345163541622,0.6492590268558258,1.0,0.44924153476849044
0.07098017515861707,-0.07902101861354635,0.29809192115001554,0.062009375495085804,0.5273912924149615,0.452400164929948,0.8757443369358725,0.7432183506621169,0.5449933424200923,0.5084217364705282,0.14569327301043686,0.10385455407852695,0.2401953720612795,0.1965622384738634,0.2160226565905834,0.21856295622144942,0.3100075686492015,0.44924153476849044,1.0
