0,1,2,3,4,5,6,7,8,9,10,11,12,13,14,15,16,17,18
1.0,0.44822065444827813,0.6659955892722227,0.38914461022329966,0.2229911313179442,0.13435078793055658,-0.41625683087291804,-0.4681967649531705,-0.3611253904713426,-0.2695918656620998,0.7758875610360267,0.26269658426457493,0.41230825761074613,-0.024557813289917622,-0.17785861605492773,-0.3759248212562611,0.8349605276818232,0.18051879246832866,-0.34177660498809015
0.44822065444827813,1.0,0.23395893181889948,0.38250496380989707,0.10759150575583515,0.07897762442040795,-0.40023535938380295,-0.48995335804016227,-0.5180235099737108,-0.43029369383494515,0.1700980684168776,0.820051010523296,0.0698363296039989,0.3228084422425177,-0.33560793167960706,-0.4361061181801153,0.6148869748938396,-0.007394821389197343,-0.3590770586193421
0.6659955892722227,0.23395893181889948,1.0,0.49755055165147133,0.5802217446658324,0.33251432837314776,-0.3215542108418852,-0.38507789419176336,-0.46019883241581666,-0.2980499226713513,0.46755118636527515,0.02921979777511185,0.4897785731007621,-0.18485480197697823,-0.2453453006941754,-0.48592758582873236,0.5715169064292853,0.47281966239330026,-0.24854678869170008
0.38914461022329966,0.38250496380989707,0.49755055165147133,1.0,0.2930976766556705,0.6128509604142012,-0.4072785420697279,-0.42269103646310424,-0.5681456296091281,-0.4869426034053587,0.19701927766164345,0.18358954842079622,0.012450387000019747,0.08874818039435513,-0.3559388944463544,-0.5406670185144874,0.41242683363312327,0.4973496835332499,-0.4262531862788704
0.2229911313179442,0.10759150575583515,0.5802217446658324,0.2930976766556705,1.0,0.27079597111833387,-0.19449774624679242,-0.3335485160838091,-0.37489991789961846,-0.26337204304118983,0.1539943926322629,0.00743270389581031,0.33522468429850744,-0.08781730461233582,-0.2470047181669459,-0.3978332233544745,0.20573362784355112,0.4277237641808365,-0.15132900927540188
0.13435078793055658,0.07897762442040795,0.33251432837314776,0.6128509604142012,0.27079597111833387,1.0,-0.11530565172074432,-0.05699527338055058,-0.4721695342732295,-0.5251854938540652,0.03271255448963642,-0.07142201238138075,-0.061074847611959526,0.23340217512236164,-0.20327025685594177,-0.42049728051968943,0.1615054000858785,0.6277058781797157,-0.11467197840618082
-0.41625683087291804,-0.40023535938380295,-0.3215542108418852,-0.4072785420697279,-0.19449774624679242,-0.11530565172074432,1.0,0.5397738776557599,0.4644040888560206,0.18294731569300832,-0.28804837574212294,-0.3075954094850845,-0.1253170055967764,-0.017210034496116067,0.557712662961652,0.21726517625590258,-0.3831216310795699,-0.2351331370574673,0.6489802469751055
-0.4681967649531705,-0.48995335804016227,-0.38507789419176336,-0.42269103646310424,-0.3335485160838091,-0.05699527338055058,0.5397738776557599,1.0,0.17507206147719953,0.1998792263873925,-0.35958466625604196,-0.45102952701520377,-0.22908770665367584,-0.029957032692760073,0.07591059326546315,0.27200016816371114,-0.42648102677945715,-0.19397020299082682,0.7307460431193217
-0.3611253904713426,-0.5180235099737108,-0.46019883241581666,-0.5681456296091281,-0.37489991789961846,-0.4721695342732295,0.4644040888560206,0.17507206147719953,1.0,0.40647343316441154,-0.24940228603248338,-0.38851464853953527,-0.2604539507299329,-0.3088308396190339,0.42224045521251,0.34686734261722374,-0.3335993978389566,-0.4686269436692085,0.2902902462585749
-0.2695918656620998,-0.43029369383494515,-0.2980499226713513,-0.4869426034053587,-0.26337204304118983,-0.5251854938540652,0.18294731569300832,0.1998792263873925,0.40647343316441154,1.0,-0.15911081279534,-0.35814384906462826,-0.11907529754152273,-0.26988132328090947,0.12173443971282195,0.40024316174958746,-0.28281821863781564,-0.4661043311162152,0.20142277466565436
0.7758875610360267,0.1700980684168776,0.46755118636527515,0.19701927766164345,0.1539943926322629,0.03271255448963642,-0.28804837574212294,-0.35958466625604196,-0.24940228603248338,-0.15911081279534,1.0,0.001307184275057684,0.5824436774534285,-0.03253771859239163,0.02970829203923867,-0.20951756062790342,0.49838535744188367,0.13761981488706307,-0.33547655933832154
0.26269658426457493,0.820051010523296,0.02921979777511185,0.18358954842079622,0.00743270389581031,-0.07142201238138075,-0.3075954094850845,-0.45102952701520377,-0.38851464853953527,-0.35814384906462826,0.001307184275057684,1.0,0.09898955952520827,0.5743656200544436,-0.18932675471019916,-0.20158886071934468,0.4109286788842247,-0.17239635599515854,-0.2769962071961149
0.41230825761074613,0.0698363296039989,0.4897785731007621,0.012450387000019747,0.33522468429850744,-0.061074847611959526,-0.1253170055967764,-0.22908770665367584,-0.2604539507299329,-0.11907529754152273,0.5824436774534285,0.09898955952520827,1.0,0.14333289312662903,0.07076447055518582,-0.15675829463886606,0.20974371699474004,0.1267213099556853,-0.08312790593332624
-0.024557813289917622,0.3228084422425177,-0.18485480197697823,0.08874818039435513,-0.08781730461233582,0.23340217512236164,-0.017210034496116067,-0.029957032692760073,-0.3088308396190339,-0.26988132328090947,-0.03253771859239163,0.5743656200544436,0.14333289312662903,1.0,-0.04317450424905364,0.0865313024112997,0.0676909760475836,-0.1467574637482211,-0.0033464249738096494
-0.17785861605492773,-0.33560793167960706,-0.2453453006941754,-0.3559388944463544,-0.2470047181669459,-0.20327025685594177,0.557712662961652,0.07591059326546315,0.42224045521251,0.12173443971282195,0.02970829203923867,-0.18932675471019916,0.07076447055518582,-0.04317450424905364,1.0,0.23535699453822193,-0.2631227394988694,-0.29057758214576856,0.0729165317964275
-0.3759248212562611,-0.4361061181801153,-0.48592758582873236,-0.5406670185144874,-0.3978332233544745,-0.42049728051968943,0.21726517625590258,0.27200016816371114,0.34686734261722374,0.40024316174958746,-0.20951756062790342,-0.20158886071934468,-0.15675829463886606,0.0865313024112997,0.23535699453822193,1.0,-0.38318435597098655,-0.5261063444097329,0.12476835851136356
0.8349605276818232,0.6148869748938396,0.5715169064292853,0.41242683363312327,0.20573362784355112,0.1615054000858785,-0.3831216310795699,-0.42648102677945715,-0.3335993978389566,-0.28281821863781564,0.49838535744188367,0.4109286788842247,0.20974371699474004,0.0676909760475836,-0.2631227394988694,-0.38318435597098655,1.0,0.09872024694045557,-0.2534396749040464
0.18051879246832866,-0.007394821389197343,0.47281966239330026,0.4973496835332499,0.4277237641808365,0.6277058781797157,-0.2351331370574673,-0.19397020299082682,-0.4686269436692085,-0.4661043311162152,0.13761981488706307,-0.17239635599515854,0.1267213099556853,-0.1467574637482211,-0.29057758214576856,-0.5261063444097329,0.09872024694045557,1.0,-0.1496497861397929
-0.34177660498809015,-0.3590770586193421,-0.24854678869170008,-0.4262531862788704,-0.15132900927540188,-0.11467197840618082,0.6489802469751055,0.7307460431193217,0.2902902462585749,0.20142277466565436,-0.33547655933832154,-0.2769962071961149,-0.08312790593332624,-0.0033464249738096494,0.0729165317964275,0.12476835851136356,-0.2534396749040464,-0.1496497861397929,1.0
