0,1,2,3,4,5,6,7,8,9,10,11,12,13,14,15,16,17,18
1.0,0.5818509507793883,0.5298285927508866,0.32467038649782337,0.33262118960210657,0.022866398598609724,-0.19606724136401488,-0.4646626463524786,-0.31665526700571645,-0.3268603293274906,0.8659739503818823,0.34628276761525906,0.3674506755618404,0.031028692759328822,-0.2331683574619631,-0.502371396798667,0.8729959476623835,-0.01867060477426944,-0.18398479533275433
0.5818509507793883,1.0,-0.07112651207555501,0.4891762584998207,-0.21878937751737032,0.07340684231349377,-0.4822886015960196,-0.4334131283742543,-0.6357868489171992,-0.43402336789185536,0.44872004556489553,0.7821032816150555,-0.17180936874163233,0.1706599024108116,-0.47208602886645096,-0.5121394064510609,0.49524459032512724,-0.00921046546752126,-0.5413392540271478
0.5298285927508866,-0.07112651207555501,1.0,0.22759409847420645,0.9339848883293982,0.14679940159346921,0.27310631943407687,-0.3997994066045097,-0.023595288927001825,-0.2663676019340363,0.47098642831891,-0.03607114792765226,0.8202983657319609,0.06126520002638193,0.18270414487625408,-0.36256727275950246,0.6231642454606825,0.23162142205024833,0.23075564488273034
0.32467038649782337,0.4891762584998207,0.22759409847420645,1.0,0.11730739005559865,0.6618645250378028,-0.37169656688359326,-0.4224328061166667,-0.6195149250841421,-0.4779435607974138,0.22742840867420056,0.27823721731229334,-0.025494441578907446,0.25997705859751036,-0.4113845455166944,-0.5178560474233455,0.35738548516795293,0.48206816346211795,-0.398538588923069
0.33262118960210657,-0.21878937751737032,0.9339848883293982,0.11730739005559865,1.0,0.13448310550437478,0.43824302348162164,-0.3314319333620552,0.06941821430946295,-0.23307803241881278,0.30483184592720414,-0.1331896481894694,0.8394069287350774,0.05644767268527785,0.3404235048246308,-0.2892128381050141,0.4494539714544713,0.2708334306041039,0.32262290400463867
0.022866398598609724,0.07340684231349377,0.14679940159346921,0.6618645250378028,0.13448310550437478,1.0,-0.1892685134556526,-0.12658348654960194,-0.46909427590301717,-0.4144165755208483,0.013158763852357301,-0.036032798709259205,0.030210671615737653,0.4264760339146328,-0.2340736255476429,-0.32261997223145683,0.06854701815630748,0.6609399292495722,-0.14154157941401654
-0.19606724136401488,-0.4822886015960196,0.27310631943407687,-0.37169656688359326,0.43824302348162164,-0.1892685134556526,1.0,0.18763257823941892,0.4452073671648423,0.15381729218927348,-0.11058664815162696,-0.3398705421137514,0.44961997606447324,-0.08430638302821743,0.6838973738008755,0.13661948793639825,-0.10716822226298664,-0.06505617352415612,0.6343706071500814
-0.4646626463524786,-0.4334131283742543,-0.3997994066045097,-0.4224328061166667,-0.3314319333620552,-0.12658348654960194,0.18763257823941892,1.0,0.11081416389202871,0.28561135306178537,-0.39484031344719017,-0.3750485577815612,-0.28268309562094285,-0.08508374706002668,-0.06527727518263426,0.3432828394493461,-0.4384930092116813,-0.15352195534730254,0.5584965508647401
-0.31665526700571645,-0.6357868489171992,-0.023595288927001825,-0.6195149250841421,0.06941821430946295,-0.46909427590301717,0.4452073671648423,0.11081416389202871,1.0,0.3574751087118973,-0.30083088930697344,-0.4538104923361975,0.0729775458802637,-0.27454436087804485,0.43255143084024594,0.3694038456305633,-0.21253090117755022,-0.41493932062521766,0.3925172099991182
-0.3268603293274906,-0.43402336789185536,-0.2663676019340363,-0.4779435607974138,-0.23307803241881278,-0.4144165755208483,0.15381729218927348,0.28561135306178537,0.3574751087118973,1.0,-0.2954666308644276,-0.37528289670477816,-0.20074434806727545,-0.30733723057252715,0.10257199625463932,0.3857301123119545,-0.31959270686486185,-0.4115710379688358,0.19518553371558756
0.8659739503818823,0.44872004556489553,0.47098642831891,0.22742840867420056,0.30483184592720414,0.013158763852357301,-0.11058664815162696,-0.39484031344719017,-0.30083088930697344,-0.2954666308644276,1.0,0.09767689816798071,0.47490054241663404,0.011908388540070926,-0.10193419505331325,-0.42992589379624724,0.6614038066088299,0.04394344913334687,-0.19129088789228868
0.34628276761525906,0.7821032816150555,-0.03607114792765226,0.27823721731229334,-0.1331896481894694,-0.036032798709259205,-0.3398705421137514,-0.3750485577815612,-0.4538104923361975,-0.37528289670477816,0.09767689816798071,1.0,-0.13285695467781525,0.36578362689951915,-0.31719199183596875,-0.31942480222862996,0.40194916094151084,-0.1521994177719912,-0.3425827019283797
0.3674506755618404,-0.17180936874163233,0.8202983657319609,-0.025494441578907446,0.8394069287350774,0.030210671615737653,0.44961997606447324,-0.28268309562094285,0.0729775458802637,-0.20074434806727545,0.47490054241663404,-0.13285695467781525,1.0,0.137587413784205,0.4549560958548808,-0.270482386384769,0.39005265293156066,0.10631211178722347,0.3033106867050282
0.031028692759328822,0.1706599024108116,0.06126520002638193,0.25997705859751036,0.05644767268527785,0.4264760339146328,-0.08430638302821743,-0.08508374706002668,-0.27454436087804485,-0.30733723057252715,0.011908388540070926,0.36578362689951915,0.137587413784205,1.0,-0.0693866482260608,-0.09326163266798666,0.12228987630129606,0.09822871447290685,-0.025475740191855556
-0.2331683574619631,-0.47208602886645096,0.18270414487625408,-0.4113845455166944,0.3404235048246308,-0.2340736255476429,0.6838973738008755,-0.06527727518263426,0.43255143084024594,0.10257199625463932,-0.10193419505331325,-0.31719199183596875,0.4549560958548808,-0.0693866482260608,1.0,0.13005190299743524,-0.20805467206010148,-0.13160753015986218,0.27913730374850015
-0.502371396798667,-0.5121394064510609,-0.36256727275950246,-0.5178560474233455,-0.2892128381050141,-0.32261997223145683,0.13661948793639825,0.3432828394493461,0.3694038456305633,0.3857301123119545,-0.42992589379624724,-0.31942480222862996,-0.270482386384769,-0.09326163266798666,0.13005190299743524,1.0,-0.5094394999109569,-0.40529657309246625,0.14129955545465225
0.8729959476623835,0.49524459032512724,0.6231642454606825,0.35738548516795293,0.4494539714544713,0.06854701815630748,-0.10716822226298664,-0.4384930092116813,-0.21253090117755022,-0.31959270686486185,0.6614038066088299,0.40194916094151084,0.39005265293156066,0.12228987630129606,-0.20805467206010148,-0.5094394999109569,1.0,0.012635314045870222,-0.010284184129631323
-0.01867060477426944,-0.00921046546752126,0.23162142205024833,0.48206816346211795,0.2708334306041039,0.6609399292495722,-0.06505617352415612,-0.15352195534730254,-0.41493932062521766,-0.4115710379688358,0.04394344913334687,-0.1521994177719912,0.10631211178722347,0.09822871447290685,-0.13160753015986218,-0.40529657309246625,0.012635314045870222,1.0,-0.11120340898866711
-0.18398479533275433,-0.5413392540271478,0.23075564488273034,-0.398538588923069,0.32262290400463867,-0.14154157941401654,0.6343706071500814,0.5584965508647401,0.3925172099991182,0.19518553371558756,-0.19129088789228868,-0.3425827019283797,0.3033106867050282,-0.025475740191855556,0.27913730374850015,0.14129955545465225,-0.010284184129631323,-0.11120340898866711,1.0
