0,1,2,3,4,5,6,7,8,9,10,11,12,13,14,15,16,17,18
1.0,0.17715309236554505,0.7644077413532323,0.2059469591232406,0.6242741753450108,0.058053313695102325,0.05523199941252522,-0.3615731620600376,0.037537046372400636,-0.2532544921878905,0.81713878651822,-0.04208193199923894,0.6074296784817582,-0.008921860300325254,0.1799222933378568,-0.28352532135460806,0.8828487854398093,-0.0788238569778776,0.08113329766776056
0.17715309236554505,1.0,-0.07515892705043004,0.46795967647025855,-0.15423706720321545,0.20964961997188467,-0.37974461521302966,-0.4697986243009034,-0.5297659136119843,-0.4853233317834581,-0.09652035541138526,0.8156174078271717,-0.16594875912370416,0.34619742265785297,-0.39747085932165327,-0.4086020781757264,0.2545876208049716,0.11965879691806577,-0.47253554230715905
0.7644077413532323,-0.07515892705043004,1.0,0.25776767296271863,0.9308447301546452,0.14108783448735365,0.18492549802236105,-0.35142770129568063,0.04439920930215569,-0.26940993503022526,0.677742081680551,-0.19545879947861317,0.7863663316431337,-0.07048873140714591,0.27952466356241057,-0.3594496783160211,0.7187271868740784,0.13968942882115162,0.15943494995778063
0.2059469591232406,0.46795967647025855,0.25776767296271863,1.0,0.17149910486209607,0.6726820223975654,-0.344945873272043,-0.49756021429594643,-0.533620747047333,-0.5417488241646496,0.1219594871582532,0.2745706507150193,0.13331554869828613,0.4076120740504574,-0.2986808719216666,-0.493658762672121,0.2600092408404619,0.5244165056473586,-0.3953563888640644
0.6242741753450108,-0.15423706720321545,0.9308447301546452,0.17149910486209607,1.0,0.15783277314419694,0.2927503377728797,-0.26795596653952036,0.05032141861580382,-0.26169238337737033,0.570928037430682,-0.216464372073283,0.7623157499779257,-0.029258332780023773,0.32553137231340074,-0.32648219381666316,0.6074243925760752,0.1794022143147834,0.24161750976139032
0.058053313695102325,0.20964961997188467,0.14108783448735365,0.6726820223975654,0.15783277314419694,1.0,-0.2902204851296424,-0.14767138192143114,-0.6227634391460032,-0.4832154163323463,-0.0002647303220267098,0.11838995819916504,-0.014922029779373742,0.42205374687260383,-0.38281220690166096,-0.35274693307520183,0.08254201284220579,0.6903097186708813,-0.16214340053473272
0.05523199941252522,-0.37974461521302966,0.18492549802236105,-0.344945873272043,0.2927503377728797,-0.2902204851296424,1.0,0.2346474885709298,0.5528843405390736,0.14357033733996583,0.1577297336190768,-0.30083518160901984,0.35276961043528515,-0.0791919060675449,0.622761018337047,0.11579979516493787,0.07220814790676312,-0.3267737307294759,0.6675289795280772
-0.3615731620600376,-0.4697986243009034,-0.35142770129568063,-0.49756021429594643,-0.26795596653952036,-0.14767138192143114,0.2346474885709298,1.0,0.027639394108912703,0.31138313965461567,-0.17934976164436287,-0.4144992896374637,-0.26025996029349635,-0.20478061840840756,-0.10106623298881975,0.25998477025715794,-0.34761646516322103,-0.19324921705723536,0.5968732812837299
0.037537046372400636,-0.5297659136119843,0.04439920930215569,-0.533620747047333,0.05032141861580382,-0.6227634391460032,0.5528843405390736,0.027639394108912703,1.0,0.342407190329863,0.1008267635796182,-0.41329110756725673,0.15988207249896882,-0.3409237897482593,0.5512210364880233,0.27666768273490583,0.05646201801665706,-0.5662353943668238,0.3532485700127219
-0.2532544921878905,-0.4853233317834581,-0.26940993503022526,-0.5417488241646496,-0.26169238337737033,-0.4832154163323463,0.14357033733996583,0.31138313965461567,0.342407190329863,1.0,-0.15851235164837557,-0.3834361047587149,-0.22385228081103095,-0.40426703010649456,0.08120589465635317,0.3898111176931124,-0.2830045248096364,-0.42405934241040266,0.19878233068484444
0.81713878651822,-0.09652035541138526,0.677742081680551,0.1219594871582532,0.570928037430682,-0.0002647303220267098,0.1577297336190768,-0.17934976164436287,0.1008267635796182,-0.15851235164837557,1.0,-0.3703402182975274,0.7619587378959843,-0.06032982954669254,0.29656737643197045,-0.2036198052280226,0.6355595132005488,-0.04162489267928079,0.13569799255798617
-0.04208193199923894,0.8156174078271717,-0.19545879947861317,0.2745706507150193,-0.216464372073283,0.11838995819916504,-0.30083518160901984,-0.4144992896374637,-0.41329110756725673,-0.3834361047587149,-0.3703402182975274,1.0,-0.2889710019517859,0.5080342656999263,-0.2845343764349617,-0.19920427134782215,0.10318661149423503,-0.037141456065727343,-0.40222637236665654
0.6074296784817582,-0.16594875912370416,0.7863663316431337,0.13331554869828613,0.7623157499779257,-0.014922029779373742,0.35276961043528515,-0.26025996029349635,0.15988207249896882,-0.22385228081103095,0.7619587378959843,-0.2889710019517859,1.0,0.016652053051283373,0.46992342587766,-0.24778017387498405,0.49308767794285074,0.009387488169673656,0.16624573352762445
-0.008921860300325254,0.34619742265785297,-0.07048873140714591,0.4076120740504574,-0.029258332780023773,0.42205374687260383,-0.0791919060675449,-0.20478061840840756,-0.3409237897482593,-0.40426703010649456,-0.06032982954669254,0.5080342656999263,0.016652053051283373,1.0,-0.07803409644801454,0.01025479336255126,0.09120659952940825,0.04118277072608488,-0.19172295856205762
0.1799222933378568,-0.39747085932165327,0.27952466356241057,-0.2986808719216666,0.32553137231340074,-0.38281220690166096,0.622761018337047,-0.10106623298881975,0.5512210364880233,0.08120589465635317,0.29656737643197045,-0.2845343764349617,0.46992342587766,-0.07803409644801454,1.0,0.12359731686131274,0.14894628924723693,-0.3430029845438764,0.2536086736565115
-0.28352532135460806,-0.4086020781757264,-0.3594496783160211,-0.493658762672121,-0.32648219381666316,-0.35274693307520183,0.11579979516493787,0.25998477025715794,0.27666768273490583,0.3898111176931124,-0.2036198052280226,-0.19920427134782215,-0.24778017387498405,0.01025479336255126,0.12359731686131274,1.0,-0.29954151984882654,-0.46508781561963813,0.10297534628645869
0.8828487854398093,0.2545876208049716,0.7187271868740784,0.2600092408404619,0.6074243925760752,0.08254201284220579,0.07220814790676312,-0.34761646516322103,0.05646201801665706,-0.2830045248096364,0.6355595132005488,0.10318661149423503,0.49308767794285074,0.09120659952940825,0.14894628924723693,-0.29954151984882654,1.0,-0.12064500780801563,0.1324755439938073
-0.0788238569778776,0.11965879691806577,0.13968942882115162,0.5244165056473586,0.1794022143147834,0.6903097186708813,-0.3267737307294759,-0.19324921705723536,-0.5662353943668238,-0.42405934241040266,-0.04162489267928079,-0.037141456065727343,0.009387488169673656,0.04118277072608488,-0.3430029845438764,-0.46508781561963813,-0.12064500780801563,1.0,-0.27672656572163473
0.08113329766776056,-0.47253554230715905,0.15943494995778063,-0.3953563888640644,0.24161750976139032,-0.16214340053473272,0.6675289795280772,0.5968732812837299,0.3532485700127219,0.19878233068484444,0.13569799255798617,-0.40222637236665654,0.16624573352762445,-0.19172295856205762,0.2536086736565115,0.10297534628645869,0.1324755439938073,-0.27672656572163473,1.0
