0,1,2,3,4,5,6,7,8,9,10,11,12,13,14,15,16,17,18
1.0,0.45329307935346874,0.7757391122744013,0.453291239513617,0.4122077095040355,0.29015714479203925,0.2510457401296995,0.20655369601790538,0.09619242570270663,0.019402397156276077,0.7181368572082679,0.4240229759988189,0.28372681605589856,0.2654929079633063,0.16744813906067355,0.17035616846678892,0.572246198863885,0.26184635866329337,0.26217851903253514
0.45329307935346874,1.0,0.2462245797883253,0.14444892714755778,-0.1506928684001345,0.41289580974797224,-0.4418228538024155,0.6938110853511057,-0.034512560716852575,0.6118274586477168,0.3789258558526227,0.7885293713158626,-0.4097446939253215,0.11841591271496602,-0.5393901449865672,-0.27548764584825663,-0.008812455297226296,0.6572888911044473,-0.21001710853873753
0.7757391122744013,0.2462245797883253,1.0,0.7577353300935906,0.4365406232700928,0.5490635963924085,0.47307772293715933,0.25426154109134835,0.014721152511817114,-0.054759357365251136,0.8601764760825897,0.4579607671815089,0.656735142057958,0.5392516945195548,0.48256597696001596,0.4416352455194321,0.8441154528328414,0.4249174926999489,0.4930385194807356
0.453291239513617,0.14444892714755778,0.7577353300935906,1.0,0.5077373073751411,0.8142859431352029,0.6259811914201058,0.4034948244537855,-0.016287782666915336,0.002858393800188636,0.7773640619725082,0.4449711184435061,0.7696908372145083,0.8245255913389514,0.648099635991726,0.7211164133405226,0.8845229353013164,0.5099985607362153,0.5384798459345503
0.4122077095040355,-0.1506928684001345,0.4365406232700928,0.5077373073751411,1.0,0.3072366946826663,0.7592109480356604,0.07904205294547492,0.416516642998714,-0.16175172987394304,0.31125138631980154,0.04997506932416263,0.5144512784052097,0.40722012706034877,0.45217102596351844,0.3963568350561675,0.58507239607328,0.17271736087158418,0.6627346217395562
0.29015714479203925,0.41289580974797224,0.5490635963924085,0.8142859431352029,0.3072366946826663,1.0,0.33060997055232516,0.8121624472468545,0.07171250481164736,0.4408564176780905,0.7025654033801312,0.643947585217382,0.4104570252091403,0.7943487778779434,0.2588267243454112,0.4945670484160706,0.5900024104458785,0.7732174332900521,0.4512396513505139
0.2510457401296995,-0.4418228538024155,0.47307772293715933,0.6259811914201058,0.7592109480356604,0.33060997055232516,1.0,-0.06793129065102552,0.4179589897260301,-0.2759146162750282,0.3560207866122141,-0.07992899689355339,0.8398051345812597,0.5396683791688931,0.845215192717783,0.7257547798124424,0.682840227287218,-0.02069596789535778,0.8398822080179352
0.20655369601790538,0.6938110853511057,0.25426154109134835,0.4034948244537855,0.07904205294547492,0.8121624472468545,-0.06793129065102552,1.0,0.19553820273160516,0.7857268645067399,0.4131458212326969,0.7125812845014406,-0.11899931688338826,0.5047955679441121,-0.2392979106719896,0.10336497007962944,0.12729664825956494,0.8487200494143837,0.22081515702321194
0.09619242570270663,-0.034512560716852575,0.014721152511817114,-0.016287782666915336,0.416516642998714,0.07171250481164736,0.4179589897260301,0.19553820273160516,1.0,0.3741401763581918,-0.07350670509781075,-0.00044101612398104133,0.026493062720537076,0.08731601227329126,0.13253707536412965,0.14697107892515027,0.016858623437265473,0.04402065489435236,0.5324862935366486
0.019402397156276077,0.6118274586477168,-0.054759357365251136,0.002858393800188636,-0.16175172987394304,0.4408564176780905,-0.2759146162750282,0.7857268645067399,0.3741401763581918,1.0,0.10598831647104101,0.4794491721781703,-0.39229968216741623,0.13395475398014894,-0.4212397048738612,-0.03206517103540389,-0.22512294420072537,0.5685238004432289,0.011871537635706093
0.7181368572082679,0.3789258558526227,0.8601764760825897,0.7773640619725082,0.31125138631980154,0.7025654033801312,0.3560207866122141,0.4131458212326969,-0.07350670509781075,0.10598831647104101,1.0,0.5514932509274943,0.5869722601340192,0.6354138289378589,0.4042764739355406,0.4718664609521402,0.7676218966013897,0.508908161175252,0.35232909249194866
0.4240229759988189,0.7885293713158626,0.4579607671815089,0.4449711184435061,0.04997506932416263,0.643947585217382,-0.07992899689355339,0.7125812845014406,-0.00044101612398104133,0.4794491721781703,0.5514932509274943,1.0,-0.009314395454379594,0.46729109648997474,-0.1800319477206079,0.03797334308963049,0.3323206783207201,0.6762820592815254,0.08456920906782249
0.28372681605589856,-0.4097446939253215,0.656735142057958,0.7696908372145083,0.5144512784052097,0.4104570252091403,0.8398051345812597,-0.11899931688338826,0.026493062720537076,-0.39229968216741623,0.5869722601340192,-0.009314395454379594,1.0,0.6104742440359159,0.9112408157406915,0.781521005762243,0.8216519593583689,0.024576216755848566,0.6539314798924217
0.2654929079633063,0.11841591271496602,0.5392516945195548,0.8245255913389514,0.40722012706034877,0.7943487778779434,0.5396683791688931,0.5047955679441121,0.08731601227329126,0.13395475398014894,0.6354138289378589,0.46729109648997474,0.6104742440359159,1.0,0.5082628708545863,0.6328701790786684,0.6591889899517276,0.5249890248566519,0.5139715470862213
0.16744813906067355,-0.5393901449865672,0.48256597696001596,0.648099635991726,0.45217102596351844,0.2588267243454112,0.845215192717783,-0.2392979106719896,0.13253707536412965,-0.4212397048738612,0.4042764739355406,-0.1800319477206079,0.9112408157406915,0.5082628708545863,1.0,0.7521705962696368,0.6728351837984335,-0.15966471588769343,0.6160126984135567
0.17035616846678892,-0.27548764584825663,0.4416352455194321,0.7211164133405226,0.3963568350561675,0.4945670484160706,0.7257547798124424,0.10336497007962944,0.14697107892515027,-0.03206517103540389,0.4718664609521402,0.03797334308963049,0.781521005762243,0.6328701790786684,0.7521705962696368,1.0,0.6230919486035714,0.09702383970630911,0.5578098385740194
0.572246198863885,-0.008812455297226296,0.8441154528328414,0.8845229353013164,0.58507239607328,0.5900024104458785,0.682840227287218,0.12729664825956494,0.016858623437265473,-0.22512294420072537,0.7676218966013897,0.3323206783207201,0.8216519593583689,0.6591889899517276,0.6728351837984335,0.6230919486035714,1.0,0.27254106566416225,0.5824532148050197
0.26184635866329337,0.6572888911044473,0.4249174926999489,0.5099985607362153,0.17271736087158418,0.7732174332900521,-0.02069596789535778,0.8487200494143837,0.04402065489435236,0.5685238004432289,0.508908161175252,0.6762820592815254,0.024576216755848566,0.5249890248566519,-0.15966471588769343,0.09702383970630911,0.27254106566416225,1.0,0.2681033200321483
0.26217851903253514,-0.21001710853873753,0.4930385194807356,0.5384798459345503,0.6627346217395562,0.4512396513505139,0.8398822080179352,0.22081515702321194,0.5324862935366486,0.011871537635706093,0.35232909249194866,0.08456920906782249,0.6539314798924217,0.5139715470862213,0.6160126984135567,0.5578098385740194,0.5824532148050197,0.2681033200321483,1.0
