0,1,2,3,4,5,6,7,8,9,10,11,12,13,14,15,16,17,18
1.0,0.6487045777106422,0.8006587206764205,0.5806763372568198,0.38979502587663506,0.2782627126343406,0.08907607252047031,0.059896176896726265,0.00505055946121661,-0.1573477193412475,0.7420348145364449,0.11399079166633386,0.2158493520386093,0.4236836149433621,0.1868438425087638,-0.02380609058333669,0.6492490910569978,0.2885738859846795,0.11016398624371168
0.6487045777106422,1.0,0.6301113893846081,0.7940658716295415,0.39760470971132894,0.4263436473531043,0.09121566149072287,0.14404645320989184,-0.09530283199611915,-0.03477129922597512,0.4496903130861092,0.1020905997049587,0.19623652257708338,0.29788215116589595,0.0808812834375919,0.06026500061949766,0.5897146830125296,0.4744347805822551,0.01006620565673831
0.8006587206764205,0.6301113893846081,1.0,0.7113301723598636,0.5909715902961936,0.4348926875107068,0.30143923097371744,0.15370699988204362,0.09218293037254069,-0.034958808017045324,0.6061223153674076,0.07532972284823582,0.3640603455090406,0.33557060544626954,0.2749852373100297,0.07899778692866485,0.8148382958047112,0.5198913103593485,0.20799314033102592
0.5806763372568198,0.7940658716295415,0.7113301723598636,1.0,0.5219016928559441,0.6498228380250719,0.28235324188978217,0.3970739768766082,0.10147992950737694,0.20195534689083539,0.43375584444089066,0.07907683690691052,0.24068451722679937,0.42257113107410105,0.25059932694531817,0.26091960144457393,0.7896291934274162,0.6408980455910899,0.2002727748818704
0.38979502587663506,0.39760470971132894,0.5909715902961936,0.5219016928559441,1.0,0.6489046621625227,0.6614716971062996,0.4154247522006058,0.3555277340706218,0.18369715374070933,0.2473447400949039,0.0747053844706395,0.5632529128834594,0.3444104514314069,0.36561345782129956,0.2271571917528952,0.5325553026902546,0.6759210616070337,0.474193713241084
0.2782627126343406,0.4263436473531043,0.4348926875107068,0.6498228380250719,0.6489046621625227,1.0,0.5276154331839578,0.6755112664046047,0.2696199246151482,0.35180953473439047,0.16780269367873574,0.04638988564000898,0.3455407376159971,0.4701396573731551,0.3235814633428937,0.3474707525276002,0.46415118883133855,0.7775629666491874,0.42221603303769334
0.08907607252047031,0.09121566149072287,0.30143923097371744,0.28235324188978217,0.6614716971062996,0.5276154331839578,1.0,0.60583871710682,0.7344292380389353,0.4837350493272939,0.0031624949130428922,0.03485850086766609,0.38601623842085786,0.1577913918301386,0.572909146934959,0.32996838050835114,0.2978634098181723,0.5826117648641922,0.6232670436562873
0.059896176896726265,0.14404645320989184,0.15370699988204362,0.3970739768766082,0.4154247522006058,0.6755112664046047,0.60583871710682,1.0,0.5670961637312989,0.8010354798468261,0.012720804416450227,-0.007260098738753539,0.1199066094242801,0.3616801021836155,0.3962026804416254,0.6167013336152173,0.23039139201250122,0.4920731789936205,0.6353732283953303
0.00505055946121661,-0.09530283199611915,0.09218293037254069,0.10147992950737694,0.3555277340706218,0.2696199246151482,0.7344292380389353,0.5670961637312989,1.0,0.6150240392544545,-0.0696223849155461,0.009853334003677439,0.17931309767711753,0.08470703157425427,0.4978139000418903,0.34027043068088636,0.18225260686551828,0.29851669042698564,0.625966217752853
-0.1573477193412475,-0.03477129922597512,-0.034958808017045324,0.20195534689083539,0.18369715374070933,0.35180953473439047,0.4837350493272939,0.8010354798468261,0.6150240392544545,1.0,-0.12330511172119564,-0.05271256987196685,-0.004613365086783606,0.12053904809546384,0.2900698534243315,0.6030439088981661,0.06544556227370008,0.2810114500915239,0.5157357291065845
0.7420348145364449,0.4496903130861092,0.6061223153674076,0.43375584444089066,0.2473447400949039,0.16780269367873574,0.0031624949130428922,0.012720804416450227,-0.0696223849155461,-0.12330511172119564,1.0,0.09459204132099759,0.458789803352742,0.38660441179717586,0.21254276042501907,0.021074733851341634,0.43628058748651005,0.14859799215447925,-0.026900591097862407
0.11399079166633386,0.1020905997049587,0.07532972284823582,0.07907683690691052,0.0747053844706395,0.04638988564000898,0.03485850086766609,-0.007260098738753539,0.009853334003677439,-0.05271256987196685,0.09459204132099759,1.0,0.593387088962995,0.1977381550526827,-0.06034849605124386,-0.19462936364179156,0.03887880754879587,0.04429158603674366,0.04545176027421757
0.2158493520386093,0.19623652257708338,0.3640603455090406,0.24068451722679937,0.5632529128834594,0.3455407376159971,0.38601623842085786,0.1199066094242801,0.17931309767711753,-0.004613365086783606,0.458789803352742,0.593387088962995,1.0,0.11726266002813523,0.19220206417535496,-0.05255011015438959,0.23226637816200074,0.325878025324351,0.0041459321076590715
0.4236836149433621,0.29788215116589595,0.33557060544626954,0.42257113107410105,0.3444104514314069,0.4701396573731551,0.1577913918301386,0.3616801021836155,0.08470703157425427,0.12053904809546384,0.38660441179717586,0.1977381550526827,0.11726266002813523,1.0,0.3634948652757891,0.33581459667274366,0.2916109590136465,0.28618847615933085,0.3539659043227611
0.1868438425087638,0.0808812834375919,0.2749852373100297,0.25059932694531817,0.36561345782129956,0.3235814633428937,0.572909146934959,0.3962026804416254,0.4978139000418903,0.2900698534243315,0.21254276042501907,-0.06034849605124386,0.19220206417535496,0.3634948652757891,1.0,0.4090381178877404,0.20734265849031788,0.30057454285302737,0.33765379172748344
-0.02380609058333669,0.06026500061949766,0.07899778692866485,0.26091960144457393,0.2271571917528952,0.3474707525276002,0.32996838050835114,0.6167013336152173,0.34027043068088636,0.6030439088981661,0.021074733851341634,-0.19462936364179156,-0.05255011015438959,0.33581459667274366,0.4090381178877404,1.0,0.09702189664875698,0.19936688285826984,0.35463411752066987
0.6492490910569978,0.5897146830125296,0.8148382958047112,0.7896291934274162,0.5325553026902546,0.46415118883133855,0.2978634098181723,0.23039139201250122,0.18225260686551828,0.06544556227370008,0.43628058748651005,0.03887880754879587,0.23226637816200074,0.2916109590136465,0.20734265849031788,0.09702189664875698,1.0,0.561924437825996,0.29276640827166833
0.2885738859846795,0.4744347805822551,0.5198913103593485,0.6408980455910899,0.6759210616070337,0.7775629666491874,0.5826117648641922,0.4920731789936205,0.29851669042698564,0.2810114500915239,0.14859799215447925,0.04429158603674366,0.325878025324351,0.28618847615933085,0.30057454285302737,0.19936688285826984,0.561924437825996,1.0,0.45081010724255893
0.11016398624371168,0.01006620565673831,0.20799314033102592,0.2002727748818704,0.474193713241084,0.42221603303769334,0.6232670436562873,0.6353732283953303,0.625966217752853,0.5157357291065845,-0.026900591097862407,0.04545176027421757,0.0041459321076590715,0.3539659043227611,0.33765379172748344,0.35463411752066987,0.29276640827166833,0.45081010724255893,1.0
