0,1,2,3,4,5,6,7,8,9,10,11,12,13,14,15,16,17,18
1.0,0.5598665898759937,0.7552000965368937,0.5256970396159293,0.3822247021378134,0.34849489400298606,0.25519192305772387,0.17685999310926814,0.05555035283337615,-0.04563520957416018,0.7371316880856852,0.304451956431182,0.30113436250535647,0.09634267321182613,-0.013438580889568263,-0.10002691704728746,0.6234010270866399,0.3693856955015273,0.2723509447900092
0.5598665898759937,1.0,0.5114353956266363,0.7764599135055636,0.22964443343677454,0.3850373449062253,0.14208264243334337,0.1906557756758237,-0.1218127439291124,-0.014562030476582126,0.4331228972418912,0.599432675153329,0.24303496076522302,0.22317252580649616,-0.02867077525354174,-0.05218968146444466,0.6039237242912446,0.4425686380841906,-0.003753308167108937
0.7552000965368937,0.5114353956266363,1.0,0.6552967822846852,0.6143378959834653,0.48194888573959344,0.41423174080787667,0.2567590770413381,0.04339774781389046,-0.003970469327456334,0.6408036597960881,0.3303118587780521,0.5521852613947303,0.1650532535006741,0.04881375408230233,-0.09330870789035202,0.7859590233986687,0.5587843850749442,0.3554240714500899
0.5256970396159293,0.7764599135055636,0.6552967822846852,1.0,0.3432047538308887,0.607196324629936,0.22257920159179392,0.31943000230990604,-0.14049758320428982,-0.016991159845387703,0.403202430669682,0.6282809092208599,0.2732036382866374,0.38363916292131395,-0.018693502076866507,-0.044622222524485305,0.8143553384301493,0.6045694320034015,0.18602712515760467
0.3822247021378134,0.22964443343677454,0.6143378959834653,0.3432047538308887,1.0,0.547519631870483,0.6858285743447747,0.3537797563724731,0.30530690158416873,0.16135125371442113,0.37675764542148427,0.15768923015805414,0.8762845358614315,0.16937138933501272,0.284230661435742,0.09358494086292324,0.37118451383687734,0.6192336352465607,0.3991496529188954
0.34849489400298606,0.3850373449062253,0.48194888573959344,0.607196324629936,0.547519631870483,1.0,0.34004626307012537,0.5771202017221737,-0.02939068243048011,0.09134053795175241,0.29704255837571003,0.4364409481821635,0.5138732025396532,0.5082218341872781,0.045793197339387644,0.14197212289182437,0.47822809379647163,0.6915194017493808,0.3863300814597494
0.25519192305772387,0.14208264243334337,0.41423174080787667,0.22257920159179392,0.6858285743447747,0.34004626307012537,1.0,0.36857326980394267,0.6655796368421762,0.31415919765728534,0.2095114418038435,0.027242473758170085,0.6035196265520183,0.06973778905052998,0.4599039881149607,0.2075203675079136,0.25768722744235084,0.5130705532489805,0.5288866566900016
0.17685999310926814,0.1906557756758237,0.2567590770413381,0.31943000230990604,0.3537797563724731,0.5771202017221737,0.36857326980394267,1.0,0.291250015994912,0.7005796743362522,0.24797886200438848,0.1253727903873706,0.31464666954018555,0.25700747866974993,0.19767143050929856,0.5146552332872913,0.1928799318382648,0.4401465703277494,0.5187409344143248
0.05555035283337615,-0.1218127439291124,0.04339774781389046,-0.14049758320428982,0.30530690158416873,-0.02939068243048011,0.6655796368421762,0.291250015994912,1.0,0.4828496800487857,0.019124852903636108,-0.21187458321306707,0.2837241070474058,-0.18466150745455456,0.4471882015811482,0.27429223987181184,-0.05770848947755619,0.17547146931676155,0.47240748598268123
-0.04563520957416018,-0.014562030476582126,-0.003970469327456334,-0.016991159845387703,0.16135125371442113,0.09134053795175241,0.31415919765728534,0.7005796743362522,0.4828496800487857,1.0,0.04263824547893472,-0.16364951003454464,0.1133109593254199,-0.09647358113490763,0.2170491668666223,0.5564298015107617,-0.08317737827317286,0.2266681127429681,0.3636909199087133
0.7371316880856852,0.4331228972418912,0.6408036597960881,0.403202430669682,0.37675764542148427,0.29704255837571003,0.2095114418038435,0.24797886200438848,0.019124852903636108,0.04263824547893472,1.0,0.13597013831195945,0.5421481004502086,-0.019764151796239228,0.06101371946111528,-0.08451714090363244,0.3974890360474691,0.31702642461568975,0.1685325102064728
0.304451956431182,0.599432675153329,0.3303118587780521,0.6282809092208599,0.15768923015805414,0.4364409481821635,0.027242473758170085,0.1253727903873706,-0.21187458321306707,-0.16364951003454464,0.13597013831195945,1.0,0.2029701758739445,0.5266214600486053,-0.10563407517870547,-0.04049776964598912,0.5255294117134394,0.34288095825554177,0.04894571908519246
0.30113436250535647,0.24303496076522302,0.5521852613947303,0.2732036382866374,0.8762845358614315,0.5138732025396532,0.6035196265520183,0.31464666954018555,0.2837241070474058,0.1133109593254199,0.5421481004502086,0.2029701758739445,1.0,0.07634848646685713,0.3015623634859243,0.050888499363843195,0.25954183855054214,0.5431828265476768,0.17786444624551187
0.09634267321182613,0.22317252580649616,0.1650532535006741,0.38363916292131395,0.16937138933501272,0.5082218341872781,0.06973778905052998,0.25700747866974993,-0.18466150745455456,-0.09647358113490763,-0.019764151796239228,0.5266214600486053,0.07634848646685713,1.0,0.09165220694240943,0.3441326790293021,0.24378415236025358,0.11586460843080434,0.12174096537871022
-0.013438580889568263,-0.02867077525354174,0.04881375408230233,-0.018693502076866507,0.284230661435742,0.045793197339387644,0.4599039881149607,0.19767143050929856,0.4471882015811482,0.2170491668666223,0.06101371946111528,-0.10563407517870547,0.3015623634859243,0.09165220694240943,1.0,0.25906611266239277,-0.11270759017865052,0.08095416498148895,0.021577707898665262
-0.10002691704728746,-0.05218968146444466,-0.09330870789035202,-0.044622222524485305,0.09358494086292324,0.14197212289182437,0.2075203675079136,0.5146552332872913,0.27429223987181184,0.5564298015107617,-0.08451714090363244,-0.04049776964598912,0.050888499363843195,0.3441326790293021,0.25906611266239277,1.0,-0.19029099410527153,0.011752916752677868,0.14142938473339117
0.6234010270866399,0.6039237242912446,0.7859590233986687,0.8143553384301493,0.37118451383687734,0.47822809379647163,0.25768722744235084,0.1928799318382648,-0.05770848947755619,-0.08317737827317286,0.3974890360474691,0.5255294117134394,0.25954183855054214,0.24378415236025358,-0.11270759017865052,-0.19029099410527153,1.0,0.5556973223640815,0.358410142415599
0.3693856955015273,0.4425686380841906,0.5587843850749442,0.6045694320034015,0.6192336352465607,0.6915194017493808,0.5130705532489805,0.4401465703277494,0.17547146931676155,0.2266681127429681,0.31702642461568975,0.34288095825554177,0.5431828265476768,0.11586460843080434,0.08095416498148895,0.011752916752677868,0.5556973223640815,1.0,0.4270538499295062
0.2723509447900092,-0.003753308167108937,0.3554240714500899,0.18602712515760467,0.3991496529188954,0.3863300814597494,0.5288866566900016,0.5187409344143248,0.47240748598268123,0.3636909199087133,0.1685325102064728,0.04894571908519246,0.17786444624551187,0.12174096537871022,0.021577707898665262,0.14142938473339117,0.358410142415599,0.4270538499295062,1.0
