0,1,2,3,4,5,6,7,8,9,10,11,12,13,14,15,16,17,18
1.0,0.5439618567360112,0.7532130335086777,0.527117279653798,0.3603021132571651,0.22747339546953757,0.23117904752872273,0.07918787449158576,0.06228958787586451,-0.08598073624990826,0.5933532981857125,0.2443325021971322,0.21250770905877248,0.238980970541846,0.04214236934089768,0.008565778017288552,0.6514529888563019,0.2644614255352648,0.1892639289654317
0.5439618567360112,1.0,0.5019666540165592,0.7274557399224847,0.26658716259112286,0.38694284546190943,0.17563039870860322,0.26982920045229636,0.019895173446151073,0.11207377769284242,0.37779986048092257,0.1642523169053785,0.17669010024547643,0.38472191881554807,0.051374592830014554,0.18636592608855165,0.5541550125913767,0.37353955359673685,0.015647872468184724
0.7532130335086777,0.5019666540165592,1.0,0.6662945848558179,0.6083641926891188,0.41124169163828955,0.37178984928995434,0.22640287485216634,0.03487760956892232,-0.004891005891871273,0.5223469949170333,0.1529610916685366,0.41869059903431805,0.2700143734860295,0.07749743326509895,0.03970990060821154,0.8174978607097124,0.45932833923325034,0.22126251107175043
0.527117279653798,0.7274557399224847,0.6662945848558179,1.0,0.4233567878927246,0.6292636190674669,0.3186381311802096,0.45125117416575256,0.07042455361282143,0.22180596075607917,0.35837866870169083,0.12346283959836468,0.21515586433752606,0.47535400592269783,0.020590702703321247,0.2320060516477727,0.7376138043299904,0.5840519301955011,0.13818011723102058
0.3603021132571651,0.26658716259112286,0.6083641926891188,0.4233567878927246,1.0,0.5280963637713568,0.7243588458092555,0.34739321778816373,0.35178508133242015,0.1503608808572067,0.2517456556457888,0.11318352409531843,0.6555124273711628,0.24516207333730358,0.348065375912759,0.20454967735529378,0.49303856008600117,0.6164131765317126,0.42502978209355896
0.22747339546953757,0.38694284546190943,0.41124169163828955,0.6292636190674669,0.5280963637713568,1.0,0.4482264692041705,0.7041300174300887,0.15386218667994447,0.3605921586076641,0.14171291210175124,0.14438704330418062,0.3694230381603605,0.4954129089436271,0.1605275523011133,0.4018011421657204,0.3794545253135921,0.7821801343190612,0.3118299345672408
0.23117904752872273,0.17563039870860322,0.37178984928995434,0.3186381311802096,0.7243588458092555,0.4482264692041705,1.0,0.37675865177606377,0.6488878129892199,0.2507363137626509,0.12073743116498141,0.09487162313450108,0.443764477380557,0.2381397226653534,0.4771726371683035,0.25176060494673835,0.33235737604268994,0.4904968736847109,0.5956795513502642
0.07918787449158576,0.26982920045229636,0.22640287485216634,0.45125117416575256,0.34739321778816373,0.7041300174300887,0.37675865177606377,1.0,0.27406447594413497,0.7735535500568702,0.017370625233917397,0.14382885875602594,0.16144267249890024,0.4732073798186575,0.23211266128147995,0.5979323911234657,0.20409022831134493,0.5629635614128233,0.44559203677455056
0.06228958787586451,0.019895173446151073,0.03487760956892232,0.07042455361282143,0.35178508133242015,0.15386218667994447,0.6488878129892199,0.27406447594413497,1.0,0.388430607513688,-0.06452292039152781,-0.08008226434665582,0.08323023828521742,0.10780717527027557,0.4926815068239586,0.18368940390131247,0.1288296193935311,0.23196923059528676,0.6006001452064349
-0.08598073624990826,0.11207377769284242,-0.004891005891871273,0.22180596075607917,0.1503608808572067,0.3605921586076641,0.2507363137626509,0.7735535500568702,0.388430607513688,1.0,-0.11454731893650275,-0.027660933137168366,-0.056053382834126725,0.30506784740442006,0.21358608779777585,0.6007466415819289,0.016801674140035965,0.27887721801089815,0.35562054427327033
0.5933532981857125,0.37779986048092257,0.5223469949170333,0.35837866870169083,0.2517456556457888,0.14171291210175124,0.12073743116498141,0.017370625233917397,-0.06452292039152781,-0.11454731893650275,1.0,0.18864692126743754,0.561127587224205,0.26538340854441717,0.08713632537688562,0.06755668094851187,0.378889221565038,0.14699578036355632,-0.02066937159207658
0.2443325021971322,0.1642523169053785,0.1529610916685366,0.12346283959836468,0.11318352409531843,0.14438704330418062,0.09487162313450108,0.14382885875602594,-0.08008226434665582,-0.027660933137168366,0.18864692126743754,1.0,0.5529383578382534,0.2266163313320849,0.1178297638261924,0.1984692425007751,0.010819242681837616,0.09039102991021555,-0.05132767115369268
0.21250770905877248,0.17669010024547643,0.41869059903431805,0.21515586433752606,0.6555124273711628,0.3694230381603605,0.443764477380557,0.16144267249890024,0.08323023828521742,-0.056053382834126725,0.561127587224205,0.5529383578382534,1.0,0.17961501449279513,0.3119254041704241,0.19182253544461209,0.1993733178223454,0.388276748107585,-0.022573711066310842
0.238980970541846,0.38472191881554807,0.2700143734860295,0.47535400592269783,0.24516207333730358,0.4954129089436271,0.2381397226653534,0.4732073798186575,0.10780717527027557,0.30506784740442006,0.26538340854441717,0.2266163313320849,0.17961501449279513,1.0,0.18727408246798755,0.5782246639716526,0.2669630874144494,0.271808501708558,0.10799388751857739
0.04214236934089768,0.051374592830014554,0.07749743326509895,0.020590702703321247,0.348065375912759,0.1605275523011133,0.4771726371683035,0.23211266128147995,0.4926815068239586,0.21358608779777585,0.08713632537688562,0.1178297638261924,0.3119254041704241,0.18727408246798755,1.0,0.3325305074916515,0.030559867197061014,0.10946366578355385,0.22231975811856725
0.008565778017288552,0.18636592608855165,0.03970990060821154,0.2320060516477727,0.20454967735529378,0.4018011421657204,0.25176060494673835,0.5979323911234657,0.18368940390131247,0.6007466415819289,0.06755668094851187,0.1984692425007751,0.19182253544461209,0.5782246639716526,0.3325305074916515,1.0,-0.004898860094812031,0.2138206827397369,0.10715462210959105
0.6514529888563019,0.5541550125913767,0.8174978607097124,0.7376138043299904,0.49303856008600117,0.3794545253135921,0.33235737604268994,0.20409022831134493,0.1288296193935311,0.016801674140035965,0.378889221565038,0.010819242681837616,0.1993733178223454,0.2669630874144494,0.030559867197061014,-0.004898860094812031,1.0,0.4667312363763861,0.27636419775274784
0.2644614255352648,0.37353955359673685,0.45932833923325034,0.5840519301955011,0.6164131765317126,0.7821801343190612,0.4904968736847109,0.5629635614128233,0.23196923059528676,0.27887721801089815,0.14699578036355632,0.09039102991021555,0.388276748107585,0.271808501708558,0.10946366578355385,0.2138206827397369,0.4667312363763861,1.0,0.3256555155599971
0.1892639289654317,0.015647872468184724,0.22126251107175043,0.13818011723102058,0.42502978209355896,0.3118299345672408,0.5956795513502642,0.44559203677455056,0.6006001452064349,0.35562054427327033,-0.02066937159207658,-0.05132767115369268,-0.022573711066310842,0.10799388751857739,0.22231975811856725,0.10715462210959105,0.27636419775274784,0.3256555155599971,1.0
