0,1,2,3,4,5,6,7,8,9,10,11,12,13,14,15,16,17,18
1.0,0.4753194485556131,0.4674095580529206,0.21303100633054756,0.10383907977439046,0.023575707570232574,-0.4196493244930686,-0.5310143386276674,-0.4570322164474411,-0.4995153931915299,0.42804036808269474,0.14541685046259692,0.01360626266266919,-0.18683385422071544,-0.4542465528495143,-0.4080428346450291,0.624245733044541,0.0002630265510616778,-0.36988673972088465
0.4753194485556131,1.0,0.2816605490220695,0.6123736197309152,0.1178055619127765,0.2157921777038081,-0.4232925074298821,-0.4729209603620288,-0.44275222370784334,-0.6282170920896488,-0.08434439123438374,0.6165643152255599,-0.21897258991352672,0.06028647620270852,-0.3658159191097339,-0.27613201904901474,0.7561374013476455,0.060677583177312054,-0.5305301374811777
0.4674095580529206,0.2816605490220695,1.0,0.40686813851765524,0.6925025923677607,0.285942632579118,-0.12239794012368431,-0.22362893957994737,-0.40766579843967726,-0.2728675012977179,0.113633219218474,0.03903205252273208,0.07432610481471716,0.018618988509039286,-0.41781497706977794,-0.2241253510210955,0.3338616637582419,0.2794467199810703,-0.15239143890137272
0.21303100633054756,0.6123736197309152,0.40686813851765524,1.0,0.38795656440986054,0.7627174725858105,-0.21670485411689433,-0.4007966982219367,-0.39701410179405333,-0.5529716873372665,-0.16765764259491317,0.2854041754084453,-0.18059184787284097,0.21769753643702355,-0.4471903800513491,-0.34463248405895514,0.47716672692282625,0.5046476370116104,-0.22985543110791984
0.10383907977439046,0.1178055619127765,0.6925025923677607,0.38795656440986054,1.0,0.45425845654703795,0.1693669561844346,0.0026174888165412967,-0.2411902629104335,-0.06889179202891156,-0.24235534421434773,-0.05878242504494061,0.0917957811730784,0.27848542564601014,-0.34988957320811814,-0.09990743660063008,0.1917074012015099,0.41454939056297374,0.10899969001695761
0.023575707570232574,0.2157921777038081,0.285942632579118,0.7627174725858105,0.45425845654703795,1.0,0.10933453210312008,-0.1458861447083741,-0.3072784104965385,-0.3238579322066516,-0.0976281807295065,-0.08804267787585876,0.112139795266092,0.3880199586897947,-0.4228398548432351,-0.26560947368254445,0.16776314763760602,0.5552536302133781,0.010344832672387071
-0.4196493244930686,-0.4232925074298821,-0.12239794012368431,-0.21670485411689433,0.1693669561844346,0.10933453210312008,1.0,0.3588422925202303,0.3422478577263631,0.36603446910148196,-0.10232848400450513,-0.3997833296689385,0.5025623990071572,0.14375577688460386,0.2723844753207091,0.12402372825486628,-0.39915980459021544,0.015002411475995668,0.3863703163312846
-0.5310143386276674,-0.4729209603620288,-0.22362893957994737,-0.4007966982219367,0.0026174888165412967,-0.1458861447083741,0.3588422925202303,1.0,0.17073621127456878,0.5414654038150709,-0.36183973252868884,-0.24672406562711238,0.00243197341299656,0.3419409409678464,0.13723728552653744,0.8079554196526012,-0.3666122740577277,-0.29566980789252145,0.46385791077689037
-0.4570322164474411,-0.44275222370784334,-0.40766579843967726,-0.39701410179405333,-0.2411902629104335,-0.3072784104965385,0.3422478577263631,0.17073621127456878,1.0,0.5029856145735203,-0.23970823732087446,-0.21193022740366171,-0.09050998776337782,-0.2134064572618757,0.5528929643763992,0.09122757021526659,-0.37321158315967073,-0.2446357021213387,0.3092150377429319
-0.4995153931915299,-0.6282170920896488,-0.2728675012977179,-0.5529716873372665,-0.06889179202891156,-0.3238579322066516,0.36603446910148196,0.5414654038150709,0.5029856145735203,1.0,-0.26672702497202117,-0.48707020990200506,-0.03058700211965039,-0.17482180466962582,0.20882868477306402,0.2808291835982715,-0.5301618889387092,-0.26966296939430223,0.5777598011611482
0.42804036808269474,-0.08434439123438374,0.113633219218474,-0.16765764259491317,-0.24235534421434773,-0.0976281807295065,-0.10232848400450513,-0.36183973252868884,-0.23970823732087446,-0.26672702497202117,1.0,-0.29905167462662563,0.5731360477861035,-0.1981059024116915,-0.19884684703270095,-0.34146682292961467,0.007545350304036536,-0.11753454408739203,-0.3246041387373914
0.14541685046259692,0.6165643152255599,0.03903205252273208,0.2854041754084453,-0.05878242504494061,-0.08804267787585876,-0.3997833296689385,-0.24672406562711238,-0.21193022740366171,-0.48707020990200506,-0.29905167462662563,1.0,-0.3803749053765246,0.1510505140171149,-0.04436179611835316,0.07560526036989333,0.41317726020418866,-0.20572869735883423,-0.34942255185174054
0.01360626266266919,-0.21897258991352672,0.07432610481471716,-0.18059184787284097,0.0917957811730784,0.112139795266092,0.5025623990071572,0.00243197341299656,-0.09050998776337782,-0.03058700211965039,0.5731360477861035,-0.3803749053765246,1.0,0.19965799512896387,-0.004284102611225981,-0.11269774409563002,-0.20140863176917326,-0.10934611595139543,-0.17965343937411998
-0.18683385422071544,0.06028647620270852,0.018618988509039286,0.21769753643702355,0.27848542564601014,0.3880199586897947,0.14375577688460386,0.3419409409678464,-0.2134064572618757,-0.17482180466962582,-0.1981059024116915,0.1510505140171149,0.19965799512896387,1.0,-0.25106103858192413,0.39013863235362606,0.06856742818048261,-0.10813439040986798,-0.04647883390460212
-0.4542465528495143,-0.3658159191097339,-0.41781497706977794,-0.4471903800513491,-0.34988957320811814,-0.4228398548432351,0.2723844753207091,0.13723728552653744,0.5528929643763992,0.20882868477306402,-0.19884684703270095,-0.04436179611835316,-0.004284102611225981,-0.25106103858192413,1.0,0.16639670086262776,-0.3930587446025168,-0.3437065524002604,0.10844849887521063
-0.4080428346450291,-0.27613201904901474,-0.2241253510210955,-0.34463248405895514,-0.09990743660063008,-0.26560947368254445,0.12402372825486628,0.8079554196526012,0.09122757021526659,0.2808291835982715,-0.34146682292961467,0.07560526036989333,-0.11269774409563002,0.39013863235362606,0.16639670086262776,1.0,-0.2179869199392684,-0.4344951142694113,0.2288731347858964
0.624245733044541,0.7561374013476455,0.3338616637582419,0.47716672692282625,0.1917074012015099,0.16776314763760602,-0.39915980459021544,-0.3666122740577277,-0.37321158315967073,-0.5301618889387092,0.007545350304036536,0.41317726020418866,-0.20140863176917326,0.06856742818048261,-0.3930587446025168,-0.2179869199392684,1.0,0.025785637975411294,-0.2901296432577963
0.0002630265510616778,0.060677583177312054,0.2794467199810703,0.5046476370116104,0.41454939056297374,0.5552536302133781,0.015002411475995668,-0.29566980789252145,-0.2446357021213387,-0.26966296939430223,-0.11753454408739203,-0.20572869735883423,-0.10934611595139543,-0.10813439040986798,-0.3437065524002604,-0.4344951142694113,0.025785637975411294,1.0,0.05159634311814975
-0.36988673972088465,-0.5305301374811777,-0.15239143890137272,-0.22985543110791984,0.10899969001695761,0.010344832672387071,0.3863703163312846,0.46385791077689037,0.3092150377429319,0.5777598011611482,-0.3246041387373914,-0.34942255185174054,-0.17965343937411998,-0.04647883390460212,0.10844849887521063,0.2288731347858964,-0.2901296432577963,0.05159634311814975,1.0
