0,1,2,3,4,5,6,7,8,9,10,11,12,13,14,15,16,17,18
1.0,0.5080646766867197,0.3864124014977428,0.1888799724734063,0.0239470228424401,-0.1404333124686205,-0.5727075636644708,-0.5247442062880369,-0.49193793077883047,-0.48052679793281144,0.3856901238648809,0.19791333910440018,-0.22663594035484053,-0.2698792545828393,-0.4554647750878438,-0.40159447234322054,0.5613378474420283,-0.05667255192607218,-0.37360759626667056
0.5080646766867197,1.0,0.3011337332336711,0.550454694597571,0.06409081759066496,-0.028474466732850732,-0.4596026553881804,-0.5396312741674475,-0.4862832206664727,-0.6032329703721268,0.011503125634671018,0.5966189954397007,-0.27549008466543884,-0.14929348323188169,-0.33309791056952914,-0.37095475927350385,0.737258194724821,0.06716141997075879,-0.5878083204052846
0.3864124014977428,0.3011337332336711,1.0,0.33656431028781303,0.5951941062150016,0.08296393727460541,-0.1575303708286149,-0.23149129346537578,-0.3032747962539684,-0.27875172466564396,0.14399282436975208,0.13905577565982194,0.023720330242139254,-0.09217252190116178,-0.2694529275560947,-0.1836600083071958,0.40267165361262236,0.14835169794702768,-0.16571567373450857
0.1888799724734063,0.550454694597571,0.33656431028781303,1.0,0.40736162315101515,0.5423834204405835,-0.20663358679324895,-0.43121227040780524,-0.3878059819657776,-0.5255297340932961,-0.13057621499659386,0.22082123666682307,-0.12623901406883742,0.006811925735035274,-0.35309550847689647,-0.43694037300117955,0.550701807978419,0.53346944806498,-0.2281652645487255
0.0239470228424401,0.06409081759066496,0.5951941062150016,0.40736162315101515,1.0,0.41841444992858645,0.1379416487594754,-0.09999716356214072,-0.11918716573002858,-0.05355616589353234,-0.3256032852143928,-0.09459502248807895,0.06352839367798482,0.03175367695076822,-0.17477274174951288,-0.22987694542894738,0.17507235994915712,0.5281183512934186,0.16213194555551833
-0.1404333124686205,-0.028474466732850732,0.08296393727460541,0.5423834204405835,0.41841444992858645,1.0,0.2720548884262989,-0.038108281043120425,-0.11225282994704155,-0.09253144641246154,-0.1463903704430356,-0.19167927353025194,0.31968173171430003,0.31202106581900907,-0.263983379435878,-0.20067900046756676,0.014344712095456482,0.40981097356147467,0.11722986793560895
-0.5727075636644708,-0.4596026553881804,-0.1575303708286149,-0.20663358679324895,0.1379416487594754,0.2720548884262989,1.0,0.43901243746503227,0.4096899090612316,0.41687305269598257,-0.18334212317535092,-0.35529871752571096,0.5144646409489485,0.24610182274519032,0.31078109677120397,0.218955102281187,-0.5070246992468174,-0.022768037132583536,0.44584786232562423
-0.5247442062880369,-0.5396312741674475,-0.23149129346537578,-0.43121227040780524,-0.09999716356214072,-0.038108281043120425,0.43901243746503227,1.0,0.271282251701485,0.5891795206141355,-0.30748360754867265,-0.30257706175031884,0.10744434751764345,0.27518799356877693,0.16855458250491576,0.7529332922341783,-0.4257672975264957,-0.3152806633077541,0.47019398802805257
-0.49193793077883047,-0.4862832206664727,-0.3032747962539684,-0.3878059819657776,-0.11918716573002858,-0.11225282994704155,0.4096899090612316,0.271282251701485,1.0,0.5378191812781444,-0.29429185136563346,-0.2678733430331653,0.011936777432544263,-0.12492534386050567,0.6350305799161172,0.13922215085398038,-0.38617557343801046,-0.2218858485097549,0.3071844639767704
-0.48052679793281144,-0.6032329703721268,-0.27875172466564396,-0.5255297340932961,-0.05355616589353234,-0.09253144641246154,0.41687305269598257,0.5891795206141355,0.5378191812781444,1.0,-0.3126135794833023,-0.5294997905607601,0.030194794729241855,-0.10916351419057818,0.2212202884676842,0.26331407908492466,-0.5200409890390053,-0.26431750612026583,0.6213689956222858
0.3856901238648809,0.011503125634671018,0.14399282436975208,-0.13057621499659386,-0.3256032852143928,-0.1463903704430356,-0.18334212317535092,-0.30748360754867265,-0.29429185136563346,-0.3126135794833023,1.0,-0.10920101924342666,0.39536711107414857,-0.002438464176661267,-0.3243459495863022,-0.18427150320020017,0.012826843093292406,-0.27871745939244014,-0.29042579032638144
0.19791333910440018,0.5966189954397007,0.13905577565982194,0.22082123666682307,-0.09459502248807895,-0.19167927353025194,-0.35529871752571096,-0.30257706175031884,-0.2678733430331653,-0.5294997905607601,-0.10920101924342666,1.0,-0.30189268044104706,0.027508101972586307,-0.034140464127033684,-0.01746023968982931,0.4372246601922763,-0.1515637435595268,-0.4504569985426961
-0.22663594035484053,-0.27549008466543884,0.023720330242139254,-0.12623901406883742,0.06352839367798482,0.31968173171430003,0.5144646409489485,0.10744434751764345,0.011936777432544263,0.030194794729241855,0.39536711107414857,-0.30189268044104706,1.0,0.4355535125359173,-0.042376476179332205,0.03409050441207127,-0.3687613111518421,-0.11344372330259801,-0.06697145388658567
-0.2698792545828393,-0.14929348323188169,-0.09217252190116178,0.006811925735035274,0.03175367695076822,0.31202106581900907,0.24610182274519032,0.27518799356877693,-0.12492534386050567,-0.10916351419057818,-0.002438464176661267,0.027508101972586307,0.4355535125359173,1.0,-0.19210199020172886,0.3533287719899775,-0.16785078666476586,-0.19011378331582626,-0.025856857690345535
-0.4554647750878438,-0.33309791056952914,-0.2694529275560947,-0.35309550847689647,-0.17477274174951288,-0.263983379435878,0.31078109677120397,0.16855458250491576,0.6350305799161172,0.2212202884676842,-0.3243459495863022,-0.034140464127033684,-0.042376476179332205,-0.19210199020172886,1.0,0.23235895503285878,-0.3080542360945899,-0.21712900614791023,0.06908163957317409
-0.40159447234322054,-0.37095475927350385,-0.1836600083071958,-0.43694037300117955,-0.22987694542894738,-0.20067900046756676,0.218955102281187,0.7529332922341783,0.13922215085398038,0.26331407908492466,-0.18427150320020017,-0.01746023968982931,0.03409050441207127,0.3533287719899775,0.23235895503285878,1.0,-0.2871160551676825,-0.4252478496341448,0.13350619363605454
0.5613378474420283,0.737258194724821,0.40267165361262236,0.550701807978419,0.17507235994915712,0.014344712095456482,-0.5070246992468174,-0.4257672975264957,-0.38617557343801046,-0.5200409890390053,0.012826843093292406,0.4372246601922763,-0.3687613111518421,-0.16785078666476586,-0.3080542360945899,-0.2871160551676825,1.0,0.09257800511758893,-0.33412349719765383
-0.05667255192607218,0.06716141997075879,0.14835169794702768,0.53346944806498,0.5281183512934186,0.40981097356147467,-0.022768037132583536,-0.3152806633077541,-0.2218858485097549,-0.26431750612026583,-0.27871745939244014,-0.1515637435595268,-0.11344372330259801,-0.19011378331582626,-0.21712900614791023,-0.4252478496341448,0.09257800511758893,1.0,0.10547098587307041
-0.37360759626667056,-0.5878083204052846,-0.16571567373450857,-0.2281652645487255,0.16213194555551833,0.11722986793560895,0.44584786232562423,0.47019398802805257,0.3071844639767704,0.6213689956222858,-0.29042579032638144,-0.4504569985426961,-0.06697145388658567,-0.025856857690345535,0.06908163957317409,0.13350619363605454,-0.33412349719765383,0.10547098587307041,1.0
