0,1,2,3,4,5,6,7,8,9,10,11,12,13,14,15,16,17,18
1.0,0.5931338873636388,0.3806839446467196,0.2976403053532279,0.07131001215378474,0.08647499935898326,-0.5246188574779147,-0.45910138566122677,-0.5865800703974375,-0.4943500011850289,0.3439886897775987,0.2576955602029879,-0.05792725937938395,-0.0998246131698801,-0.5686109452361177,-0.34824514788018224,0.596358488398084,-0.05289914359944725,-0.4269582674618391
0.5931338873636388,1.0,0.364445201513231,0.6831760464958584,0.23910005101089027,0.388762066559788,-0.31508114514926566,-0.5057052123176504,-0.5946964645456988,-0.6364754881232957,-0.04550084599623046,0.6291866768797508,-0.12610460029494977,0.09321583357770498,-0.5613745480883102,-0.433694472192021,0.7630478166366992,0.14868417493242742,-0.4499737382040999
0.3806839446467196,0.364445201513231,1.0,0.4174004791455065,0.6964226756465086,0.23267190076793118,-0.13954887071399888,-0.22768433381305248,-0.42036309145981243,-0.34586019107605126,-0.017006072633906973,0.18859559808591964,0.02525577064688395,0.012445473118869451,-0.2657829312034692,-0.2104911711383146,0.3578676329760743,0.2648953774932986,-0.2599282344706849
0.2976403053532279,0.6831760464958584,0.4174004791455065,1.0,0.510660562656961,0.820732896246067,-0.10133156691752614,-0.4677042528828644,-0.5933401059466074,-0.6492973662066972,-0.18657166829518537,0.4076002391153922,-0.07907285554662934,0.2538289341583973,-0.5842212186973395,-0.4823490945935067,0.5252117274425574,0.572641139260895,-0.20011824934040565
0.07131001215378474,0.23910005101089027,0.6964226756465086,0.510660562656961,1.0,0.45963654100575385,0.11451530016739624,-0.18009029274950414,-0.326638774068474,-0.3003170083400393,-0.36066450397187794,0.1184338667579011,-0.009043593129912167,0.1702265028780617,-0.2463045296789986,-0.21557222837032444,0.27646209619252254,0.6101528587715799,-0.0194727942916182
0.08647499935898326,0.388762066559788,0.23267190076793118,0.820732896246067,0.45963654100575385,1.0,0.09601797900589118,-0.26649388974708366,-0.4757111499112966,-0.5105134345236461,-0.14284550973807594,0.2088001561158704,0.14375459213834596,0.40210960606595764,-0.5510080806608899,-0.3391094011519361,0.2652534969255253,0.5815452322648533,-0.07585270170406705
-0.5246188574779147,-0.31508114514926566,-0.13954887071399888,-0.10133156691752614,0.11451530016739624,0.09601797900589118,1.0,0.25253319852957584,0.32600003465304556,0.23081131679698333,-0.13512247251701318,-0.19747834129398933,0.4184180694707565,0.2096241366064091,0.3053765288510592,0.1213834391492222,-0.4127131443254414,0.01939052372028227,0.30928507725781795
-0.45910138566122677,-0.5057052123176504,-0.22768433381305248,-0.4677042528828644,-0.18009029274950414,-0.26649388974708366,0.25253319852957584,1.0,0.31304635572685974,0.5582463451950584,-0.31457120717151127,-0.26089312880342547,-0.09730534042164651,0.15379016666994277,0.3010457963498333,0.7826954409703555,-0.3262407961839525,-0.35465897384871636,0.4821759375522644
-0.5865800703974375,-0.5946964645456988,-0.42036309145981243,-0.5933401059466074,-0.326638774068474,-0.4757111499112966,0.32600003465304556,0.31304635572685974,1.0,0.6312828598366488,-0.19223149153855867,-0.36569390069108554,-0.11432713576962383,-0.25607542978518544,0.704253030261226,0.2833458031975336,-0.4684281997295574,-0.32075054480997717,0.34269136598748506
-0.4943500011850289,-0.6364754881232957,-0.34586019107605126,-0.6492973662066972,-0.3003170083400393,-0.5105134345236461,0.23081131679698333,0.5582463451950584,0.6312828598366488,1.0,-0.1915091857381793,-0.5559606184084722,-0.14762357624440473,-0.371503918192023,0.44192615098619636,0.3258464313099151,-0.4702983012561124,-0.36080392049226473,0.48923096668074345
0.3439886897775987,-0.04550084599623046,-0.017006072633906973,-0.18657166829518537,-0.36066450397187794,-0.14284550973807594,-0.13512247251701318,-0.31457120717151127,-0.19223149153855867,-0.1915091857381793,1.0,-0.12373176176394787,0.5805429395470478,-0.08565355344287631,-0.21993507609123028,-0.20738717475990254,-0.11366055643880502,-0.3449492645680739,-0.3737934907985573
0.2576955602029879,0.6291866768797508,0.18859559808591964,0.4076002391153922,0.1184338667579011,0.2088001561158704,-0.19747834129398933,-0.26089312880342547,-0.36569390069108554,-0.5559606184084722,-0.12373176176394787,1.0,-0.13766362044582903,0.30989186203928365,-0.32647154191632605,-0.13017929503416378,0.4444419977025383,-0.06289212272078719,-0.25975122088860986
-0.05792725937938395,-0.12610460029494977,0.02525577064688395,-0.07907285554662934,-0.009043593129912167,0.14375459213834596,0.4184180694707565,-0.09730534042164651,-0.11432713576962383,-0.14762357624440473,0.5805429395470478,-0.13766362044582903,1.0,0.29717497738199317,-0.05443243922140697,-0.07683517401309675,-0.2524097674064686,-0.13727958443009786,-0.30008120186150045
-0.0998246131698801,0.09321583357770498,0.012445473118869451,0.2538289341583973,0.1702265028780617,0.40210960606595764,0.2096241366064091,0.15379016666994277,-0.25607542978518544,-0.371503918192023,-0.08565355344287631,0.30989186203928365,0.29717497738199317,1.0,-0.2722229236439646,0.22902000674265352,0.05367353535149751,-0.01160712211130688,-0.03315473494108624
-0.5686109452361177,-0.5613745480883102,-0.2657829312034692,-0.5842212186973395,-0.2463045296789986,-0.5510080806608899,0.3053765288510592,0.3010457963498333,0.704253030261226,0.44192615098619636,-0.21993507609123028,-0.32647154191632605,-0.05443243922140697,-0.2722229236439646,1.0,0.34551103302598707,-0.5006261688958562,-0.30593280018963065,0.14138978622548798
-0.34824514788018224,-0.433694472192021,-0.2104911711383146,-0.4823490945935067,-0.21557222837032444,-0.3391094011519361,0.1213834391492222,0.7826954409703555,0.2833458031975336,0.3258464313099151,-0.20738717475990254,-0.13017929503416378,-0.07683517401309675,0.22902000674265352,0.34551103302598707,1.0,-0.27113616015430503,-0.42166449771218456,0.2506524731419259
0.596358488398084,0.7630478166366992,0.3578676329760743,0.5252117274425574,0.27646209619252254,0.2652534969255253,-0.4127131443254414,-0.3262407961839525,-0.4684281997295574,-0.4702983012561124,-0.11366055643880502,0.4444419977025383,-0.2524097674064686,0.05367353535149751,-0.5006261688958562,-0.27113616015430503,1.0,0.1520583850588644,-0.18357911882172329
-0.05289914359944725,0.14868417493242742,0.2648953774932986,0.572641139260895,0.6101528587715799,0.5815452322648533,0.01939052372028227,-0.35465897384871636,-0.32075054480997717,-0.36080392049226473,-0.3449492645680739,-0.06289212272078719,-0.13727958443009786,-0.01160712211130688,-0.30593280018963065,-0.42166449771218456,0.1520583850588644,1.0,0.07909005909978706
-0.4269582674618391,-0.4499737382040999,-0.2599282344706849,-0.20011824934040565,-0.0194727942916182,-0.07585270170406705,0.30928507725781795,0.4821759375522644,0.34269136598748506,0.48923096668074345,-0.3737934907985573,-0.25975122088860986,-0.30008120186150045,-0.03315473494108624,0.14138978622548798,0.2506524731419259,-0.18357911882172329,0.07909005909978706,1.0
