0,1,2,3,4,5,6,7,8,9,10,11,12,13,14,15,16,17,18
1.0,0.5761103116612217,0.8626293627853009,0.6524764181041615,0.8005738241908382,0.4831461052507063,0.27784420893471207,-0.11913142331407515,0.02850198497298258,-0.3117574566980229,0.877945695391249,0.47298264231110587,0.6024688921803792,0.307909068525646,0.22451940212215662,0.010724121218819454,0.7329508559851097,0.35753418059638864,0.09872018043737533
0.5761103116612217,1.0,0.4286998454597487,0.5743343515896877,0.41244689104652116,0.38851634711455035,0.14616305821367462,-0.05143998867396996,-0.06412147884664211,-0.249495027552788,0.5076082839734559,0.5742465323547202,0.3784434495942744,0.2630707452385674,0.10544298461024133,-0.042958156110020435,0.5915423815863319,0.3111475270324673,-0.06606465010917208
0.8626293627853009,0.4286998454597487,1.0,0.7778466087069336,0.8347386711833719,0.517980740209868,0.34864481430378724,0.009536554845794971,0.1694128495779618,-0.23107519950129085,0.7617692104364298,0.3424820684924992,0.6458458017577896,0.44644409079597086,0.3098257258488641,-0.0003544024363496603,0.7830799730087435,0.5171747509929878,0.2063039638108638
0.6524764181041615,0.5743343515896877,0.7778466087069336,1.0,0.6835808105492555,0.5490630894119427,0.1931606942840143,-0.015570065927781809,0.06709078763972091,-0.2457674272913228,0.597337072176595,0.5292026921417557,0.4898465800195459,0.5103778275648365,0.1965219001377129,-0.07943324868337455,0.6992897212713375,0.5338328071173847,0.015267582552564473
0.8005738241908382,0.41244689104652116,0.8347386711833719,0.6835808105492555,1.0,0.6310246731335646,0.49969872704895285,0.1794063126316138,0.22583192915337322,-0.13808194945747929,0.7806411505459706,0.28690761590142244,0.6801913786792505,0.5335099381988483,0.3608831035098803,0.05475080038795402,0.6635849521121853,0.6653286250412714,0.35795172902778166
0.4831461052507063,0.38851634711455035,0.517980740209868,0.5490630894119427,0.6310246731335646,1.0,0.40901959663935206,0.16860235655795344,0.2012496008218721,-0.1326146378018981,0.48835445936526,0.25266937220836155,0.39532860805137676,0.5763944779278841,0.24203447604002662,-0.0014143641689328566,0.4481561033896054,0.8205968802120032,0.2519970201167919
0.27784420893471207,0.14616305821367462,0.34864481430378724,0.1931606942840143,0.49969872704895285,0.40901959663935206,1.0,0.5549639865837865,0.6764912450873397,0.2561345577297169,0.22009566140870526,-0.09220835238866361,0.4346915025976178,0.3460610778729384,0.5032595343654465,0.22096180384913924,0.2828423810523619,0.465342988161249,0.7971679727046665
-0.11913142331407515,-0.05143998867396996,0.009536554845794971,-0.015570065927781809,0.1794063126316138,0.16860235655795344,0.5549639865837865,1.0,0.4110920926737287,0.6592309856668377,-0.09549087388360547,-0.14183758891154855,0.07453141601507468,0.1270480504749872,0.15256183867944303,0.3116401030452285,-0.03112260651306111,0.21212357269657403,0.7755225572042375
0.02850198497298258,-0.06412147884664211,0.1694128495779618,0.06709078763972091,0.22583192915337322,0.2012496008218721,0.6764912450873397,0.4110920926737287,1.0,0.37749603788480457,-0.03470249131196252,-0.1760108437251165,0.19668976632819873,0.21721792613581745,0.49833157180274923,0.1574764669807489,0.0644071184135151,0.2979241570474699,0.6156866871006491
-0.3117574566980229,-0.249495027552788,-0.23107519950129085,-0.2457674272913228,-0.13808194945747929,-0.1326146378018981,0.2561345577297169,0.6592309856668377,0.37749603788480457,1.0,-0.3071354362113364,-0.2644140136025828,-0.12523857113253964,-0.10918898919865462,0.024391198486156368,0.24428635670339519,-0.24938258526705054,-0.04628703661259109,0.41312122549446445
0.877945695391249,0.5076082839734559,0.7617692104364298,0.597337072176595,0.7806411505459706,0.48835445936526,0.22009566140870526,-0.09549087388360547,-0.03470249131196252,-0.3071354362113364,1.0,0.4075498405138487,0.49530959947928094,0.2749160986052695,0.21697842438738715,0.026736842150917147,0.5806649918150203,0.3500099888350104,0.07835784074726469
0.47298264231110587,0.5742465323547202,0.3424820684924992,0.5292026921417557,0.28690761590142244,0.25266937220836155,-0.09220835238866361,-0.14183758891154855,-0.1760108437251165,-0.2644140136025828,0.4075498405138487,1.0,0.1824729864611134,0.4449575450364104,0.020251265219224275,-0.0962944725182377,0.5209696115178201,0.1828705729684736,-0.22820280824532208
0.6024688921803792,0.3784434495942744,0.6458458017577896,0.4898465800195459,0.6801913786792505,0.39532860805137676,0.4346915025976178,0.07453141601507468,0.19668976632819873,-0.12523857113253964,0.49530959947928094,0.1824729864611134,1.0,0.36630491216340183,0.4102340167420441,-0.06927689877048535,0.4893740681480073,0.4274533040074257,0.2247665232459903
0.307909068525646,0.2630707452385674,0.44644409079597086,0.5103778275648365,0.5335099381988483,0.5763944779278841,0.3460610778729384,0.1270480504749872,0.21721792613581745,-0.10918898919865462,0.2749160986052695,0.4449575450364104,0.36630491216340183,1.0,0.27441218854617927,0.15732102660048872,0.37052340364951225,0.5411127115138473,0.19537274127653104
0.22451940212215662,0.10544298461024133,0.3098257258488641,0.1965219001377129,0.3608831035098803,0.24203447604002662,0.5032595343654465,0.15256183867944303,0.49833157180274923,0.024391198486156368,0.21697842438738715,0.020251265219224275,0.4102340167420441,0.27441218854617927,1.0,0.07928214986583955,0.15822092127028942,0.2882765999651242,0.3101020419338229
0.010724121218819454,-0.042958156110020435,-0.0003544024363496603,-0.07943324868337455,0.05475080038795402,-0.0014143641689328566,0.22096180384913924,0.3116401030452285,0.1574764669807489,0.24428635670339519,0.026736842150917147,-0.0962944725182377,-0.06927689877048535,0.15732102660048872,0.07928214986583955,1.0,0.015828319149451875,-0.011736993312989323,0.2520469486102224
0.7329508559851097,0.5915423815863319,0.7830799730087435,0.6992897212713375,0.6635849521121853,0.4481561033896054,0.2828423810523619,-0.03112260651306111,0.0644071184135151,-0.24938258526705054,0.5806649918150203,0.5209696115178201,0.4893740681480073,0.37052340364951225,0.15822092127028942,0.015828319149451875,1.0,0.33536630394980355,0.12854524638725515
0.35753418059638864,0.3111475270324673,0.5171747509929878,0.5338328071173847,0.6653286250412714,0.8205968802120032,0.465342988161249,0.21212357269657403,0.2979241570474699,-0.04628703661259109,0.3500099888350104,0.1828705729684736,0.4274533040074257,0.5411127115138473,0.2882765999651242,-0.011736993312989323,0.33536630394980355,1.0,0.2930675696157604
0.09872018043737533,-0.06606465010917208,0.2063039638108638,0.015267582552564473,0.35795172902778166,0.2519970201167919,0.7971679727046665,0.7755225572042375,0.6156866871006491,0.41312122549446445,0.07835784074726469,-0.22820280824532208,0.2247665232459903,0.19537274127653104,0.3101020419338229,0.2520469486102224,0.12854524638725515,0.2930675696157604,1.0
