0,1,2,3,4,5,6,7,8,9,10,11,12,13,14,15,16,17,18
1.0,0.6538723470093128,0.8888770170379129,0.6568693135329943,0.8158878956635014,0.44347690932336414,0.40002359836998,0.005025546628802944,0.22835001707522162,-0.10073293320649059,0.8062680857090018,0.5815839625981551,0.5270968187444921,0.32366461242124983,0.19490182717594026,0.10098658015103305,0.7830206058460372,0.4094414692808004,0.29727009114646463
0.6538723470093128,1.0,0.5831066374245304,0.7558877067479476,0.4625372314909529,0.432812721513393,0.07260542759935436,-0.12178184280525985,-0.026668937196768012,-0.19358336390949557,0.5755582194717889,0.6231025479015929,0.20612224528631254,0.3412436443916108,0.05389768345286589,-0.08307474868037462,0.6982488791890208,0.27995022447201373,-0.07303309611055205
0.8888770170379129,0.5831066374245304,1.0,0.750348283713997,0.830906197199134,0.5531285313433136,0.3542445709848982,0.05215308172354829,0.22029530924665683,-0.1206254137240101,0.7706646419285547,0.4596022100890258,0.5035890547478729,0.4226935394747755,0.19250657110673874,0.0816924614500026,0.8096360445549433,0.5720382431713508,0.2946656559183034
0.6568693135329943,0.7558877067479476,0.750348283713997,1.0,0.5870482970708318,0.6275145429646856,0.07856098727962467,-0.09893616053588285,-0.017975271631490174,-0.2247353664516326,0.6389581938708739,0.5150458275633826,0.2561358284992748,0.46424055990865515,0.005741591546820294,-0.06369672188432818,0.6183465834748966,0.5195267427563659,-0.04670317307629834
0.8158878956635014,0.4625372314909529,0.830906197199134,0.5870482970708318,1.0,0.5645797881834407,0.5690608450691691,0.22529698027536152,0.3906781421341955,0.06210363949921905,0.7585026483532454,0.344537688632429,0.6038638781092985,0.42728824615867395,0.359097041629055,0.13997721602504373,0.6781810518637409,0.7029683129913517,0.4684434096321593
0.44347690932336414,0.432812721513393,0.5531285313433136,0.6275145429646856,0.5645797881834407,1.0,0.31044300802399183,0.22796412753908726,0.2470349502153601,-0.01611956151860686,0.4676664071844873,0.3511051823744362,0.14430542816410005,0.6475887566016438,0.17890337286291874,0.07651043828430487,0.43229591222474323,0.7828373127003616,0.18101749849347123
0.40002359836998,0.07260542759935436,0.3542445709848982,0.07856098727962467,0.5690608450691691,0.31044300802399183,1.0,0.5300718939126772,0.8145887766053596,0.28432604617737495,0.31842037743664453,0.11711736051759152,0.36182941700747584,0.31465000204211935,0.5721646273523291,0.26465851426982795,0.2712465927808213,0.45270642158427954,0.823795678282928
0.005025546628802944,-0.12178184280525985,0.05215308172354829,-0.09893616053588285,0.22529698027536152,0.22796412753908726,0.5300718939126772,1.0,0.4752085973717179,0.6720250222218378,-0.048631961910301155,-0.10016237571578819,0.15644941598945986,0.18269847667600578,0.21718789264003488,0.2861419554852659,-0.07202616378801499,0.24251292455332737,0.733688279261038
0.22835001707522162,-0.026668937196768012,0.22029530924665683,-0.017975271631490174,0.3906781421341955,0.2470349502153601,0.8145887766053596,0.4752085973717179,1.0,0.34412794753766984,0.15770905378389594,0.02048774806161362,0.19928513437431794,0.2373773460912907,0.5509363849509603,0.2878063864854512,0.14574464611993182,0.36222836658543783,0.6946253811759988
-0.10073293320649059,-0.19358336390949557,-0.1206254137240101,-0.2247353664516326,0.06210363949921905,-0.01611956151860686,0.28432604617737495,0.6720250222218378,0.34412794753766984,1.0,-0.1187176417918445,-0.2919857807902192,0.15185266595034677,-0.02113940412648301,0.09240076368934147,0.390992965581284,-0.15298803448275955,-0.02913737269211195,0.40023155737825705
0.8062680857090018,0.5755582194717889,0.7706646419285547,0.6389581938708739,0.7585026483532454,0.4676664071844873,0.31842037743664453,-0.048631961910301155,0.15770905378389594,-0.1187176417918445,1.0,0.522637904717949,0.4132646653492323,0.35297646271538063,0.18053048198772967,0.11869785455045509,0.6037187675346036,0.41814671522052826,0.1549396097398996
0.5815839625981551,0.6231025479015929,0.4596022100890258,0.5150458275633826,0.344537688632429,0.3511051823744362,0.11711736051759152,-0.10016237571578819,0.02048774806161362,-0.2919857807902192,0.522637904717949,1.0,0.035294972858471774,0.49276873737758076,0.06171756236206572,-0.09072794133939119,0.5321609668248665,0.3001762909791919,-0.0034457242775362685
0.5270968187444921,0.20612224528631254,0.5035890547478729,0.2561358284992748,0.6038638781092985,0.14430542816410005,0.36182941700747584,0.15644941598945986,0.19928513437431794,0.15185266595034677,0.4132646653492323,0.035294972858471774,1.0,-0.003470439934119858,0.21419708976006607,0.07060477147503326,0.42889488198869236,0.2205931327377535,0.3385757441234859
0.32366461242124983,0.3412436443916108,0.4226935394747755,0.46424055990865515,0.42728824615867395,0.6475887566016438,0.31465000204211935,0.18269847667600578,0.2373773460912907,-0.02113940412648301,0.35297646271538063,0.49276873737758076,-0.003470439934119858,1.0,0.21859786203348097,0.2447139491021478,0.2582700477640953,0.5221685571618736,0.1662206736955208
0.19490182717594026,0.05389768345286589,0.19250657110673874,0.005741591546820294,0.359097041629055,0.17890337286291874,0.5721646273523291,0.21718789264003488,0.5509363849509603,0.09240076368934147,0.18053048198772967,0.06171756236206572,0.21419708976006607,0.21859786203348097,1.0,0.29637354325072357,0.15473851245554035,0.2865158037832119,0.3875690348903889
0.10098658015103305,-0.08307474868037462,0.0816924614500026,-0.06369672188432818,0.13997721602504373,0.07651043828430487,0.26465851426982795,0.2861419554852659,0.2878063864854512,0.390992965581284,0.11869785455045509,-0.09072794133939119,0.07060477147503326,0.2447139491021478,0.29637354325072357,1.0,0.04652650372873136,-0.010625523498091706,0.21840457346626221
0.7830206058460372,0.6982488791890208,0.8096360445549433,0.6183465834748966,0.6781810518637409,0.43229591222474323,0.2712465927808213,-0.07202616378801499,0.14574464611993182,-0.15298803448275955,0.6037187675346036,0.5321609668248665,0.42889488198869236,0.2582700477640953,0.15473851245554035,0.04652650372873136,1.0,0.3574526422699725,0.2066240179036682
0.4094414692808004,0.27995022447201373,0.5720382431713508,0.5195267427563659,0.7029683129913517,0.7828373127003616,0.45270642158427954,0.24251292455332737,0.36222836658543783,-0.02913737269211195,0.41814671522052826,0.3001762909791919,0.2205931327377535,0.5221685571618736,0.2865158037832119,-0.010625523498091706,0.3574526422699725,1.0,0.33365068933757014
0.29727009114646463,-0.07303309611055205,0.2946656559183034,-0.04670317307629834,0.4684434096321593,0.18101749849347123,0.823795678282928,0.733688279261038,0.6946253811759988,0.40023155737825705,0.1549396097398996,-0.0034457242775362685,0.3385757441234859,0.1662206736955208,0.3875690348903889,0.21840457346626221,0.2066240179036682,0.33365068933757014,1.0
