0,1,2,3,4,5,6,7,8,9,10,11,12,13,14,15,16,17,18
1.0,0.4605564548615314,0.8258730360065605,0.5086662893737298,0.7539973374765891,0.27778151125305933,0.27985147163675655,-0.23802859117224034,0.19877252351476726,-0.3010484782500092,0.8107747598226209,0.38108441260307735,0.6168559100580744,0.09720842902906221,0.17885168260735684,-0.1936007923287504,0.7712689451365174,0.1966149402184354,0.13921985354810715
0.4605564548615314,1.0,0.27087572062932297,0.5790739156651158,0.27818745876283235,0.23275483511405892,-0.1160413085182789,-0.10386178592786204,-0.08278785311418763,-0.26327984997900056,0.3978283603688065,0.642582518322923,0.1704855508539328,0.18156574062901532,-0.1745148236586306,-0.06297906808859753,0.5646753814311286,0.23003186650211901,-0.19034561508563036
0.8258730360065605,0.27087572062932297,1.0,0.617790223914042,0.8220353043278589,0.3568009081120686,0.32251781673089314,-0.08304146726504116,0.22858407711149464,-0.3515064903264787,0.6869064607380752,0.1865618825236458,0.6639884658850225,0.28000336242911505,0.3059617938126415,-0.21648826638374108,0.7288570460813988,0.41504159098134313,0.2809493474075391
0.5086662893737298,0.5790739156651158,0.617790223914042,1.0,0.5261071840898122,0.5472231331287001,-0.03736025367561131,-0.08623436218026995,-0.09227342380105244,-0.4433258106870743,0.4673671206980421,0.53634124071937,0.24221836954644665,0.46903479368167333,0.01357347988722323,-0.12154201345864345,0.5520349675592063,0.5387794963453776,-0.07833596316079432
0.7539973374765891,0.27818745876283235,0.8220353043278589,0.5261071840898122,1.0,0.43435304623118,0.4879246928018845,0.03955254621542979,0.38313405639609194,-0.3120245008903541,0.6934699847249813,0.1388565427771653,0.7100620359117457,0.3596603504262666,0.37123499727466286,-0.13794301957140756,0.6300083314388926,0.5711256166112892,0.42062643575918224
0.27778151125305933,0.23275483511405892,0.3568009081120686,0.5472231331287001,0.43435304623118,1.0,0.03799704112358347,0.0884656374064035,0.03169093194690172,-0.24830857550449534,0.3005458785100651,0.17974759696262754,0.12766694527432815,0.596112111005623,-0.03065744105768405,-0.02369243524119706,0.14871994756639412,0.7915385011378802,0.002545648204044919
0.27985147163675655,-0.1160413085182789,0.32251781673089314,-0.03736025367561131,0.4879246928018845,0.03799704112358347,1.0,0.35068898963428297,0.6864193044451898,0.15185018622643096,0.2460599340767689,-0.18608640821377984,0.5264985983250408,0.13006796690550085,0.6318456842164386,0.14447225535184116,0.20163673345934965,0.177611048009424,0.7876965903020022
-0.23802859117224034,-0.10386178592786204,-0.08304146726504116,-0.08623436218026995,0.03955254621542979,0.0884656374064035,0.35068898963428297,1.0,0.3605624286905259,0.5302794589420695,-0.2679373753747501,-0.10753485993424039,-0.13530070027926344,0.1454904616388095,0.10789247267404625,0.3139354053892237,-0.28722755267158306,0.21547477178600644,0.6306836471715666
0.19877252351476726,-0.08278785311418763,0.22858407711149464,-0.09227342380105244,0.38313405639609194,0.03169093194690172,0.6864193044451898,0.3605624286905259,1.0,0.22707124711642263,0.06038153228379217,-0.1505051276674134,0.31051958155924464,0.08757116816483541,0.5106003246023029,0.05708473393227464,0.11240592686764245,0.16044031851717605,0.6687159088487852
-0.3010484782500092,-0.26327984997900056,-0.3515064903264787,-0.4433258106870743,-0.3120245008903541,-0.24830857550449534,0.15185018622643096,0.5302794589420695,0.22707124711642263,1.0,-0.3045392659275255,-0.31352518749528463,-0.22700264193180628,-0.22088029406016796,0.04912894368673786,0.35549566720818865,-0.41174175924028583,-0.25980978580977226,0.19544738920139404
0.8107747598226209,0.3978283603688065,0.6869064607380752,0.4673671206980421,0.6934699847249813,0.3005458785100651,0.2460599340767689,-0.2679373753747501,0.06038153228379217,-0.3045392659275255,1.0,0.34678219949766564,0.6029260246526594,0.1498735477181756,0.12893350004361062,-0.08311745501120694,0.6299497430618144,0.17570589943765869,0.05735939539962976
0.38108441260307735,0.642582518322923,0.1865618825236458,0.53634124071937,0.1388565427771653,0.17974759696262754,-0.18608640821377984,-0.10753485993424039,-0.1505051276674134,-0.31352518749528463,0.34678219949766564,1.0,-0.03410614906978265,0.3618468420612856,-0.19745850543956103,0.07512125375149775,0.4895739082391417,0.15028798876236163,-0.20855695877932
0.6168559100580744,0.1704855508539328,0.6639884658850225,0.24221836954644665,0.7100620359117457,0.12766694527432815,0.5264985983250408,-0.13530070027926344,0.31051958155924464,-0.22700264193180628,0.6029260246526594,-0.03410614906978265,1.0,0.05246172449571326,0.3971197919346873,-0.19926155256630035,0.5450111294850227,0.22928067756043458,0.3202536686766046
0.09720842902906221,0.18156574062901532,0.28000336242911505,0.46903479368167333,0.3596603504262666,0.596112111005623,0.13006796690550085,0.1454904616388095,0.08757116816483541,-0.22088029406016796,0.1498735477181756,0.3618468420612856,0.05246172449571326,1.0,0.10336390460552239,0.25865688782381957,0.08961255131400617,0.5634969955173315,0.15219666060856465
0.17885168260735684,-0.1745148236586306,0.3059617938126415,0.01357347988722323,0.37123499727466286,-0.03065744105768405,0.6318456842164386,0.10789247267404625,0.5106003246023029,0.04912894368673786,0.12893350004361062,-0.19745850543956103,0.3971197919346873,0.10336390460552239,1.0,0.07099673117484656,0.1322302968995068,0.10783852414598873,0.45066474426467623
-0.1936007923287504,-0.06297906808859753,-0.21648826638374108,-0.12154201345864345,-0.13794301957140756,-0.02369243524119706,0.14447225535184116,0.3139354053892237,0.05708473393227464,0.35549566720818865,-0.08311745501120694,0.07512125375149775,-0.19926155256630035,0.25865688782381957,0.07099673117484656,1.0,-0.1380938907744266,-0.01405201828673159,0.19259089400561588
0.7712689451365174,0.5646753814311286,0.7288570460813988,0.5520349675592063,0.6300083314388926,0.14871994756639412,0.20163673345934965,-0.28722755267158306,0.11240592686764245,-0.41174175924028583,0.6299497430618144,0.4895739082391417,0.5450111294850227,0.08961255131400617,0.1322302968995068,-0.1380938907744266,1.0,0.15192816173543705,0.09396338495521471
0.1966149402184354,0.23003186650211901,0.41504159098134313,0.5387794963453776,0.5711256166112892,0.7915385011378802,0.177611048009424,0.21547477178600644,0.16044031851717605,-0.25980978580977226,0.17570589943765869,0.15028798876236163,0.22928067756043458,0.5634969955173315,0.10783852414598873,-0.01405201828673159,0.15192816173543705,1.0,0.19163403289507097
0.13921985354810715,-0.19034561508563036,0.2809493474075391,-0.07833596316079432,0.42062643575918224,0.002545648204044919,0.7876965903020022,0.6306836471715666,0.6687159088487852,0.19544738920139404,0.05735939539962976,-0.20855695877932,0.3202536686766046,0.15219666060856465,0.45066474426467623,0.19259089400561588,0.09396338495521471,0.19163403289507097,1.0
