0,1,2,3,4,5,6,7,8,9,10,11,12,13,14,15,16,17,18
1.0,0.6701658966240632,0.8384467279880636,0.634768319290468,0.7617819058220427,0.4197095055002641,0.27698728934934536,-0.022397886988208934,0.10385939433250424,-0.08438362446238651,0.7803605230355501,0.5775184529155785,0.4988451902298036,0.29557711296495864,0.10112878031768455,0.006921617861279398,0.756696538752111,0.35593790856704166,0.1605112097641067
0.6701658966240632,1.0,0.5614077860737228,0.7177165725954306,0.4435429077595655,0.347317007765215,0.11162218150512306,-0.07906160756071808,-0.1079323246809952,-0.2187506128683311,0.47842161359787755,0.6828218984312479,0.22218443048269337,0.30960077104965145,-0.03644066409638523,-0.13123616545383185,0.7145997714226332,0.35414472443869865,-0.02118949970336261
0.8384467279880636,0.5614077860737228,1.0,0.763160064039762,0.7999156947442304,0.4716000578669703,0.2295154662309901,0.039194634598926,0.036448370993258955,-0.13418235280746696,0.6971927121003763,0.4077974709735835,0.545256711651403,0.428757686030162,0.107070284183939,-0.11102081099343386,0.7639735210613074,0.5048756381342293,0.18105939788491285
0.634768319290468,0.7177165725954306,0.763160064039762,1.0,0.6382270393162707,0.5878216448629855,0.16864316551530711,-0.021451599543626625,-0.08484158103564779,-0.24483464853210107,0.4846174607057214,0.4937730667260065,0.3680271238590194,0.4282339362112493,-0.01270180386356209,-0.19586330244003392,0.6732224256102778,0.6237483737110737,0.04595719463939878
0.7617819058220427,0.4435429077595655,0.7999156947442304,0.6382270393162707,1.0,0.5989903802285308,0.40366573835307507,0.15435832406547587,0.08236561469480562,-0.06239584774257252,0.7164476695516027,0.34336019449104305,0.6078199019626143,0.4926118804112975,0.169035235160094,-0.05150778146008787,0.6171567423481739,0.682822269582544,0.26461581867364886
0.4197095055002641,0.347317007765215,0.4716000578669703,0.5878216448629855,0.5989903802285308,1.0,0.2753678841949166,0.2318377086677591,0.054177815966159976,-0.108243771891567,0.4149370843292416,0.2922743692483572,0.3290186382394031,0.504588578955165,0.02773795748148385,-0.008390305633463992,0.37169814909721527,0.7903121287626688,0.1958367716702405
0.27698728934934536,0.11162218150512306,0.2295154662309901,0.16864316551530711,0.40366573835307507,0.2753678841949166,1.0,0.5068594297744267,0.6950423058813593,0.31869464087205984,0.2316859269993225,0.15590529113737403,0.20849169216907687,0.2767948234489893,0.3870657094808645,0.18543660480093038,0.20446621235512838,0.30039577992744254,0.7578169125818964
-0.022397886988208934,-0.07906160756071808,0.039194634598926,-0.021451599543626625,0.15435832406547587,0.2318377086677591,0.5068594297744267,1.0,0.28852827413042587,0.5890202352122129,0.030566103212270764,0.05700572905367709,-0.006894506268682653,0.1466988463872323,0.02560593365463937,0.1283114677311104,-0.05290986701878428,0.1320876310157143,0.7256128215443329
0.10385939433250424,-0.1079323246809952,0.036448370993258955,-0.08484158103564779,0.08236561469480562,0.054177815966159976,0.6950423058813593,0.28852827413042587,1.0,0.42168312226883076,0.10652897692754668,0.008722296364883675,-0.022051931911146672,0.0034483603557798363,0.5201525931783507,0.28502607121702156,0.03867339766701032,-0.01050182384482991,0.5247674502419305
-0.08438362446238651,-0.2187506128683311,-0.13418235280746696,-0.24483464853210107,-0.06239584774257252,-0.108243771891567,0.31869464087205984,0.5890202352122129,0.42168312226883076,1.0,-0.04642234923824925,-0.16533084955439134,-0.14756139189424386,-0.1279589607844963,0.18055837762513421,0.37231108064029955,-0.11592185682041471,-0.21359728326262598,0.44576034120519237
0.7803605230355501,0.47842161359787755,0.6971927121003763,0.4846174607057214,0.7164476695516027,0.4149370843292416,0.2316859269993225,0.030566103212270764,0.10652897692754668,-0.04642234923824925,1.0,0.4731232650203905,0.38197893137662114,0.2842767557092128,0.23061691975700127,0.05239885589364349,0.5245225425349936,0.3113816490063384,0.09308796716923037
0.5775184529155785,0.6828218984312479,0.4077974709735835,0.4937730667260065,0.34336019449104305,0.2922743692483572,0.15590529113737403,0.05700572905367709,0.008722296364883675,-0.16533084955439134,0.4731232650203905,1.0,0.06447961685771715,0.39462071586227815,0.010579221769354566,0.0096620474321032,0.6375829329297708,0.28284009151689604,0.08624761437630414
0.4988451902298036,0.22218443048269337,0.545256711651403,0.3680271238590194,0.6078199019626143,0.3290186382394031,0.20849169216907687,-0.006894506268682653,-0.022051931911146672,-0.14756139189424386,0.38197893137662114,0.06447961685771715,1.0,0.15982669101653446,0.07887555190058526,-0.16904061058417058,0.2952705546994379,0.4365003038025249,0.05876723906518215
0.29557711296495864,0.30960077104965145,0.428757686030162,0.4282339362112493,0.4926118804112975,0.504588578955165,0.2767948234489893,0.1466988463872323,0.0034483603557798363,-0.1279589607844963,0.2842767557092128,0.39462071586227815,0.15982669101653446,1.0,0.08107180612392195,0.15669588442791543,0.30012768192716255,0.39250537070712527,0.14311738718262623
0.10112878031768455,-0.03644066409638523,0.107070284183939,-0.01270180386356209,0.169035235160094,0.02773795748148385,0.3870657094808645,0.02560593365463937,0.5201525931783507,0.18055837762513421,0.23061691975700127,0.010579221769354566,0.07887555190058526,0.08107180612392195,1.0,0.2123192006375509,0.06767973865428269,-0.018219744656522457,0.19866034008256903
0.006921617861279398,-0.13123616545383185,-0.11102081099343386,-0.19586330244003392,-0.05150778146008787,-0.008390305633463992,0.18543660480093038,0.1283114677311104,0.28502607121702156,0.37231108064029955,0.05239885589364349,0.0096620474321032,-0.16904061058417058,0.15669588442791543,0.2123192006375509,1.0,0.002210614703118959,-0.16485883734788492,0.1156522555773619
0.756696538752111,0.7145997714226332,0.7639735210613074,0.6732224256102778,0.6171567423481739,0.37169814909721527,0.20446621235512838,-0.05290986701878428,0.03867339766701032,-0.11592185682041471,0.5245225425349936,0.6375829329297708,0.2952705546994379,0.30012768192716255,0.06767973865428269,0.002210614703118959,1.0,0.34777262545616594,0.17418219860069703
0.35593790856704166,0.35414472443869865,0.5048756381342293,0.6237483737110737,0.682822269582544,0.7903121287626688,0.30039577992744254,0.1320876310157143,-0.01050182384482991,-0.21359728326262598,0.3113816490063384,0.28284009151689604,0.4365003038025249,0.39250537070712527,-0.018219744656522457,-0.16485883734788492,0.34777262545616594,1.0,0.17951661282924206
0.1605112097641067,-0.02118949970336261,0.18105939788491285,0.04595719463939878,0.26461581867364886,0.1958367716702405,0.7578169125818964,0.7256128215443329,0.5247674502419305,0.44576034120519237,0.09308796716923037,0.08624761437630414,0.05876723906518215,0.14311738718262623,0.19866034008256903,0.1156522555773619,0.17418219860069703,0.17951661282924206,1.0
