0,1,2,3,4,5,6,7,8,9,10,11,12,13,14,15,16,17,18
1.0,0.46289574133552336,0.8058658852380188,0.5260344078711651,0.7552740374692811,0.35254680572658903,0.4313103879810568,0.01772697865836566,0.034020594147844606,-0.07079303982148466,0.8704593504476543,0.44284797183560237,0.6536717215573538,0.06924683274399147,0.29446589968331255,0.11211899363147573,0.7766786994771465,0.13101587586292449,0.28429560063314274
0.46289574133552336,1.0,0.27318929348596627,0.6420808235677165,0.2254878473532868,0.19637283270929554,0.19097265588765697,0.01692922445552611,-0.0342523080455144,-0.12359419683432656,0.34648752937782906,0.6355655011369583,0.26587359469719263,0.2557948509527732,0.04065484430095808,-0.044919717643890036,0.49312821352934383,0.06897788598827101,0.028089430645713447
0.8058658852380188,0.27318929348596627,1.0,0.5701324011169983,0.8485031534504776,0.5570320957998479,0.4508851515197604,0.18931515543256203,0.12210054007612563,0.02692624568246009,0.7188732038810333,0.23488915469077665,0.7302431104796284,0.2625458277685915,0.3298256349093277,0.1297648751540043,0.7669552837303203,0.4439020135824133,0.41952776519402885
0.5260344078711651,0.6420808235677165,0.5701324011169983,1.0,0.4569566354854977,0.5433026668691406,0.2644309512180694,0.11851519866791967,-0.011798151584174054,-0.020335832824593243,0.3829628781989273,0.4511546226055988,0.4048131691598754,0.4158265625507823,0.07161529378962134,0.09179026952936431,0.5277541745456324,0.2960708232245141,0.08507497597565938
0.7552740374692811,0.2254878473532868,0.8485031534504776,0.4569566354854977,1.0,0.6374999052207851,0.6135755965353653,0.3178843075000788,0.16345446099779282,0.07801111267221666,0.7239986547606917,0.15708096353508547,0.7778240286173517,0.2504700323780069,0.44313191574574884,0.15706876063837946,0.6314391656796542,0.6162696767422534,0.5615313590566157
0.35254680572658903,0.19637283270929554,0.5570320957998479,0.5433026668691406,0.6374999052207851,1.0,0.49464110552498364,0.3906211569588446,0.14193138106664352,0.1587550960373041,0.28978652251737397,0.1037456595479835,0.5058139255018514,0.5262664093425757,0.3156254893914651,0.20019210498766823,0.3561530494657423,0.7433637460229113,0.4532364446301468
0.4313103879810568,0.19097265588765697,0.4508851515197604,0.2644309512180694,0.6135755965353653,0.49464110552498364,1.0,0.5560125642471992,0.3309514191967633,0.2561629576611846,0.34372837491267216,0.10215970672265148,0.5961328736934912,0.2815910042195239,0.6289848233597468,0.2437807331286387,0.3494687286346691,0.45897880233519206,0.7593398523350614
0.01772697865836566,0.01692922445552611,0.18931515543256203,0.11851519866791967,0.3178843075000788,0.3906211569588446,0.5560125642471992,1.0,0.21028007476034602,0.6358858091011977,-0.005795798045152539,-0.08760435368107507,0.28632018929622327,0.15677433422005055,0.28128007330681004,0.35814748338282104,0.01681443426325581,0.3829535404572176,0.7238916439867127
0.034020594147844606,-0.0342523080455144,0.12210054007612563,-0.011798151584174054,0.16345446099779282,0.14193138106664352,0.3309514191967633,0.21028007476034602,1.0,0.17915706720137708,0.0641545732854602,-0.09211601242534971,0.09141710829178731,0.011611868197613803,0.36929416754936534,0.02269198698375498,0.045149758509482156,0.06382895437446327,0.3555716774227282
-0.07079303982148466,-0.12359419683432656,0.02692624568246009,-0.020335832824593243,0.07801111267221666,0.1587550960373041,0.2561629576611846,0.6358858091011977,0.17915706720137708,1.0,-0.097584172624111,-0.16239548755528255,0.052173697851331254,0.09837554016883245,0.20437209839248327,0.29947230911297956,-0.07757545399203834,0.09173074074623258,0.3623558625465218
0.8704593504476543,0.34648752937782906,0.7188732038810333,0.3829628781989273,0.7239986547606917,0.28978652251737397,0.34372837491267216,-0.005795798045152539,0.0641545732854602,-0.097584172624111,1.0,0.4003544512733882,0.5984411821329084,-0.02190149695520588,0.33672614328497713,0.10518136124973522,0.6977104143887597,0.08792926212870177,0.23105763999691184
0.44284797183560237,0.6355655011369583,0.23488915469077665,0.4511546226055988,0.15708096353508547,0.1037456595479835,0.10215970672265148,-0.08760435368107507,-0.09211601242534971,-0.16239548755528255,0.4003544512733882,1.0,0.23147941480072096,0.2748295499985242,0.026767706595496564,0.002426828355040658,0.5301344330971204,0.004967116694966417,-0.10233885103630531
0.6536717215573538,0.26587359469719263,0.7302431104796284,0.4048131691598754,0.7778240286173517,0.5058139255018514,0.5961328736934912,0.28632018929622327,0.09141710829178731,0.052173697851331254,0.5984411821329084,0.23147941480072096,1.0,0.24939126398604392,0.40172781972046717,0.14075430124212382,0.5548472442199752,0.4625535018109932,0.4353358682169403
0.06924683274399147,0.2557948509527732,0.2625458277685915,0.4158265625507823,0.2504700323780069,0.5262664093425757,0.2815910042195239,0.15677433422005055,0.011611868197613803,0.09837554016883245,-0.02190149695520588,0.2748295499985242,0.24939126398604392,1.0,0.1882233847581387,0.2920201963294192,0.10667394117897434,0.3016633950584496,0.13009442481419972
0.29446589968331255,0.04065484430095808,0.3298256349093277,0.07161529378962134,0.44313191574574884,0.3156254893914651,0.6289848233597468,0.28128007330681004,0.36929416754936534,0.20437209839248327,0.33672614328497713,0.026767706595496564,0.40172781972046717,0.1882233847581387,1.0,0.17485053199186013,0.23274188338057797,0.21756750326633936,0.4841393255413243
0.11211899363147573,-0.044919717643890036,0.1297648751540043,0.09179026952936431,0.15706876063837946,0.20019210498766823,0.2437807331286387,0.35814748338282104,0.02269198698375498,0.29947230911297956,0.10518136124973522,0.002426828355040658,0.14075430124212382,0.2920201963294192,0.17485053199186013,1.0,0.05810552551030107,0.07285650825008032,0.16987398150215047
0.7766786994771465,0.49312821352934383,0.7669552837303203,0.5277541745456324,0.6314391656796542,0.3561530494657423,0.3494687286346691,0.01681443426325581,0.045149758509482156,-0.07757545399203834,0.6977104143887597,0.5301344330971204,0.5548472442199752,0.10667394117897434,0.23274188338057797,0.05810552551030107,1.0,0.15647536515649282,0.2697615191856325
0.13101587586292449,0.06897788598827101,0.4439020135824133,0.2960708232245141,0.6162696767422534,0.7433637460229113,0.45897880233519206,0.3829535404572176,0.06382895437446327,0.09173074074623258,0.08792926212870177,0.004967116694966417,0.4625535018109932,0.3016633950584496,0.21756750326633936,0.07285650825008032,0.15647536515649282,1.0,0.47593712623423134
0.28429560063314274,0.028089430645713447,0.41952776519402885,0.08507497597565938,0.5615313590566157,0.4532364446301468,0.7593398523350614,0.7238916439867127,0.3555716774227282,0.3623558625465218,0.23105763999691184,-0.10233885103630531,0.4353358682169403,0.13009442481419972,0.4841393255413243,0.16987398150215047,0.2697615191856325,0.47593712623423134,1.0
