0,1,2,3,4,5,6,7,8,9,10,11,12,13,14,15,16,17,18
1.0,0.5593283855641926,0.5239513975474571,0.235992193404924,0.3633160952356183,-0.4857308561200853,0.3656207606115088,0.027519963152294945,0.48136363294767787,0.13306612141444019,0.5493293392798178,-0.22719083766927287,0.4749807543513525,0.05065709458886374,0.260561475100342,0.028134369425687873,0.4782375188220343,-0.27663798331487843,0.38802767658126147
0.5593283855641926,1.0,0.08391106570993395,0.2742056305321326,-0.055676587877710335,-0.3604706348295527,0.30732072416896106,-0.02428609725412722,0.29340680680275266,0.22194358603448486,0.10420362444763293,-0.015248563208046836,0.0957546574769122,-0.04039557871537011,-0.005995028638707578,0.12747071173432903,0.043854351825093923,-0.3469614931910864,0.015898782582957502
0.5239513975474571,0.08391106570993395,1.0,0.2188056101154434,0.7889914597779009,0.1345748797105562,0.4322488658697805,0.2622919623070477,0.372584667417741,0.12373941132177765,0.8208855515281864,0.018975652744953508,0.6017207171756687,0.19065786093880505,0.3254305522639121,-0.027041252373059755,0.8580658860598178,0.10745206072219621,0.5772263364143372
0.235992193404924,0.2742056305321326,0.2188056101154434,1.0,0.06916553356046667,-0.02017690046520956,0.06853091955505655,0.07713529273707778,0.177066424356889,0.11534179439276447,0.18972879799520762,0.2858487353881248,0.26048628326207524,0.07472502145633422,0.1854005131291992,0.09166066507787446,0.41504562561974184,-0.6210630294330817,0.16220224637564334
0.3633160952356183,-0.055676587877710335,0.7889914597779009,0.06916553356046667,1.0,0.39856465410585096,0.5996469328036602,0.46612450021750257,0.5169984677343762,0.21972533389951354,0.7842898314699532,0.1476310800788896,0.740281903030506,0.3505065938726621,0.4035968874988493,0.010164759859966902,0.7221062475239147,0.3602456826497578,0.8014206787842052
-0.4857308561200853,-0.3604706348295527,0.1345748797105562,-0.02017690046520956,0.39856465410585096,1.0,0.3411733401233482,0.5469867556977649,0.18348300660757197,0.2829127132752088,0.1763151191712414,0.28552945271259356,0.21680253566305377,0.18985914694823938,0.03602579723325636,0.0748763310335166,0.09501217942582806,0.4031872367853469,0.32933345005659465
0.3656207606115088,0.30732072416896106,0.4322488658697805,0.06853091955505655,0.5996469328036602,0.3411733401233482,1.0,0.4182549682197155,0.7211718933765099,0.25757071871990456,0.5337471456766391,0.20888597763999517,0.6297002985726168,0.2897672473524058,0.42369744535256915,0.09668303219091283,0.4822404674125388,0.20700452887146192,0.6540126297960189
0.027519963152294945,-0.02428609725412722,0.2622919623070477,0.07713529273707778,0.46612450021750257,0.5469867556977649,0.4182549682197155,1.0,0.46159880504411815,0.6078280396455552,0.2965702945565766,0.20036608739483705,0.3939866433236105,0.5664312214955021,0.24122408733519085,0.24112079791186522,0.21524888991940366,0.3249791459889494,0.648759809834392
0.48136363294767787,0.29340680680275266,0.372584667417741,0.177066424356889,0.5169984677343762,0.18348300660757197,0.7211718933765099,0.46159880504411815,1.0,0.45729335060156967,0.3982470367850586,0.15452015466394584,0.5064318959524408,0.3266823977559063,0.29504595986114707,0.18162947187252046,0.420514356594795,0.09717767107881094,0.6939981356702163
0.13306612141444019,0.22194358603448486,0.12373941132177765,0.11534179439276447,0.21972533389951354,0.2829127132752088,0.25757071871990456,0.6078280396455552,0.45729335060156967,1.0,0.07830038054971256,0.22847982557559457,0.15307333790992617,0.32668361228667,0.1860700524085274,0.6388184513568876,0.08937660658669684,0.13297797276347043,0.4044028955604963
0.5493293392798178,0.10420362444763293,0.8208855515281864,0.18972879799520762,0.7842898314699532,0.1763151191712414,0.5337471456766391,0.2965702945565766,0.3982470367850586,0.07830038054971256,1.0,0.1957642262905695,0.8065546650315357,0.25247069827330937,0.47366658997978783,-0.04429383806266156,0.792514650625978,0.09373322950419742,0.6427455751038742
-0.22719083766927287,-0.015248563208046836,0.018975652744953508,0.2858487353881248,0.1476310800788896,0.28552945271259356,0.20888597763999517,0.20036608739483705,0.15452015466394584,0.22847982557559457,0.1957642262905695,1.0,0.285099376095874,0.2651844532353704,0.08935372433062684,0.07673929340381158,0.08609260811518989,-0.08800929766717139,0.15067720364900122
0.4749807543513525,0.0957546574769122,0.6017207171756687,0.26048628326207524,0.740281903030506,0.21680253566305377,0.6297002985726168,0.3939866433236105,0.5064318959524408,0.15307333790992617,0.8065546650315357,0.285099376095874,1.0,0.3654439501637929,0.6323368063899543,0.0622936846562776,0.7030124592978501,0.06567407304704305,0.7329719766051883
0.05065709458886374,-0.04039557871537011,0.19065786093880505,0.07472502145633422,0.3505065938726621,0.18985914694823938,0.2897672473524058,0.5664312214955021,0.3266823977559063,0.32668361228667,0.25247069827330937,0.2651844532353704,0.3654439501637929,1.0,0.22087699416423653,0.15744502324314189,0.18673486293256877,0.20828274009295264,0.4114161972610583
0.260561475100342,-0.005995028638707578,0.3254305522639121,0.1854005131291992,0.4035968874988493,0.03602579723325636,0.42369744535256915,0.24122408733519085,0.29504595986114707,0.1860700524085274,0.47366658997978783,0.08935372433062684,0.6323368063899543,0.22087699416423653,1.0,0.1377420450333626,0.5000480953319404,-0.08634919796571751,0.5021633910450188
0.028134369425687873,0.12747071173432903,-0.027041252373059755,0.09166066507787446,0.010164759859966902,0.0748763310335166,0.09668303219091283,0.24112079791186522,0.18162947187252046,0.6388184513568876,-0.04429383806266156,0.07673929340381158,0.0622936846562776,0.15744502324314189,0.1377420450333626,1.0,-0.029289797277824537,-0.014809131843101932,0.1040932366914024
0.4782375188220343,0.043854351825093923,0.8580658860598178,0.41504562561974184,0.7221062475239147,0.09501217942582806,0.4822404674125388,0.21524888991940366,0.420514356594795,0.08937660658669684,0.792514650625978,0.08609260811518989,0.7030124592978501,0.18673486293256877,0.5000480953319404,-0.029289797277824537,1.0,-0.09206358016602427,0.6649021314571286
-0.27663798331487843,-0.3469614931910864,0.10745206072219621,-0.6210630294330817,0.3602456826497578,0.4031872367853469,0.20700452887146192,0.3249791459889494,0.09717767107881094,0.13297797276347043,0.09373322950419742,-0.08800929766717139,0.06567407304704305,0.20828274009295264,-0.08634919796571751,-0.014809131843101932,-0.09206358016602427,1.0,0.2064425553895856
0.38802767658126147,0.015898782582957502,0.5772263364143372,0.16220224637564334,0.8014206787842052,0.32933345005659465,0.6540126297960189,0.648759809834392,0.6939981356702163,0.4044028955604963,0.6427455751038742,0.15067720364900122,0.7329719766051883,0.4114161972610583,0.5021633910450188,0.1040932366914024,0.6649021314571286,0.2064425553895856,1.0
