0,1,2,3,4,5,6,7,8,9,10,11,12,13,14,15,16,17,18
1.0,0.32589204253451803,0.5435670799482875,0.23646613833535624,0.28328938099216655,-0.5050771043201119,0.4345176291182338,-0.08985425760343908,0.35844462566325763,-0.014083999468663972,0.5004132262361244,-0.08010021695735661,0.45952137760809886,0.03433488100131013,0.4398754221886,-0.07058546062955287,0.5259971694222808,0.15033484915150302,0.2513404206655017
0.32589204253451803,1.0,0.11004114965029643,0.18671880920896705,-0.18620280382291776,-0.3432814881742772,0.07843354614547966,0.0661324659907877,0.15835780092816132,0.300961696593279,0.03134033026906478,-0.09304859879537022,0.038751471013963874,-0.03868562773838867,0.10385741716191048,0.17896593912348616,0.11790816401890514,0.132483425565715,-0.012610102751105306
0.5435670799482875,0.11004114965029643,1.0,0.312120891035254,0.6869674312904194,-0.00799065126535771,0.5305004986144963,0.13431776179764454,0.3448468795418445,6.252592200230294e-05,0.8209448136928544,0.16017997166240805,0.5760610232607942,0.04232915289239556,0.346795692363152,-0.11300748852471067,0.8589474607356703,0.14542340169722962,0.47375460089765487
0.23646613833535624,0.18671880920896705,0.312120891035254,1.0,0.13526264616393277,-0.06986487391412766,0.2004069581991265,0.0778463546022229,-0.0364821046335872,0.048464463729276985,0.298080027247955,0.22318013657061345,0.21446971228576422,0.08835037793845531,0.12395201418327599,-0.007913191854762174,0.31682495780214887,0.07035195281787378,0.09057841343883502
0.28328938099216655,-0.18620280382291776,0.6869674312904194,0.13526264616393277,1.0,0.3838023693760177,0.634603685336233,0.2933533345906197,0.37194913085082415,0.0585954723144999,0.7299187911511681,0.22539567416411485,0.7164712164348097,0.13232387585956726,0.31362495702755405,-0.059107546992779994,0.5598405354407927,0.07143984706970484,0.6440250167771835
-0.5050771043201119,-0.3432814881742772,-0.00799065126535771,-0.06986487391412766,0.3838023693760177,1.0,-0.06581483518996205,0.36216428077173857,-0.08746213992057088,0.22157945215783387,0.09812187424769647,0.07925717567345351,0.10721867739537233,0.04403775223136937,-0.16819445358764382,0.14240785300551473,-0.18520939788430368,-0.5570352218325207,0.2354384040675621
0.4345176291182338,0.07843354614547966,0.5305004986144963,0.2004069581991265,0.634603685336233,-0.06581483518996205,1.0,0.4427660005823914,0.80351474113926,0.24043350786179205,0.5681247409258818,0.2419344871327932,0.7173129725678278,0.3410241474090287,0.46403933625831206,0.05725910670984369,0.5686512943320168,0.4648761252596404,0.7409486214947457
-0.08985425760343908,0.0661324659907877,0.13431776179764454,0.0778463546022229,0.2933533345906197,0.36216428077173857,0.4427660005823914,1.0,0.5218361243621331,0.7062866759616172,0.2127759519708672,0.2257726662405498,0.335322035137342,0.5585652602973298,0.16677580150459256,0.5080136113408406,0.009786178517012497,0.12018680306198506,0.6528974467741626
0.35844462566325763,0.15835780092816132,0.3448468795418445,-0.0364821046335872,0.37194913085082415,-0.08746213992057088,0.80351474113926,0.5218361243621331,1.0,0.46052759234484236,0.3210290082954547,0.21218761912801393,0.47794617678571377,0.3003362741970035,0.4252660271111634,0.20263981972958228,0.4035272315489581,0.3222625907855348,0.7438614376254921
-0.014083999468663972,0.300961696593279,6.252592200230294e-05,0.048464463729276985,0.0585954723144999,0.22157945215783387,0.24043350786179205,0.7062866759616172,0.46052759234484236,1.0,-0.0083081373032598,0.14041431419120745,0.07775336505068439,0.3384702985742419,0.10987589717466296,0.6843635978412593,-0.07393430426550966,0.06136781114232121,0.43112517665093025
0.5004132262361244,0.03134033026906478,0.8209448136928544,0.298080027247955,0.7299187911511681,0.09812187424769647,0.5681247409258818,0.2127759519708672,0.3210290082954547,-0.0083081373032598,1.0,0.348350510271495,0.7865942755637728,0.2049298802706261,0.42862196314708145,-0.05094585638211258,0.7171026484571087,0.1285029672126169,0.47313989431154724
-0.08010021695735661,-0.09304859879537022,0.16017997166240805,0.22318013657061345,0.22539567416411485,0.07925717567345351,0.2419344871327932,0.2257726662405498,0.21218761912801393,0.14041431419120745,0.348350510271495,1.0,0.3234043494053669,0.32751553617510637,-0.03147986869948221,0.03817357782643881,0.13750929112580626,-0.08774584156182572,0.15399755779275104
0.45952137760809886,0.038751471013963874,0.5760610232607942,0.21446971228576422,0.7164712164348097,0.10721867739537233,0.7173129725678278,0.335322035137342,0.47794617678571377,0.07775336505068439,0.7865942755637728,0.3234043494053669,1.0,0.3202061629114035,0.6384240066073842,0.054287821668044384,0.5278584060931029,0.18944125301739495,0.5658425292695304
0.03433488100131013,-0.03868562773838867,0.04232915289239556,0.08835037793845531,0.13232387585956726,0.04403775223136937,0.3410241474090287,0.5585652602973298,0.3003362741970035,0.3384702985742419,0.2049298802706261,0.32751553617510637,0.3202061629114035,1.0,0.13205487057600204,0.37423068489048594,-0.002550605537489346,0.09802202920541402,0.26200323938197306
0.4398754221886,0.10385741716191048,0.346795692363152,0.12395201418327599,0.31362495702755405,-0.16819445358764382,0.46403933625831206,0.16677580150459256,0.4252660271111634,0.10987589717466296,0.42862196314708145,-0.03147986869948221,0.6384240066073842,0.13205487057600204,1.0,0.19211078387439626,0.39169869333101814,0.18890187789150742,0.40608998179054745
-0.07058546062955287,0.17896593912348616,-0.11300748852471067,-0.007913191854762174,-0.059107546992779994,0.14240785300551473,0.05725910670984369,0.5080136113408406,0.20263981972958228,0.6843635978412593,-0.05094585638211258,0.03817357782643881,0.054287821668044384,0.37423068489048594,0.19211078387439626,1.0,-0.18483327830268767,-0.03899448791942851,0.19657714046011435
0.5259971694222808,0.11790816401890514,0.8589474607356703,0.31682495780214887,0.5598405354407927,-0.18520939788430368,0.5686512943320168,0.009786178517012497,0.4035272315489581,-0.07393430426550966,0.7171026484571087,0.13750929112580626,0.5278584060931029,-0.002550605537489346,0.39169869333101814,-0.18483327830268767,1.0,0.20436748234431112,0.43802243371457683
0.15033484915150302,0.132483425565715,0.14542340169722962,0.07035195281787378,0.07143984706970484,-0.5570352218325207,0.4648761252596404,0.12018680306198506,0.3222625907855348,0.06136781114232121,0.1285029672126169,-0.08774584156182572,0.18944125301739495,0.09802202920541402,0.18890187789150742,-0.03899448791942851,0.20436748234431112,1.0,0.16503802151404615
0.2513404206655017,-0.012610102751105306,0.47375460089765487,0.09057841343883502,0.6440250167771835,0.2354384040675621,0.7409486214947457,0.6528974467741626,0.7438614376254921,0.43112517665093025,0.47313989431154724,0.15399755779275104,0.5658425292695304,0.26200323938197306,0.40608998179054745,0.19657714046011435,0.43802243371457683,0.16503802151404615,1.0
