0,1,2,3,4,5,6,7,8,9,10,11,12,13,14,15,16,17,18
1.0,0.3933467725389583,0.4815588616105205,0.04278709483721195,0.22949594111598343,-0.36250091994951994,0.33109561990024405,-0.037479688964018286,0.21930065186274905,0.1239646793232608,0.4345319328495502,-0.386941330939161,0.4162800793085787,-0.12746954514176992,0.27456298119288275,0.02872205216852452,0.38125581474337383,-0.16499066761314354,0.28130161700122613
0.3933467725389583,1.0,0.029132311854492814,0.4047467527999277,-0.12446686088808788,-0.3607321847394913,0.19266369537513534,0.12933373164652098,0.28942988752234133,0.20055641216638811,0.04320465047920721,0.07597662175124172,0.1883248047270503,0.04951887394474288,-0.020177432537248047,0.08460078850820879,-0.05815376995087906,-0.16388379475806172,0.049332510625592366
0.4815588616105205,0.029132311854492814,1.0,0.21947890384356097,0.7620981727080555,0.2908050827022126,0.3341755055332869,0.08806803722266947,0.09270264267470836,0.10011047363946411,0.7985543286488576,-0.17916628267300166,0.5097371014209474,-0.17055789804384375,0.3197131208274989,-0.04926913413102348,0.8084924376751718,0.25723452888961656,0.4163282660578145
0.04278709483721195,0.4047467527999277,0.21947890384356097,1.0,0.11446720144392912,-0.017173513691071285,0.16816673294163853,0.23418677752787814,0.30530829187370684,0.1856895791906319,0.24589376405678473,0.37343939407560967,0.21199153230104725,0.21314735317692382,0.010724863558011593,0.10992706487344144,0.30297870834343416,-0.04568376095691937,0.10233690074637437
0.22949594111598343,-0.12446686088808788,0.7620981727080555,0.11446720144392912,1.0,0.6077956733642919,0.4880385411045819,0.3125550184801734,0.19147551507027924,0.18551263935839132,0.7386319823274025,-0.051756324391684067,0.6190133681286966,-0.05275131551023256,0.33347865784359293,0.0022678089305304314,0.6005301965081665,0.4997826688000604,0.6494419709563003
-0.36250091994951994,-0.3607321847394913,0.2908050827022126,-0.017173513691071285,0.6077956733642919,1.0,0.31663314227948974,0.5320968539974504,0.07771095323379762,0.28982568752020627,0.39654857473459304,0.041133091071392555,0.36231539143358443,-0.009947784735381143,0.1701976546373571,-0.0015406585361855236,0.1205528212049641,0.5711904531980245,0.4265554534206778
0.33109561990024405,0.19266369537513534,0.3341755055332869,0.16816673294163853,0.4880385411045819,0.31663314227948974,1.0,0.5239686559515386,0.6962599795417114,0.35629558680391854,0.3880291099646668,0.0966406101546289,0.6529378734227702,0.2288649321572999,0.4243655786212974,0.13982376759654144,0.4058111399044884,0.21753916029403383,0.692676073144556
-0.037479688964018286,0.12933373164652098,0.08806803722266947,0.23418677752787814,0.3125550184801734,0.5320968539974504,0.5239686559515386,1.0,0.5095688719426692,0.6807129106251651,0.1956113676929498,0.21542053119105598,0.4026756066732453,0.4268023676204878,0.16895709924553037,0.3042632253211402,-0.00097973937566676,0.3316588229268704,0.677297786859274
0.21930065186274905,0.28942988752234133,0.09270264267470836,0.30530829187370684,0.19147551507027924,0.07771095323379762,0.6962599795417114,0.5095688719426692,1.0,0.44313981478063336,0.14207338055241903,0.2214547249358294,0.4220959427835831,0.3749216683550378,0.3026745673228168,0.22485407784081007,0.23892818408122005,0.10408611653068735,0.6522117474061974
0.1239646793232608,0.20055641216638811,0.10011047363946411,0.1856895791906319,0.18551263935839132,0.28982568752020627,0.35629558680391854,0.6807129106251651,0.44313981478063336,1.0,0.14818515115203404,0.13516011093618038,0.3327854163109233,0.36334616886742677,0.4003367231742462,0.6723282678934063,0.06779566698331753,0.21567026029697536,0.5154578083127882
0.4345319328495502,0.04320465047920721,0.7985543286488576,0.24589376405678473,0.7386319823274025,0.39654857473459304,0.3880291099646668,0.1956113676929498,0.14207338055241903,0.14818515115203404,1.0,0.05808213654188191,0.756669033054222,-0.044494370560533694,0.3508440381715412,-0.018805122656698838,0.6595935567563886,0.3594739612881947,0.45894217153859723
-0.386941330939161,0.07597662175124172,-0.17916628267300166,0.37343939407560967,-0.051756324391684067,0.041133091071392555,0.0966406101546289,0.21542053119105598,0.2214547249358294,0.13516011093618038,0.05808213654188191,1.0,0.1613786657623079,0.4399221568019346,-0.12181742864839393,0.052657319697940325,-0.12146760227158875,-0.1014420843543977,0.028522071139099877
0.4162800793085787,0.1883248047270503,0.5097371014209474,0.21199153230104725,0.6190133681286966,0.36231539143358443,0.6529378734227702,0.4026756066732453,0.4220959427835831,0.3327854163109233,0.756669033054222,0.1613786657623079,1.0,0.24257903051164442,0.538174500446774,0.1561607797833957,0.45570303716268057,0.2967661540527715,0.5962854344592483
-0.12746954514176992,0.04951887394474288,-0.17055789804384375,0.21314735317692382,-0.05275131551023256,-0.009947784735381143,0.2288649321572999,0.4268023676204878,0.3749216683550378,0.36334616886742677,-0.044494370560533694,0.4399221568019346,0.24257903051164442,1.0,0.04411965821628693,0.2460343726649454,-0.07601482970948441,-0.006279575346427507,0.2598615487941346
0.27456298119288275,-0.020177432537248047,0.3197131208274989,0.010724863558011593,0.33347865784359293,0.1701976546373571,0.4243655786212974,0.16895709924553037,0.3026745673228168,0.4003367231742462,0.3508440381715412,-0.12181742864839393,0.538174500446774,0.04411965821628693,1.0,0.366318241325248,0.37004931752766324,0.011739592427960938,0.3325540876453638
0.02872205216852452,0.08460078850820879,-0.04926913413102348,0.10992706487344144,0.0022678089305304314,-0.0015406585361855236,0.13982376759654144,0.3042632253211402,0.22485407784081007,0.6723282678934063,-0.018805122656698838,0.052657319697940325,0.1561607797833957,0.2460343726649454,0.366318241325248,1.0,-0.0254949087535457,-0.027845760912636446,0.23143718201198438
0.38125581474337383,-0.05815376995087906,0.8084924376751718,0.30297870834343416,0.6005301965081665,0.1205528212049641,0.4058111399044884,-0.00097973937566676,0.23892818408122005,0.06779566698331753,0.6595935567563886,-0.12146760227158875,0.45570303716268057,-0.07601482970948441,0.37004931752766324,-0.0254949087535457,1.0,0.1366469303832006,0.40210435980541676
-0.16499066761314354,-0.16388379475806172,0.25723452888961656,-0.04568376095691937,0.4997826688000604,0.5711904531980245,0.21753916029403383,0.3316588229268704,0.10408611653068735,0.21567026029697536,0.3594739612881947,-0.1014420843543977,0.2967661540527715,-0.006279575346427507,0.011739592427960938,-0.027845760912636446,0.1366469303832006,1.0,0.32635730262950935
0.28130161700122613,0.049332510625592366,0.4163282660578145,0.10233690074637437,0.6494419709563003,0.4265554534206778,0.692676073144556,0.677297786859274,0.6522117474061974,0.5154578083127882,0.45894217153859723,0.028522071139099877,0.5962854344592483,0.2598615487941346,0.3325540876453638,0.23143718201198438,0.40210435980541676,0.32635730262950935,1.0
