0,1,2,3,4,5,6,7,8,9,10,11,12,13,14,15,16,17,18
1.0,0.15507857067849407,0.6396259893843176,-0.2351401979978453,0.41294495361972167,-0.474363865369334,0.4164456742563861,-0.35195475128639914,0.27515245302549995,-0.22331592926874425,0.5235688546967381,-0.5332500107493371,0.4632081513838502,-0.4161725795685628,0.4840500173768536,-0.21745471875775338,0.5971157975146442,0.027512089920493196,0.3274402658503431
0.15507857067849407,1.0,0.014792544731669858,0.3417963556319543,-0.23903325621779103,-0.41936582764999203,-0.16789332110176253,-0.004985934691725771,-0.04786291417189479,-0.04391300091501517,-0.19437858374153125,0.03202904619767597,-0.11515114073697796,-0.012732451316256086,-0.1647045463665107,-0.1877877383603527,-0.08907793706650882,-0.30958554474073086,-0.14276272157285635
0.6396259893843176,0.014792544731669858,1.0,0.1492259271588993,0.7093367756103667,0.012026157252231674,0.5619462701473749,-0.039185627491841776,0.2633026556401925,-0.10020373159304406,0.8067506206634041,-0.23876497030385754,0.6212460078916543,-0.18824617875134828,0.45655307869859524,-0.09499803328518833,0.8655195957872786,0.28008294736720823,0.4944643240562785
-0.2351401979978453,0.3417963556319543,0.1492259271588993,1.0,0.09697876954044589,0.2494852824648708,0.06292000499951421,0.35262567255483784,0.15213358715763423,0.3318167385513606,0.12768730314354945,0.5210581284959149,0.10779020721475059,0.3456846557152877,-0.21767819350466278,0.2511842643566874,0.19738080248011372,-0.17609118403282134,0.02515988812345203
0.41294495361972167,-0.23903325621779103,0.7093367756103667,0.09697876954044589,1.0,0.449096980301691,0.864567280278146,0.26364714081339075,0.4522530008521549,0.1119739895661569,0.8506687714484741,-0.04352230930237259,0.8667716879754286,0.05841747201620675,0.5062118032249907,0.149285068505033,0.6540251426425502,0.5417372711570427,0.7517897434294759
-0.474363865369334,-0.41936582764999203,0.012026157252231674,0.2494852824648708,0.449096980301691,1.0,0.41334819700264996,0.6610739116098707,0.24449765986499325,0.46585948809877414,0.286069411717307,0.29036326816139957,0.35308453217917335,0.44828568610844044,-0.08433305687072676,0.40606156606729205,-0.03224851907204642,0.42155081190303706,0.3809179635928543
0.4164456742563861,-0.16789332110176253,0.5619462701473749,0.06292000499951421,0.864567280278146,0.41334819700264996,1.0,0.36416220338459626,0.6978779791974514,0.18460442193288185,0.7458842220650316,-0.05315698745994055,0.8796759993667501,0.14056340506779275,0.5156567097742738,0.21093556942079306,0.5778703153933795,0.5171862448160015,0.8542594788249502
-0.35195475128639914,-0.004985934691725771,-0.039185627491841776,0.35262567255483784,0.26364714081339075,0.6610739116098707,0.36416220338459626,1.0,0.41529511265811536,0.6887585753116818,0.12745726125477974,0.3951724663186094,0.2362261987363373,0.7112059871299092,-0.19671154630453414,0.5856893801829236,-0.1092876284505265,0.31543214443751355,0.5331473178941497
0.27515245302549995,-0.04786291417189479,0.2633026556401925,0.15213358715763423,0.4522530008521549,0.24449765986499325,0.6978779791974514,0.41529511265811536,1.0,0.4383422556380489,0.3998071706698692,0.0633421513808418,0.5158093325223366,0.32669229575827347,0.2836130623224771,0.31210994252917895,0.3664526312966143,0.2961090385513656,0.737987358771569
-0.22331592926874425,-0.04391300091501517,-0.10020373159304406,0.3318167385513606,0.1119739895661569,0.46585948809877414,0.18460442193288185,0.6887585753116818,0.4383422556380489,1.0,0.010033539558682745,0.3873164651037592,0.0500727156374381,0.5132263647040783,-0.17403775732433685,0.7627910825723185,-0.07369649416441335,0.18837394608079805,0.3016647397621964
0.5235688546967381,-0.19437858374153125,0.8067506206634041,0.12768730314354945,0.8506687714484741,0.286069411717307,0.7458842220650316,0.12745726125477974,0.3998071706698692,0.010033539558682745,1.0,-0.0315652805827585,0.861640851276441,-0.03274418855806157,0.5261261615534286,0.0652987284628637,0.7597126550041773,0.45434911028230945,0.6273375505853922
-0.5332500107493371,0.03202904619767597,-0.23876497030385754,0.5210581284959149,-0.04352230930237259,0.29036326816139957,-0.05315698745994055,0.3951724663186094,0.0633421513808418,0.3873164651037592,-0.0315652805827585,1.0,-0.010479030174102327,0.43394883474262835,-0.4013579341637656,0.2651311175271702,-0.2634240686158372,-0.07118625026448833,-0.0518867119288866
0.4632081513838502,-0.11515114073697796,0.6212460078916543,0.10779020721475059,0.8667716879754286,0.35308453217917335,0.8796759993667501,0.2362261987363373,0.5158093325223366,0.0500727156374381,0.861640851276441,-0.010479030174102327,1.0,0.050620929099652885,0.5790590719077705,0.12369963760514997,0.617662859300629,0.4655626255611982,0.7201274984723086
-0.4161725795685628,-0.012732451316256086,-0.18824617875134828,0.3456846557152877,0.05841747201620675,0.44828568610844044,0.14056340506779275,0.7112059871299092,0.32669229575827347,0.5132263647040783,-0.03274418855806157,0.43394883474262835,0.050620929099652885,1.0,-0.26442396895740994,0.5273702119368779,-0.22932252753397425,0.11023331733637762,0.25136840614652173
0.4840500173768536,-0.1647045463665107,0.45655307869859524,-0.21767819350466278,0.5062118032249907,-0.08433305687072676,0.5156567097742738,-0.19671154630453414,0.2836130623224771,-0.17403775732433685,0.5261261615534286,-0.4013579341637656,0.5790590719077705,-0.26442396895740994,1.0,-0.058750973736267996,0.5571213653556171,0.14493913698653077,0.4512573001134653
-0.21745471875775338,-0.1877877383603527,-0.09499803328518833,0.2511842643566874,0.149285068505033,0.40606156606729205,0.21093556942079306,0.5856893801829236,0.31210994252917895,0.7627910825723185,0.0652987284628637,0.2651311175271702,0.12369963760514997,0.5273702119368779,-0.058750973736267996,1.0,-0.04619582397264101,0.21749423186576988,0.2743567946301065
0.5971157975146442,-0.08907793706650882,0.8655195957872786,0.19738080248011372,0.6540251426425502,-0.03224851907204642,0.5778703153933795,-0.1092876284505265,0.3664526312966143,-0.07369649416441335,0.7597126550041773,-0.2634240686158372,0.617662859300629,-0.22932252753397425,0.5571213653556171,-0.04619582397264101,1.0,0.1991667170800286,0.5220065189843729
0.027512089920493196,-0.30958554474073086,0.28008294736720823,-0.17609118403282134,0.5417372711570427,0.42155081190303706,0.5171862448160015,0.31543214443751355,0.2961090385513656,0.18837394608079805,0.45434911028230945,-0.07118625026448833,0.4655626255611982,0.11023331733637762,0.14493913698653077,0.21749423186576988,0.1991667170800286,1.0,0.4219045075847096
0.3274402658503431,-0.14276272157285635,0.4944643240562785,0.02515988812345203,0.7517897434294759,0.3809179635928543,0.8542594788249502,0.5331473178941497,0.737987358771569,0.3016647397621964,0.6273375505853922,-0.0518867119288866,0.7201274984723086,0.25136840614652173,0.4512573001134653,0.2743567946301065,0.5220065189843729,0.4219045075847096,1.0
