0,1,2,3,4,5,6,7,8,9,10,11,12,13,14,15,16,17,18
1.0,0.5902530189339837,0.8668600819994152,0.4741135749188071,0.4574362740317073,0.2898288245083101,0.28552079895471294,0.18807889169657196,-0.02157888447550811,0.06273997780199084,0.7607685712657029,0.19056428872609232,0.4437951472922985,0.2379086952457088,0.15628864595493225,0.10248239020290931,0.7021271577021143,0.311205001056559,-0.06348176638385924
0.5902530189339837,1.0,0.48903859317881676,0.9207963617171716,0.18678713286173393,0.6221306204762448,0.07208268453588938,0.49240844609631024,-0.1225993212962915,0.3350454814670494,0.6029136838120129,0.4745738708328768,0.32352576283002693,0.52819548188996,0.0891828816626981,0.4046670067837106,0.5709595549364929,0.5574167948602531,-0.2207854667767201
0.8668600819994152,0.48903859317881676,1.0,0.4062675497543742,0.48924765922843455,0.28716067343243235,0.24155437969851815,0.0958098757586698,-0.06972448869740853,-0.00949875564993436,0.6713407479561461,0.1537622574647332,0.42611459414309844,0.10664700838541837,0.087215926970167,-0.02491330118140487,0.7909604742434196,0.3456907059125925,-0.16585534627786594
0.4741135749188071,0.9207963617171716,0.4062675497543742,1.0,0.14584818611745984,0.7029093884707328,0.03495243420766236,0.5359195143545284,-0.15936232807714829,0.34686600877173085,0.5421030531996093,0.4466992222298684,0.3071331154943243,0.5642784466007547,0.03942564004636618,0.43637291524043514,0.5422365302707659,0.6217971451271141,-0.2658645210509563
0.4574362740317073,0.18678713286173393,0.48924765922843455,0.14584818611745984,1.0,0.3876720602043164,0.8386421107408057,0.28858298804004545,0.26186184226304715,0.1284874807134165,0.4118080765800128,0.018250104846245216,0.5879284891858744,0.1750449691121301,0.3209081886284599,0.06850405779692469,0.3785595141391858,0.4833241571396761,0.18690334728538324
0.2898288245083101,0.6221306204762448,0.28716067343243235,0.7029093884707328,0.3876720602043164,1.0,0.36318445341923444,0.8109235497985025,0.14271518768514582,0.4789545336848149,0.39222239683134374,0.18237930388364149,0.31420088529842616,0.6305538181349487,0.19839749743782598,0.552183917762171,0.33181066310514346,0.8738484848180857,0.1349862338376056
0.28552079895471294,0.07208268453588938,0.24155437969851815,0.03495243420766236,0.8386421107408057,0.36318445341923444,1.0,0.3985093939816798,0.5894963124842669,0.25400869119840075,0.2690580912654814,-0.040297473601064074,0.4921054966211391,0.19899487799621832,0.4965559674530526,0.13334826105767764,0.18351422993239624,0.436457609730472,0.36481102693897166
0.18807889169657196,0.49240844609631024,0.0958098757586698,0.5359195143545284,0.28858298804004545,0.8109235497985025,0.3985093939816798,1.0,0.32037040722207,0.7733392041532685,0.3215414487419268,0.08548333742580222,0.23475909592707345,0.6867805982476443,0.24165275918382925,0.691706367220407,0.09944880265143387,0.7251172648100485,0.3778837030962085
-0.02157888447550811,-0.1225993212962915,-0.06972448869740853,-0.15936232807714829,0.26186184226304715,0.14271518768514582,0.5894963124842669,0.32037040722207,1.0,0.43760971132098875,-0.025256710782750758,-0.11452691432413756,0.05728900571887571,0.03496554627940793,0.38925001256738995,0.10033243392715417,-0.0604596256086639,0.19686762385696394,0.4762309822795306
0.06273997780199084,0.3350454814670494,-0.00949875564993436,0.34686600877173085,0.1284874807134165,0.4789545336848149,0.25400869119840075,0.7733392041532685,0.43760971132098875,1.0,0.1740916456396218,0.0009125054886651528,0.09246509339133714,0.4954382048841414,0.15411987823909745,0.5909680991684912,-0.028528180359082837,0.47060529305982157,0.37660000477242095
0.7607685712657029,0.6029136838120129,0.6713407479561461,0.5421030531996093,0.4118080765800128,0.39222239683134374,0.2690580912654814,0.3215414487419268,-0.025256710782750758,0.1740916456396218,1.0,-0.11781415240492672,0.4792146937665948,0.29768476494883184,0.2814293649356138,0.21864126422155364,0.4510211262859185,0.3744127177732187,-0.10425663195128379
0.19056428872609232,0.4745738708328768,0.1537622574647332,0.4466992222298684,0.018250104846245216,0.18237930388364149,-0.040297473601064074,0.08548333742580222,-0.11452691432413756,0.0009125054886651528,-0.11781415240492672,1.0,-0.003848105642473818,0.34564757286793263,-0.07107159949252649,0.2355267748186027,0.27543449560223093,0.11399877326599492,-0.11528420978313951
0.4437951472922985,0.32352576283002693,0.42611459414309844,0.3071331154943243,0.5879284891858744,0.31420088529842616,0.4921054966211391,0.23475909592707345,0.05728900571887571,0.09246509339133714,0.4792146937665948,-0.003848105642473818,1.0,0.2710125197602587,0.1465858732392947,0.16606193698708588,0.29073551901968797,0.2896278989159924,-0.09286946237291525
0.2379086952457088,0.52819548188996,0.10664700838541837,0.5642784466007547,0.1750449691121301,0.6305538181349487,0.19899487799621832,0.6867805982476443,0.03496554627940793,0.4954382048841414,0.29768476494883184,0.34564757286793263,0.2710125197602587,1.0,0.23086582173006986,0.9111631509499519,0.11325068244395971,0.5261315232002028,0.008432737892841255
0.15628864595493225,0.0891828816626981,0.087215926970167,0.03942564004636618,0.3209081886284599,0.19839749743782598,0.4965559674530526,0.24165275918382925,0.38925001256738995,0.15411987823909745,0.2814293649356138,-0.07107159949252649,0.1465858732392947,0.23086582173006986,1.0,0.2214426577418696,-0.001858324749510363,0.18866496431964652,0.04637160044865567
0.10248239020290931,0.4046670067837106,-0.02491330118140487,0.43637291524043514,0.06850405779692469,0.552183917762171,0.13334826105767764,0.691706367220407,0.10033243392715417,0.5909680991684912,0.21864126422155364,0.2355267748186027,0.16606193698708588,0.9111631509499519,0.2214426577418696,1.0,-0.04507136638382712,0.45755173281230593,0.060306628926038684
0.7021271577021143,0.5709595549364929,0.7909604742434196,0.5422365302707659,0.3785595141391858,0.33181066310514346,0.18351422993239624,0.09944880265143387,-0.0604596256086639,-0.028528180359082837,0.4510211262859185,0.27543449560223093,0.29073551901968797,0.11325068244395971,-0.001858324749510363,-0.04507136638382712,1.0,0.37315834615009813,-0.06878718480096425
0.311205001056559,0.5574167948602531,0.3456907059125925,0.6217971451271141,0.4833241571396761,0.8738484848180857,0.436457609730472,0.7251172648100485,0.19686762385696394,0.47060529305982157,0.3744127177732187,0.11399877326599492,0.2896278989159924,0.5261315232002028,0.18866496431964652,0.45755173281230593,0.37315834615009813,1.0,0.27665354888183535
-0.06348176638385924,-0.2207854667767201,-0.16585534627786594,-0.2658645210509563,0.18690334728538324,0.1349862338376056,0.36481102693897166,0.3778837030962085,0.4762309822795306,0.37660000477242095,-0.10425663195128379,-0.11528420978313951,-0.09286946237291525,0.008432737892841255,0.04637160044865567,0.060306628926038684,-0.06878718480096425,0.27665354888183535,1.0
