0,1,2,3,4,5,6,7,8,9,10,11,12,13,14,15,16,17,18
1.0,0.5143828128310126,0.8047265381324651,0.36290138585823717,0.408741955066579,0.07472572883314832,0.25942738987914654,-0.03141917973566364,-0.1766770813319644,-0.16922467393687982,0.7116070439978431,0.1951607418965165,0.2574951997231664,0.0008388819034897432,0.09119333471054564,-0.10589123189155664,0.7124890950259811,0.15732361356137312,-0.10089648487405575
0.5143828128310126,1.0,0.34297882541269825,0.8785396511307384,0.054032234210727274,0.38313654248836815,-0.08966465356866135,0.25773387613689935,-0.3432071753891867,0.08186793419695704,0.5071449148914486,0.5683774289165586,0.07129766388392222,0.3973234203837324,-0.17232043917882164,0.29306536870748573,0.5010376984827027,0.3417841156650761,-0.270932042642622
0.8047265381324651,0.34297882541269825,1.0,0.2781765710314838,0.4987894793358959,0.12212045669232997,0.2897906711974483,-0.003827502725868977,-0.2490291594286298,-0.13445570508684518,0.5853089166026553,0.1716862645391709,0.35071247952382895,0.0050832099948135805,0.03446727372634271,-0.11264404623393456,0.7831720951687754,0.27087827900233186,-0.11455985826813872
0.36290138585823717,0.8785396511307384,0.2781765710314838,1.0,0.03236940891134115,0.5774096321135598,-0.12541434919510058,0.4156229946278304,-0.33467540322983175,0.23243452219071384,0.41777110553204694,0.5225095771070323,0.055068204373210014,0.484632825815846,-0.238946060339519,0.3979938130089548,0.4893978643639501,0.5016588931890702,-0.2281638908176205
0.408741955066579,0.054032234210727274,0.4987894793358959,0.03236940891134115,1.0,0.32422631001939506,0.8739571887733655,0.2569975938707791,0.2518622550143746,0.10392117682338592,0.35146351866976744,0.09330601931690895,0.6025323056755433,0.11684085545955589,0.404042007259083,0.009613461485057158,0.3508510797284546,0.43884148004836515,0.25984851596727515
0.07472572883314832,0.38313654248836815,0.12212045669232997,0.5774096321135598,0.32422631001939506,1.0,0.26044666468778466,0.8387408984083391,0.09184932518829769,0.5378384473135568,0.1503598011519174,0.22785922478612697,0.11976993095005756,0.6183559105775,0.010646857394143405,0.5685948185047539,0.1815946216045423,0.7977448336658761,0.316307024323944
0.25942738987914654,-0.08966465356866135,0.2897906711974483,-0.12541434919510058,0.8739571887733655,0.26044666468778466,1.0,0.29797699509442815,0.5602583593846958,0.19583293674054728,0.2116131611781122,0.005933607658202923,0.512606783453667,0.12536184595271446,0.5641662510561517,0.05175836587768026,0.21262059808341638,0.3556576402124595,0.4134935410187262
-0.03141917973566364,0.25773387613689935,-0.003827502725868977,0.4156229946278304,0.2569975938707791,0.8387408984083391,0.29797699509442815,1.0,0.26710975771027906,0.7894464059278596,0.03875001787746712,0.17522636586933535,0.041298366554033246,0.6375039400023133,0.01583045513690247,0.6408677668926296,0.07818558087501808,0.6468985594812716,0.5445654141520924
-0.1766770813319644,-0.3432071753891867,-0.2490291594286298,-0.33467540322983175,0.2518622550143746,0.09184932518829769,0.5602583593846958,0.26710975771027906,1.0,0.4179076576183238,-0.1997483750966815,-0.18433467184313276,0.05445632030565919,0.0297466788336882,0.4878558014903111,0.10753542599350034,-0.17472519031580488,0.1067651265777756,0.5074102824361387
-0.16922467393687982,0.08186793419695704,-0.13445570508684518,0.23243452219071384,0.10392117682338592,0.5378384473135568,0.19583293674054728,0.7894464059278596,0.4179076576183238,1.0,-0.10211795432358717,-0.006497717401747234,-0.06997690649687448,0.4629402768140901,0.005910828782744122,0.5868418946917184,-0.05523701759582941,0.42726110444343474,0.4813914755429674
0.7116070439978431,0.5071449148914486,0.5853089166026553,0.41777110553204694,0.35146351866976744,0.1503598011519174,0.2116131611781122,0.03875001787746712,-0.1997483750966815,-0.10211795432358717,1.0,-0.062469491607722624,0.2856492652529504,0.03984708402677958,0.13204141708999734,-0.03792248204207999,0.4212238993770558,0.19321769433563415,-0.17045600525649093
0.1951607418965165,0.5683774289165586,0.1716862645391709,0.5225095771070323,0.09330601931690895,0.22785922478612697,0.005933607658202923,0.17522636586933535,-0.18433467184313276,-0.006497717401747234,-0.062469491607722624,1.0,0.03585286942896638,0.49867869027222717,-0.1266926205216438,0.3337162254043848,0.29555467257960394,0.10625796369521091,-0.035209274296807015
0.2574951997231664,0.07129766388392222,0.35071247952382895,0.055068204373210014,0.6025323056755433,0.11976993095005756,0.512606783453667,0.041298366554033246,0.05445632030565919,-0.06997690649687448,0.2856492652529504,0.03585286942896638,1.0,0.09315175873797506,0.1513696453250076,0.000270927263382525,0.1870778540764702,0.1746683976495338,-0.03805951664841532
0.0008388819034897432,0.3973234203837324,0.0050832099948135805,0.484632825815846,0.11684085545955589,0.6183559105775,0.12536184595271446,0.6375039400023133,0.0297466788336882,0.4629402768140901,0.03984708402677958,0.49867869027222717,0.09315175873797506,1.0,0.009743843831137557,0.9036938576255795,0.10506861007833929,0.37257637657701964,0.09585826652830748
0.09119333471054564,-0.17232043917882164,0.03446727372634271,-0.238946060339519,0.404042007259083,0.010646857394143405,0.5641662510561517,0.01583045513690247,0.4878558014903111,0.005910828782744122,0.13204141708999734,-0.1266926205216438,0.1513696453250076,0.009743843831137557,1.0,-0.008539811991266456,0.008441716649091163,0.04395153969490129,0.14217237439423652
-0.10589123189155664,0.29306536870748573,-0.11264404623393456,0.3979938130089548,0.009613461485057158,0.5685948185047539,0.05175836587768026,0.6408677668926296,0.10753542599350034,0.5868418946917184,-0.03792248204207999,0.3337162254043848,0.000270927263382525,0.9036938576255795,-0.008539811991266456,1.0,-0.015394170649171859,0.362026022148309,0.10280456522044815
0.7124890950259811,0.5010376984827027,0.7831720951687754,0.4893978643639501,0.3508510797284546,0.1815946216045423,0.21262059808341638,0.07818558087501808,-0.17472519031580488,-0.05523701759582941,0.4212238993770558,0.29555467257960394,0.1870778540764702,0.10506861007833929,0.008441716649091163,-0.015394170649171859,1.0,0.2752598328958451,-0.017761321469567642
0.15732361356137312,0.3417841156650761,0.27087827900233186,0.5016588931890702,0.43884148004836515,0.7977448336658761,0.3556576402124595,0.6468985594812716,0.1067651265777756,0.42726110444343474,0.19321769433563415,0.10625796369521091,0.1746683976495338,0.37257637657701964,0.04395153969490129,0.362026022148309,0.2752598328958451,1.0,0.3843532814460598
-0.10089648487405575,-0.270932042642622,-0.11455985826813872,-0.2281638908176205,0.25984851596727515,0.316307024323944,0.4134935410187262,0.5445654141520924,0.5074102824361387,0.4813914755429674,-0.17045600525649093,-0.035209274296807015,-0.03805951664841532,0.09585826652830748,0.14217237439423652,0.10280456522044815,-0.017761321469567642,0.3843532814460598,1.0
