0,1,2,3,4,5,6,7,8,9,10,11,12,13,14,15,16,17,18
1.0,0.5297120763276338,0.8713285109966153,0.4134720115406237,0.2189249428460628,0.14962510130398515,0.09351141556768038,0.07831951173538634,-0.14486851370508133,-0.014014990276873382,0.748139913464462,0.09924658173026213,0.22347101438097708,0.04122330668290714,-0.049516353465801764,-0.05477818727270235,0.732792418104664,0.22163375239373223,0.0044991996207425925
0.5297120763276338,1.0,0.4531359045850488,0.9127724513285104,0.00410605064151692,0.5454797570351542,-0.14864856999273593,0.4508176001057688,-0.32048678221186067,0.26813172104131533,0.5979213537784948,0.4371935532680363,0.17056907412230962,0.4219093770021884,-0.26200445983398135,0.2940857488167645,0.6206939937652621,0.5373392732341773,-0.10907991529415227
0.8713285109966153,0.4531359045850488,1.0,0.37421015601413354,0.293710130783094,0.14867481000388474,0.12307245730348254,0.027139781448033164,-0.15577460312213567,-0.031028498307409107,0.6739086672852649,0.1563087311082073,0.2939050287720682,0.05633315638317673,-0.025146716246941585,-0.060327760378882093,0.7977343904914651,0.22179006954746336,-0.12188193257318343
0.4134720115406237,0.9127724513285104,0.37421015601413354,1.0,-0.010568864111654284,0.6699833566700415,-0.16815058985202422,0.5324338525164354,-0.33582350258486965,0.3240072549596863,0.5409190257217077,0.46515975179781344,0.1572240852428487,0.5255161377027309,-0.26373246723288346,0.3666249373405179,0.5977967291682615,0.6011597080537832,-0.11081959751253757
0.2189249428460628,0.00410605064151692,0.293710130783094,-0.010568864111654284,1.0,0.31121035378781114,0.8763635016666439,0.191014837040326,0.37247935267452137,0.0036567848846962613,0.1697699839372439,0.1461956494778241,0.5045905984521729,0.0697416817652008,0.34671284299147676,-0.015975732064143055,0.15250635980592164,0.4416549586334147,0.22164065989415957
0.14962510130398515,0.5454797570351542,0.14867481000388474,0.6699833566700415,0.31121035378781114,1.0,0.21890905977257533,0.8452844684762938,0.07465699933846545,0.47283015005438667,0.3168048820241053,0.2595642846176767,0.17417415272855064,0.6737210872985128,-0.06387781960895828,0.5797735735867041,0.2593204063394319,0.8590154663993226,0.3012696750717945
0.09351141556768038,-0.14864856999273593,0.12307245730348254,-0.16815058985202422,0.8763635016666439,0.21890905977257533,1.0,0.19648901995747994,0.6395050633299025,0.04738009280116648,0.03445199511957346,0.02850015119759759,0.3822627557662021,0.04009924008141372,0.4928642674512105,-0.012427941680184094,0.029446206733790295,0.34530301875043856,0.3262297472602497
0.07831951173538634,0.4508176001057688,0.027139781448033164,0.5324338525164354,0.191014837040326,0.8452844684762938,0.19648901995747994,1.0,0.19111719586077358,0.7392881127206743,0.22100378090532424,0.16275607220137495,0.059002311678843095,0.7109344818356594,-0.0517186792346832,0.68103215393789,0.14198647050386587,0.734937388305342,0.5018017316767275
-0.14486851370508133,-0.32048678221186067,-0.15577460312213567,-0.33582350258486965,0.37247935267452137,0.07465699933846545,0.6395050633299025,0.19111719586077358,1.0,0.22344575771263347,-0.16631481635823367,-0.15729241762379448,-0.0016697195314639627,0.01034895460997402,0.4190548753377244,0.0560552493742052,-0.17009987372866106,0.13394149840856034,0.4101024902951241
-0.014014990276873382,0.26813172104131533,-0.031028498307409107,0.3240072549596863,0.0036567848846962613,0.47283015005438667,0.04738009280116648,0.7392881127206743,0.22344575771263347,1.0,0.06693057968333964,0.0010162201406745497,-0.09263072208698485,0.513697638972309,-0.06969356420866496,0.5758564593714999,0.05156553726477195,0.416964795679287,0.4188217945999451
0.748139913464462,0.5979213537784948,0.6739086672852649,0.5409190257217077,0.1697699839372439,0.3168048820241053,0.03445199511957346,0.22100378090532424,-0.16631481635823367,0.06693057968333964,1.0,-0.05490825186162945,0.2522997194666345,0.19820640907427775,-0.024641977447442797,0.12761365256159038,0.52843200559533,0.34888260361015555,-0.018754064569875866
0.09924658173026213,0.4371935532680363,0.1563087311082073,0.46515975179781344,0.1461956494778241,0.2595642846176767,0.02850015119759759,0.16275607220137495,-0.15729241762379448,0.0010162201406745497,-0.05490825186162945,1.0,0.14718558486742317,0.39837697117284643,-0.040825668378386616,0.24290380493910646,0.27235181059459357,0.11321169562739992,-0.12879984404596798
0.22347101438097708,0.17056907412230962,0.2939050287720682,0.1572240852428487,0.5045905984521729,0.17417415272855064,0.3822627557662021,0.059002311678843095,-0.0016697195314639627,-0.09263072208698485,0.2522997194666345,0.14718558486742317,1.0,0.1306661546174527,0.016783938509257492,0.049859196219796134,0.14626203810252536,0.20051975334659572,-0.0976597885889379
0.04122330668290714,0.4219093770021884,0.05633315638317673,0.5255161377027309,0.0697416817652008,0.6737210872985128,0.04009924008141372,0.7109344818356594,0.01034895460997402,0.513697638972309,0.19820640907427775,0.39837697117284643,0.1306661546174527,1.0,0.026162100637551363,0.8905370817497371,0.1393447023069014,0.48911031966636326,0.07561124770668051
-0.049516353465801764,-0.26200445983398135,-0.025146716246941585,-0.26373246723288346,0.34671284299147676,-0.06387781960895828,0.4928642674512105,-0.0517186792346832,0.4190548753377244,-0.06969356420866496,-0.024641977447442797,-0.040825668378386616,0.016783938509257492,0.026162100637551363,1.0,0.004520500766793501,-0.1324047276920307,-0.022754820397033172,-0.023427076123373337
-0.05477818727270235,0.2940857488167645,-0.060327760378882093,0.3666249373405179,-0.015975732064143055,0.5797735735867041,-0.012427941680184094,0.68103215393789,0.0560552493742052,0.5758564593714999,0.12761365256159038,0.24290380493910646,0.049859196219796134,0.8905370817497371,0.004520500766793501,1.0,0.010811004250342999,0.4199272188329361,0.1375852760602375
0.732792418104664,0.6206939937652621,0.7977343904914651,0.5977967291682615,0.15250635980592164,0.2593204063394319,0.029446206733790295,0.14198647050386587,-0.17009987372866106,0.05156553726477195,0.52843200559533,0.27235181059459357,0.14626203810252536,0.1393447023069014,-0.1324047276920307,0.010811004250342999,1.0,0.28666038080761075,0.007032750663528082
0.22163375239373223,0.5373392732341773,0.22179006954746336,0.6011597080537832,0.4416549586334147,0.8590154663993226,0.34530301875043856,0.734937388305342,0.13394149840856034,0.416964795679287,0.34888260361015555,0.11321169562739992,0.20051975334659572,0.48911031966636326,-0.022754820397033172,0.4199272188329361,0.28666038080761075,1.0,0.3847520217178498
0.0044991996207425925,-0.10907991529415227,-0.12188193257318343,-0.11081959751253757,0.22164065989415957,0.3012696750717945,0.3262297472602497,0.5018017316767275,0.4101024902951241,0.4188217945999451,-0.018754064569875866,-0.12879984404596798,-0.0976597885889379,0.07561124770668051,-0.023427076123373337,0.1375852760602375,0.007032750663528082,0.3847520217178498,1.0
