0,1,2,3,4,5,6,7,8,9,10,11,12,13,14,15,16,17,18
1.0,0.40244313988423996,0.8471046255080285,0.29664639400391063,0.30949388852751025,0.15649773838598005,0.16847521517184433,0.034037860752137404,-0.08971621429011904,-0.10512612287044147,0.6452645779625474,0.20383443337648896,0.2146037192230562,-0.026811388695336953,-0.03948113691558649,-0.1332449866323671,0.6657892758779855,0.18141509124105604,-0.05271239677922557
0.40244313988423996,1.0,0.3304454870676588,0.8733950245718111,0.00459270089307135,0.4597625340171162,-0.07438628279949049,0.321217100400541,-0.18546281069651424,0.16224781972337732,0.43267064587432497,0.5448756371128218,0.09436121169484434,0.3424929353034299,-0.1615074047650407,0.2556126902562478,0.49345546464772966,0.4790860597962656,-0.190407521036855
0.8471046255080285,0.3304454870676588,1.0,0.2784424543572864,0.41177297908490607,0.22071240551540638,0.2070520319964809,0.04828378513549231,-0.11393471459633038,-0.08305586321453669,0.5656581270162442,0.22003438009251194,0.30066301392372324,-0.021428956570888655,-0.038741643254036805,-0.11886687781607116,0.7561453752079217,0.30879351749040745,-0.08521804049180787
0.29664639400391063,0.8733950245718111,0.2784424543572864,1.0,0.01964813580250689,0.57793445040939,-0.08284272877229239,0.4131515235981188,-0.22560394957713453,0.21219776385078898,0.39434449703661345,0.49538672618954155,0.09956848212291815,0.3908305862221365,-0.1777249211169438,0.2811939127178002,0.5002565767415209,0.5870057315260369,-0.17913269784818422
0.30949388852751025,0.00459270089307135,0.41177297908490607,0.01964813580250689,1.0,0.43565745004239226,0.881843838736382,0.29393339411643304,0.29765926632606127,0.03350786094143278,0.262866045051421,0.1149996901062234,0.5684364189294014,0.1398689858282708,0.3714651879951785,0.027100283027910257,0.2938342791272767,0.5167308037051366,0.24999307005620697
0.15649773838598005,0.4597625340171162,0.22071240551540638,0.57793445040939,0.43565745004239226,1.0,0.402305988607569,0.8198460039208765,0.17759204360870426,0.4085320179249489,0.17928786782402606,0.31915946484901553,0.21486621471991516,0.5804149801849002,0.12079078407968849,0.468516903306027,0.2811575935255011,0.8388094943291563,0.33242262300214787
0.16847521517184433,-0.07438628279949049,0.2070520319964809,-0.08284272877229239,0.881843838736382,0.402305988607569,1.0,0.369592178469571,0.583210728640951,0.15509569911242,0.1682937243304212,0.06166429805516536,0.49276685558573,0.19031012650985543,0.5469053610677868,0.10057330837144854,0.11437581377341392,0.4798929035900687,0.3893781223985827
0.034037860752137404,0.321217100400541,0.04828378513549231,0.4131515235981188,0.29393339411643304,0.8198460039208765,0.369592178469571,1.0,0.3259033881194715,0.7069149480270763,0.07283018024165051,0.2189054081681996,0.1468631699088036,0.6402019175929943,0.1468553656869637,0.590569056854931,0.08710967491343685,0.6795268044544235,0.5366409830351506
-0.08971621429011904,-0.18546281069651424,-0.11393471459633038,-0.22560394957713453,0.29765926632606127,0.17759204360870426,0.583210728640951,0.3259033881194715,1.0,0.3959070848299307,-0.039095160026803695,-0.05761352061155721,0.08827258230206152,0.12417631590829332,0.4806465301760666,0.15334779081253394,-0.15171731495769888,0.2131333778688478,0.4614616602059794
-0.10512612287044147,0.16224781972337732,-0.08305586321453669,0.21219776385078898,0.03350786094143278,0.4085320179249489,0.15509569911242,0.7069149480270763,0.3959070848299307,1.0,-0.020877302054666154,0.0697058711602331,-0.04621761965796276,0.4480287289982012,0.08894980710775602,0.5476778058454376,-0.06926811953903048,0.35701192613558524,0.49979207912719925
0.6452645779625474,0.43267064587432497,0.5656581270162442,0.39434449703661345,0.262866045051421,0.17928786782402606,0.1682937243304212,0.07283018024165051,-0.039095160026803695,-0.020877302054666154,1.0,-0.046197446670334735,0.29278667021971944,0.03112501212931084,0.16906912051533876,-0.016126878993608436,0.3496042123658085,0.1977724964432496,-0.1612827880188636
0.20383443337648896,0.5448756371128218,0.22003438009251194,0.49538672618954155,0.1149996901062234,0.31915946484901553,0.06166429805516536,0.2189054081681996,-0.05761352061155721,0.0697058711602331,-0.046197446670334735,1.0,0.05353670306133485,0.4904764335285289,-0.053904247372686245,0.36785979651213413,0.3001141635427303,0.2927104984351189,0.02302989534719552
0.2146037192230562,0.09436121169484434,0.30066301392372324,0.09956848212291815,0.5684364189294014,0.21486621471991516,0.49276685558573,0.1468631699088036,0.08827258230206152,-0.04621761965796276,0.29278667021971944,0.05353670306133485,1.0,0.15603754809355372,0.1446776662527716,0.08332009402954035,0.10613197819808332,0.26794020728162665,-0.05313290633732757
-0.026811388695336953,0.3424929353034299,-0.021428956570888655,0.3908305862221365,0.1398689858282708,0.5804149801849002,0.19031012650985543,0.6402019175929943,0.12417631590829332,0.4480287289982012,0.03112501212931084,0.4904764335285289,0.15603754809355372,1.0,0.12555702310463965,0.8998163438166928,0.05400314722458723,0.4274973652399528,0.1849350743966122
-0.03948113691558649,-0.1615074047650407,-0.038741643254036805,-0.1777249211169438,0.3714651879951785,0.12079078407968849,0.5469053610677868,0.1468553656869637,0.4806465301760666,0.08894980710775602,0.16906912051533876,-0.053904247372686245,0.1446776662527716,0.12555702310463965,1.0,0.11067027086925645,-0.15176640082223375,0.10457875748298688,0.11762611938336169
-0.1332449866323671,0.2556126902562478,-0.11886687781607116,0.2811939127178002,0.027100283027910257,0.468516903306027,0.10057330837144854,0.590569056854931,0.15334779081253394,0.5476778058454376,-0.016126878993608436,0.36785979651213413,0.08332009402954035,0.8998163438166928,0.11067027086925645,1.0,-0.0636178057500719,0.34264904668137924,0.18232923294204134
0.6657892758779855,0.49345546464772966,0.7561453752079217,0.5002565767415209,0.2938342791272767,0.2811575935255011,0.11437581377341392,0.08710967491343685,-0.15171731495769888,-0.06926811953903048,0.3496042123658085,0.3001141635427303,0.10613197819808332,0.05400314722458723,-0.15176640082223375,-0.0636178057500719,1.0,0.36080397389797264,0.04303823896002929
0.18141509124105604,0.4790860597962656,0.30879351749040745,0.5870057315260369,0.5167308037051366,0.8388094943291563,0.4798929035900687,0.6795268044544235,0.2131333778688478,0.35701192613558524,0.1977724964432496,0.2927104984351189,0.26794020728162665,0.4274973652399528,0.10457875748298688,0.34264904668137924,0.36080397389797264,1.0,0.37968937316578766
-0.05271239677922557,-0.190407521036855,-0.08521804049180787,-0.17913269784818422,0.24999307005620697,0.33242262300214787,0.3893781223985827,0.5366409830351506,0.4614616602059794,0.49979207912719925,-0.1612827880188636,0.02302989534719552,-0.05313290633732757,0.1849350743966122,0.11762611938336169,0.18232923294204134,0.04303823896002929,0.37968937316578766,1.0
