0,1,2,3,4,5,6,7,8,9,10,11,12,13,14,15,16,17,18
1.0,0.554441899988672,0.8111000033216076,0.4874478106802357,0.2609383792484824,0.19702972629250362,0.10506388277129824,0.017860192027471307,-0.04660642769284261,-0.07009743165744221,0.7028124229888557,0.37364783401745344,0.22138608179075078,0.031887412516550896,0.010337116835723529,-0.0994059695046423,0.7333448364206373,0.17679681829504354,-0.0003571615091417042
0.554441899988672,1.0,0.4191763907375861,0.8957053553620585,0.009157442522650373,0.30526075757826304,-0.07988090523416402,0.08903415410745617,-0.16224087444316684,0.001961967582506157,0.482476849129378,0.7243339379424194,0.10067646135503053,0.19238123294369416,-0.0726915469372927,0.03665596516365161,0.6079857091578588,0.3175980911747952,-0.1670319913541735
0.8111000033216076,0.4191763907375861,1.0,0.39466084091266146,0.3651477709464871,0.21144002846909943,0.1676643450062891,0.0041721625104919864,-0.1338847953398076,-0.11663140260661183,0.6573205566178076,0.33212093389157044,0.33451049636250946,0.023294762388712188,0.022408529017033847,-0.10482626412034424,0.7843781580689361,0.2094901327487537,-0.12085000830511702
0.4874478106802357,0.8957053553620585,0.39466084091266146,1.0,0.024554232067158916,0.4160770678139993,-0.06597443381037314,0.16301031567884636,-0.16628544581346913,0.046298448354738585,0.4737749795326794,0.6732567567258512,0.13950898342910772,0.20803331142042425,-0.07093519244906023,0.04022631116590413,0.6002221911639337,0.4230288460271702,-0.1818610474571763
0.2609383792484824,0.009157442522650373,0.3651477709464871,0.024554232067158916,1.0,0.542074015315635,0.8834305252708767,0.4082793682998744,0.3927662031122151,0.14252212050731017,0.23597276882677087,0.1700273973473769,0.5924029461889804,0.2540921284599683,0.36028779076152356,0.1413393778912657,0.24879075808009346,0.5356691399700617,0.3316498528791882
0.19702972629250362,0.30526075757826304,0.21144002846909943,0.4160770678139993,0.542074015315635,1.0,0.5113658026717949,0.7639989455856642,0.3121519064199896,0.31618548634010357,0.1803413270063173,0.2882723417429516,0.2921907495214265,0.5251002284941427,0.21277094635195046,0.409311031891178,0.2526935765303556,0.8402935644030065,0.4486998796216746
0.10506388277129824,-0.07988090523416402,0.1676643450062891,-0.06597443381037314,0.8834305252708767,0.5113658026717949,1.0,0.4803679100904526,0.6015759925817418,0.18834441315620565,0.10897176021746918,0.10091913061415726,0.5417126704856564,0.31393151486926957,0.48762086241750596,0.2171398963828836,0.1268998335354744,0.5289017705300237,0.4462923537605513
0.017860192027471307,0.08903415410745617,0.0041721625104919864,0.16301031567884636,0.4082793682998744,0.7639989455856642,0.4803679100904526,1.0,0.4150094005861953,0.6529616057052261,-0.008600480786857061,0.08788700161510961,0.1929100808675436,0.5664157016859437,0.20981886765291227,0.5346719281443872,0.035249977965052776,0.6507416882722313,0.6502630084657832
-0.04660642769284261,-0.16224087444316684,-0.1338847953398076,-0.16628544581346913,0.3927662031122151,0.3121519064199896,0.6015759925817418,0.4150094005861953,1.0,0.43070746451421515,-0.10202184484726767,0.01988448552322592,0.17908464079152203,0.21713267767226183,0.46531470139839726,0.267470073282932,-0.09073708063721946,0.3539429454576465,0.5275352589770881
-0.07009743165744221,0.001961967582506157,-0.11663140260661183,0.046298448354738585,0.14252212050731017,0.31618548634010357,0.18834441315620565,0.6529616057052261,0.43070746451421515,1.0,-0.14277637637010385,-0.010442669590796747,-0.0025862117219649927,0.36353189705189554,0.19513827764131184,0.49751951701051494,-0.10384343818367799,0.29443351231455284,0.455195470732178
0.7028124229888557,0.482476849129378,0.6573205566178076,0.4737749795326794,0.23597276882677087,0.1803413270063173,0.10897176021746918,-0.008600480786857061,-0.10202184484726767,-0.14277637637010385,1.0,0.2053553591005279,0.2920003573693838,-0.015889349902719938,0.08094266270055277,-0.09736688968312364,0.4872121648069122,0.1245201026890913,-0.11763938925468706
0.37364783401745344,0.7243339379424194,0.33212093389157044,0.6732567567258512,0.1700273973473769,0.2882723417429516,0.10091913061415726,0.08788700161510961,0.01988448552322592,-0.010442669590796747,0.2053553591005279,1.0,0.12097827244739494,0.36495951477206473,0.07376074301212988,0.19758041818508393,0.42608923292779677,0.2649123004101065,-0.03623166017456867
0.22138608179075078,0.10067646135503053,0.33451049636250946,0.13950898342910772,0.5924029461889804,0.2921907495214265,0.5417126704856564,0.1929100808675436,0.17908464079152203,-0.0025862117219649927,0.2920003573693838,0.12097827244739494,1.0,0.17375638920591796,0.18382881998781755,0.08450262265233817,0.21596469162059856,0.27732971395872363,0.05084017507352212
0.031887412516550896,0.19238123294369416,0.023294762388712188,0.20803331142042425,0.2540921284599683,0.5251002284941427,0.31393151486926957,0.5664157016859437,0.21713267767226183,0.36353189705189554,-0.015889349902719938,0.36495951477206473,0.17375638920591796,1.0,0.2808684555193846,0.8839599814478906,0.1008148122946897,0.36575121756186724,0.19149719168698212
0.010337116835723529,-0.0726915469372927,0.022408529017033847,-0.07093519244906023,0.36028779076152356,0.21277094635195046,0.48762086241750596,0.20981886765291227,0.46531470139839726,0.19513827764131184,0.08094266270055277,0.07376074301212988,0.18382881998781755,0.2808684555193846,1.0,0.2859106410972433,-0.012114702713173586,0.20409810740780146,0.12012755693293961
-0.0994059695046423,0.03665596516365161,-0.10482626412034424,0.04022631116590413,0.1413393778912657,0.409311031891178,0.2171398963828836,0.5346719281443872,0.267470073282932,0.49751951701051494,-0.09736688968312364,0.19758041818508393,0.08450262265233817,0.8839599814478906,0.2859106410972433,1.0,-0.05601522155068621,0.28943268446657183,0.22492737728647136
0.7333448364206373,0.6079857091578588,0.7843781580689361,0.6002221911639337,0.24879075808009346,0.2526935765303556,0.1268998335354744,0.035249977965052776,-0.09073708063721946,-0.10384343818367799,0.4872121648069122,0.42608923292779677,0.21596469162059856,0.1008148122946897,-0.012114702713173586,-0.05601522155068621,1.0,0.2489719053443156,-0.001277304218233911
0.17679681829504354,0.3175980911747952,0.2094901327487537,0.4230288460271702,0.5356691399700617,0.8402935644030065,0.5289017705300237,0.6507416882722313,0.3539429454576465,0.29443351231455284,0.1245201026890913,0.2649123004101065,0.27732971395872363,0.36575121756186724,0.20409810740780146,0.28943268446657183,0.2489719053443156,1.0,0.5100264131389829
-0.0003571615091417042,-0.1670319913541735,-0.12085000830511702,-0.1818610474571763,0.3316498528791882,0.4486998796216746,0.4462923537605513,0.6502630084657832,0.5275352589770881,0.455195470732178,-0.11763938925468706,-0.03623166017456867,0.05084017507352212,0.19149719168698212,0.12012755693293961,0.22492737728647136,-0.001277304218233911,0.5100264131389829,1.0
