0,1,2,3,4,5,6,7,8,9,10,11,12,13,14,15,16,17,18
1.0,0.5541760942260654,0.8561410278790456,0.5241729863602808,0.36912844801643113,0.3342724432817186,0.16400698027864283,0.03886715232108865,-0.17935942062736407,-0.05570324574083903,0.7670913441305741,0.1700121661477503,0.28762298342814774,0.14515611226894617,0.07081738376612805,0.021500315299934937,0.6964290738997836,0.3466405666574969,-0.12565414988228016
0.5541760942260654,1.0,0.43498510549837033,0.9101564943444063,0.0469406985833948,0.4548518046374335,-0.12455209889875718,0.21225415727257219,-0.3220613836139271,0.12238680743924646,0.5366499792347917,0.4627716920863729,0.12285093050251256,0.34647395992282437,-0.10633692211985626,0.23766704468053237,0.5963479471899829,0.44174901418255624,-0.2680505314142563
0.8561410278790456,0.43498510549837033,1.0,0.40709452233554294,0.4346458321639209,0.3056276471691072,0.18320141640735996,-0.001205744082442071,-0.20602723640992918,-0.11712062489622996,0.6789011522861034,0.12345713525671485,0.342009855076184,0.05577136150409921,0.024441485610020353,-0.0781564923678356,0.7643813742680241,0.3532219219107157,-0.17098386408140676
0.5241729863602808,0.9101564943444063,0.40709452233554294,1.0,0.06011408858403703,0.5960920007937776,-0.1305521287947068,0.30455551811934917,-0.32046685619429044,0.18014442558814733,0.5181175230647165,0.43488562872006625,0.13230507039445655,0.425784172072155,-0.13558096592140095,0.3083841962338539,0.5937420182808824,0.5349792460390758,-0.2599726010869505
0.36912844801643113,0.0469406985833948,0.4346458321639209,0.06011408858403703,1.0,0.42553217183759195,0.8550305436260157,0.3087018823425469,0.34300030413860405,0.12973590577574934,0.31589254076729173,0.04037841854920616,0.4973180160396963,0.17184223530042853,0.3105395608752319,0.08367337624222161,0.32450776901604683,0.5187094410842653,0.2876059243155753
0.3342724432817186,0.4548518046374335,0.3056276471691072,0.5960920007937776,0.42553217183759195,1.0,0.34238984043011805,0.7752504050613839,0.1125353718577899,0.4731812466919498,0.37385970467425717,0.0769708061738591,0.21085702251137017,0.5964715721895193,0.09522686450869518,0.5124042346248613,0.33794077359324326,0.853095369912345,0.28689257022629094
0.16400698027864283,-0.12455209889875718,0.18320141640735996,-0.1305521287947068,0.8550305436260157,0.34238984043011805,1.0,0.3835522605543123,0.6460108380845082,0.19755993060087743,0.1384958796262964,-0.029719606620287473,0.40014262085146274,0.1855699488628299,0.4849085326922091,0.12747521742373338,0.12555195184565904,0.4286173716496558,0.4509933032296358
0.03886715232108865,0.21225415727257219,-0.001205744082442071,0.30455551811934917,0.3087018823425469,0.7752504050613839,0.3835522605543123,1.0,0.3394729065051476,0.7604663799322212,0.11546100440635489,-0.036590162383719,0.10461934084711523,0.6099134817964879,0.16038933456842513,0.5992285093119029,0.04077554617485185,0.6367392434154038,0.5198600792969175
-0.17935942062736407,-0.3220613836139271,-0.20602723640992918,-0.32046685619429044,0.34300030413860405,0.1125353718577899,0.6460108380845082,0.3394729065051476,1.0,0.3817436709437861,-0.15484537140974794,-0.1508872619566791,0.10571640889717682,0.07921137878546287,0.43818044066649386,0.14326288587478783,-0.1808944704188328,0.18628669476108314,0.5174223009127533
-0.05570324574083903,0.12238680743924646,-0.11712062489622996,0.18014442558814733,0.12973590577574934,0.4731812466919498,0.19755993060087743,0.7604663799322212,0.3817436709437861,1.0,0.0194526669873394,-0.1366258652232445,-0.03377692664695948,0.42757987309093654,0.08357428440589466,0.525386524399277,-0.10478164499515746,0.4231188701931032,0.46322074628029186
0.7670913441305741,0.5366499792347917,0.6789011522861034,0.5181175230647165,0.31589254076729173,0.37385970467425717,0.1384958796262964,0.11546100440635489,-0.15484537140974794,0.0194526669873394,1.0,-0.0730710624392192,0.328103420745302,0.2401542233675131,0.14935245535055328,0.1574204153960135,0.4736972916832595,0.3310103276343221,-0.1481778311064477
0.1700121661477503,0.4627716920863729,0.12345713525671485,0.43488562872006625,0.04037841854920616,0.0769708061738591,-0.029719606620287473,-0.036590162383719,-0.1508872619566791,-0.1366258652232445,-0.0730710624392192,1.0,0.004422469162622776,0.26986146497367425,-0.07076033499083217,0.15738511719280415,0.27723219535823457,0.038864364329717516,-0.09251066349119796
0.28762298342814774,0.12285093050251256,0.342009855076184,0.13230507039445655,0.4973180160396963,0.21085702251137017,0.40014262085146274,0.10461934084711523,0.10571640889717682,-0.03377692664695948,0.328103420745302,0.004422469162622776,1.0,0.15239099502336706,0.07592033492567592,0.08119954630160006,0.1431235343543231,0.20626537631680325,-0.07411380612468789
0.14515611226894617,0.34647395992282437,0.05577136150409921,0.425784172072155,0.17184223530042853,0.5964715721895193,0.1855699488628299,0.6099134817964879,0.07921137878546287,0.42757987309093654,0.2401542233675131,0.26986146497367425,0.15239099502336706,1.0,0.14672105986514725,0.8906440863991002,0.13596187852835565,0.4055361223873883,0.09592754143975564
0.07081738376612805,-0.10633692211985626,0.024441485610020353,-0.13558096592140095,0.3105395608752319,0.09522686450869518,0.4849085326922091,0.16038933456842513,0.43818044066649386,0.08357428440589466,0.14935245535055328,-0.07076033499083217,0.07592033492567592,0.14672105986514725,1.0,0.14390018814175054,-0.051418080622525085,0.08100135256594547,0.0877228633406479
0.021500315299934937,0.23766704468053237,-0.0781564923678356,0.3083841962338539,0.08367337624222161,0.5124042346248613,0.12747521742373338,0.5992285093119029,0.14326288587478783,0.525386524399277,0.1574204153960135,0.15738511719280415,0.08119954630160006,0.8906440863991002,0.14390018814175054,1.0,-0.004016268340771404,0.35035486596501286,0.12011909414087446
0.6964290738997836,0.5963479471899829,0.7643813742680241,0.5937420182808824,0.32450776901604683,0.33794077359324326,0.12555195184565904,0.04077554617485185,-0.1808944704188328,-0.10478164499515746,0.4736972916832595,0.27723219535823457,0.1431235343543231,0.13596187852835565,-0.051418080622525085,-0.004016268340771404,1.0,0.3856185301765193,-0.04640431398683528
0.3466405666574969,0.44174901418255624,0.3532219219107157,0.5349792460390758,0.5187094410842653,0.853095369912345,0.4286173716496558,0.6367392434154038,0.18628669476108314,0.4231188701931032,0.3310103276343221,0.038864364329717516,0.20626537631680325,0.4055361223873883,0.08100135256594547,0.35035486596501286,0.3856185301765193,1.0,0.3919205307888146
-0.12565414988228016,-0.2680505314142563,-0.17098386408140676,-0.2599726010869505,0.2876059243155753,0.28689257022629094,0.4509933032296358,0.5198600792969175,0.5174223009127533,0.46322074628029186,-0.1481778311064477,-0.09251066349119796,-0.07411380612468789,0.09592754143975564,0.0877228633406479,0.12011909414087446,-0.04640431398683528,0.3919205307888146,1.0
