0,1,2,3,4,5,6,7,8,9,10,11,12,13,14,15,16,17,18
1.0,0.7237079818546557,0.6239021858101895,0.47847600396843015,0.3833361540353199,0.1943814498034299,0.1750753481431506,0.10399724392198617,0.1383550513774271,-0.10647689385769658,0.48352097594197035,0.5836277439676691,0.20457464718322563,0.06931695921871234,0.11254952973303109,0.15788445162374884,0.6404290004837567,0.182096931230058,0.22416110150957472
0.7237079818546557,1.0,0.29748552921776406,0.46851911786335887,0.13208524010323033,0.19390383014356788,-0.036317589340855536,0.10888508061038875,-0.03219302741514016,0.024111694924780033,0.22140590865554355,0.6333471985806002,-0.00894642030176551,0.08355604642473502,-0.0651287024869608,0.18263346501302669,0.3480984815690835,0.20062563360435287,-0.0029750235634627927
0.6239021858101895,0.29748552921776406,1.0,0.47325015569719675,0.840040365118945,0.3489016150160801,0.5361416709306757,0.2802392711979473,0.3998563700597328,-0.07314090660883915,0.7785355890189003,0.44732306637430796,0.5618265896362613,0.1128132370903012,0.43590619199772684,0.1950357838285672,0.862990964606448,0.48319121115813446,0.5207189613149981
0.47847600396843015,0.46851911786335887,0.47325015569719675,1.0,0.3266063286711134,0.4813676124347533,0.23909599358503703,0.33050714455129354,0.19424311428005822,0.20017388112423778,0.23591599708064112,0.7456193635538892,0.31825272941432314,0.28249183505306513,0.28582912842497704,0.7176707783515709,0.5921479753358525,0.45027375939124775,0.3139754682776414
0.3833361540353199,0.13208524010323033,0.840040365118945,0.3266063286711134,1.0,0.4810383282114997,0.7615740550622077,0.47466912926422483,0.5625369749495349,0.07657005103001889,0.678656691819873,0.2964499308562169,0.6884979859768018,0.21467255565733193,0.5975909386319151,0.24318889222371765,0.6930532127370683,0.6668661228751321,0.7236774421409019
0.1943814498034299,0.19390383014356788,0.3489016150160801,0.4813676124347533,0.4810383282114997,1.0,0.33977006085914935,0.7005406893680021,0.22611633362216363,0.36474678970257474,0.2646772411637974,0.3311493754288078,0.30640915013386893,0.542755792814757,0.25243235770526756,0.6465520464901124,0.3096584574103477,0.7446046546921831,0.5626452994026981
0.1750753481431506,-0.036317589340855536,0.5361416709306757,0.23909599358503703,0.7615740550622077,0.33977006085914935,1.0,0.5297119855253918,0.8259712403285213,0.22474444478703046,0.4193174393022322,0.19486973855421208,0.7065622586390539,0.13778660528960307,0.7705171151297124,0.3612423970887372,0.4002718110764972,0.4973009542960153,0.81119250291239
0.10399724392198617,0.10888508061038875,0.2802392711979473,0.33050714455129354,0.47466912926422483,0.7005406893680021,0.5297119855253918,1.0,0.4660379205901923,0.5902463362025484,0.20722165440343268,0.2900041690428855,0.359592713252735,0.4530442118978208,0.40881196425686944,0.7121540073212875,0.214364642519197,0.7342779574022722,0.7433632313813336
0.1383550513774271,-0.03219302741514016,0.3998563700597328,0.19424311428005822,0.5625369749495349,0.22611633362216363,0.8259712403285213,0.4660379205901923,1.0,0.3964087601026308,0.2696519339289088,0.12049533039990262,0.5433685572453217,0.08177951381324086,0.7072867383558432,0.3617915255828555,0.3313057345657428,0.2680941829158096,0.768134215966334
-0.10647689385769658,0.024111694924780033,-0.07314090660883915,0.20017388112423778,0.07657005103001889,0.36474678970257474,0.22474444478703046,0.5902463362025484,0.3964087601026308,1.0,-0.1392329792923182,0.050090011272585035,0.04555180810573029,0.22731403375710535,0.15830101194014076,0.5640538733029772,-0.09063275789652792,0.2808215773507385,0.40473282939472577
0.48352097594197035,0.22140590865554355,0.7785355890189003,0.23591599708064112,0.678656691819873,0.2646772411637974,0.4193174393022322,0.20722165440343268,0.2696519339289088,-0.1392329792923182,1.0,0.27860619862653213,0.6244916609545821,0.047032990824321316,0.4096298271083548,0.10058716561131936,0.5840308680896609,0.35795551404492576,0.3669303292286055
0.5836277439676691,0.6333471985806002,0.44732306637430796,0.7456193635538892,0.2964499308562169,0.3311493754288078,0.19486973855421208,0.2900041690428855,0.12049533039990262,0.050090011272585035,0.27860619862653213,1.0,0.2200485578170263,0.27578385869334415,0.18369231920639728,0.4439429275032041,0.5368217963234077,0.37698707855756936,0.21024593570312705
0.20457464718322563,-0.00894642030176551,0.5618265896362613,0.31825272941432314,0.6884979859768018,0.30640915013386893,0.7065622586390539,0.359592713252735,0.5433685572453217,0.04555180810573029,0.6244916609545821,0.2200485578170263,1.0,0.18784616776146404,0.8430391766061941,0.37869364696985336,0.36182152709849175,0.39666500380724484,0.5734674078967493
0.06931695921871234,0.08355604642473502,0.1128132370903012,0.28249183505306513,0.21467255565733193,0.542755792814757,0.13778660528960307,0.4530442118978208,0.08177951381324086,0.22731403375710535,0.047032990824321316,0.27578385869334415,0.18784616776146404,1.0,0.21278163909383702,0.2037168362725201,0.10244648777013222,0.4242689580438642,0.3341904798256937
0.11254952973303109,-0.0651287024869608,0.43590619199772684,0.28582912842497704,0.5975909386319151,0.25243235770526756,0.7705171151297124,0.40881196425686944,0.7072867383558432,0.15830101194014076,0.4096298271083548,0.18369231920639728,0.8430391766061941,0.21278163909383702,1.0,0.4053723377389388,0.3072570451185378,0.32999200590232036,0.6456383641733621
0.15788445162374884,0.18263346501302669,0.1950357838285672,0.7176707783515709,0.24318889222371765,0.6465520464901124,0.3612423970887372,0.7121540073212875,0.3617915255828555,0.5640538733029772,0.10058716561131936,0.4439429275032041,0.37869364696985336,0.2037168362725201,0.4053723377389388,1.0,0.23355719944225273,0.4994507538444466,0.5794309733297294
0.6404290004837567,0.3480984815690835,0.862990964606448,0.5921479753358525,0.6930532127370683,0.3096584574103477,0.4002718110764972,0.214364642519197,0.3313057345657428,-0.09063275789652792,0.5840308680896609,0.5368217963234077,0.36182152709849175,0.10244648777013222,0.3072570451185378,0.23355719944225273,1.0,0.4335232126394561,0.459900086199388
0.182096931230058,0.20062563360435287,0.48319121115813446,0.45027375939124775,0.6668661228751321,0.7446046546921831,0.4973009542960153,0.7342779574022722,0.2680941829158096,0.2808215773507385,0.35795551404492576,0.37698707855756936,0.39666500380724484,0.4242689580438642,0.32999200590232036,0.4994507538444466,0.4335232126394561,1.0,0.5862431961716641
0.22416110150957472,-0.0029750235634627927,0.5207189613149981,0.3139754682776414,0.7236774421409019,0.5626452994026981,0.81119250291239,0.7433632313813336,0.768134215966334,0.40473282939472577,0.3669303292286055,0.21024593570312705,0.5734674078967493,0.3341904798256937,0.6456383641733621,0.5794309733297294,0.459900086199388,0.5862431961716641,1.0
