0,1,2,3,4,5,6,7,8,9,10,11,12,13,14,15,16,17,18
1.0,0.7441703811560171,0.7137423775295167,0.5288062935395688,0.46790530159684895,0.22797780496011408,0.26560689774158397,0.21958674704245262,0.10951517249507838,-0.02953320217565707,0.5563910886133426,0.5386671918908498,0.4198496625375894,0.21446606553493267,0.321007340325475,0.24612152828558437,0.6587484102169702,0.31531020003496185,0.2828260274173325
0.7441703811560171,1.0,0.4202655511814707,0.6412618615316875,0.21543964982305894,0.2959304692026053,0.054020710711266365,0.2627504977372013,-0.07977483842823965,0.056035745390890034,0.29153213758889973,0.7076215975603647,0.21879794231153296,0.30133001125381886,0.1606791267727666,0.363305263327824,0.46064607440107425,0.35470109017873597,0.09469396718232916
0.7137423775295167,0.4202655511814707,1.0,0.5522120349560792,0.8382176606045135,0.415928628572146,0.5418752170703345,0.3510078552582663,0.32933572119052296,0.0743692548460697,0.7380191212804496,0.46406047491225194,0.6605908827046871,0.27592644337029215,0.5397999605688485,0.27240750867871005,0.8368562958278695,0.559984157745908,0.47341571499085555
0.5288062935395688,0.6412618615316875,0.5522120349560792,1.0,0.40569338949458256,0.5985089525357397,0.22943058238032346,0.3089205925221768,-0.0050736771803508406,0.06368920103748303,0.2595456338623469,0.6773106213324538,0.3268641244319754,0.26949860598078934,0.2810707038125446,0.6893498719974173,0.6353782194278945,0.591152121539424,0.21400084815379009
0.46790530159684895,0.21543964982305894,0.8382176606045135,0.40569338949458256,1.0,0.459879158942947,0.7705276058031981,0.46576594184181425,0.5483668876668737,0.20175436446965184,0.6323404223631443,0.31203881423589375,0.7302037689038924,0.3220389620376854,0.6363047680258247,0.24991189593194543,0.7615626508309915,0.6709548182374354,0.6870193083438836
0.22797780496011408,0.2959304692026053,0.415928628572146,0.5985089525357397,0.459879158942947,1.0,0.3737645846414953,0.6150680772261883,0.21633281977512564,0.3018187496760169,0.290224945161234,0.32635559068468895,0.3880202375379628,0.3753558331470581,0.34640601732484977,0.7127976857221858,0.3812563042685467,0.6930682361152565,0.4643358054095617
0.26560689774158397,0.054020710711266365,0.5418752170703345,0.22943058238032346,0.7705276058031981,0.3737645846414953,1.0,0.5379659452596708,0.8113723233706686,0.3634484155254431,0.45859981629712226,0.07719763640531417,0.6888344744245722,0.18604144758424565,0.7209311244173112,0.32836778200140976,0.4869547714844999,0.5234774775788323,0.8038421285011695
0.21958674704245262,0.2627504977372013,0.3510078552582663,0.3089205925221768,0.46576594184181425,0.6150680772261883,0.5379659452596708,1.0,0.5375190037309098,0.7007146209534533,0.3746763351768194,0.26967103259273245,0.4967533563901998,0.45946283510182123,0.5206320803379596,0.6475046542118367,0.27057238246711546,0.650474693449084,0.6970904738693291
0.10951517249507838,-0.07977483842823965,0.32933572119052296,-0.0050736771803508406,0.5483668876668737,0.21633281977512564,0.8113723233706686,0.5375190037309098,1.0,0.5701478157230688,0.2694087764721831,-0.04839703095184803,0.4751659891344223,0.10525824290903804,0.5876138164015923,0.24790740770298333,0.30117088802484104,0.2699553328948537,0.7791517148352085
-0.02953320217565707,0.056035745390890034,0.0743692548460697,0.06368920103748303,0.20175436446965184,0.3018187496760169,0.3634484155254431,0.7007146209534533,0.5701478157230688,1.0,0.0881360027618708,-0.029244518307636577,0.2223620099838069,0.17376004833568415,0.32887609698901316,0.4539932826344268,-0.003144833118892926,0.310204507947845,0.4612419281035372
0.5563910886133426,0.29153213758889973,0.7380191212804496,0.2595456338623469,0.6323404223631443,0.290224945161234,0.45859981629712226,0.3746763351768194,0.2694087764721831,0.0881360027618708,1.0,0.26334284470355707,0.7265330080383516,0.25153584715215777,0.5863258377414434,0.19674202230607682,0.509853535583724,0.4381120899996466,0.3873045680778718
0.5386671918908498,0.7076215975603647,0.46406047491225194,0.6773106213324538,0.31203881423589375,0.32635559068468895,0.07719763640531417,0.26967103259273245,-0.04839703095184803,-0.029244518307636577,0.26334284470355707,1.0,0.20920293459731892,0.39755420781376044,0.15575740085451628,0.33226646987419056,0.5505711802367181,0.40162349800683517,0.11127331016984326
0.4198496625375894,0.21879794231153296,0.6605908827046871,0.3268641244319754,0.7302037689038924,0.3880202375379628,0.6888344744245722,0.4967533563901998,0.4751659891344223,0.2223620099838069,0.7265330080383516,0.20920293459731892,1.0,0.3112065987117757,0.8996060622487739,0.39764789682951535,0.47773398711181214,0.507501423478087,0.5755555401778062
0.21446606553493267,0.30133001125381886,0.27592644337029215,0.26949860598078934,0.3220389620376854,0.3753558331470581,0.18604144758424565,0.45946283510182123,0.10525824290903804,0.17376004833568415,0.25153584715215777,0.39755420781376044,0.3112065987117757,1.0,0.2911801086558095,0.02139735451677504,0.27627700965563695,0.37097393462507766,0.26318289284934854
0.321007340325475,0.1606791267727666,0.5397999605688485,0.2810707038125446,0.6363047680258247,0.34640601732484977,0.7209311244173112,0.5206320803379596,0.5876138164015923,0.32887609698901316,0.5863258377414434,0.15575740085451628,0.8996060622487739,0.2911801086558095,1.0,0.41612787753917546,0.39542431759160507,0.4453512080302419,0.5940118684913861
0.24612152828558437,0.363305263327824,0.27240750867871005,0.6893498719974173,0.24991189593194543,0.7127976857221858,0.32836778200140976,0.6475046542118367,0.24790740770298333,0.4539932826344268,0.19674202230607682,0.33226646987419056,0.39764789682951535,0.02139735451677504,0.41612787753917546,1.0,0.2742120726036322,0.534751887592231,0.48897809323977387
0.6587484102169702,0.46064607440107425,0.8368562958278695,0.6353782194278945,0.7615626508309915,0.3812563042685467,0.4869547714844999,0.27057238246711546,0.30117088802484104,-0.003144833118892926,0.509853535583724,0.5505711802367181,0.47773398711181214,0.27627700965563695,0.39542431759160507,0.2742120726036322,1.0,0.5322651750274292,0.4992826602214962
0.31531020003496185,0.35470109017873597,0.559984157745908,0.591152121539424,0.6709548182374354,0.6930682361152565,0.5234774775788323,0.650474693449084,0.2699553328948537,0.310204507947845,0.4381120899996466,0.40162349800683517,0.507501423478087,0.37097393462507766,0.4453512080302419,0.534751887592231,0.5322651750274292,1.0,0.5069149073707705
0.2828260274173325,0.09469396718232916,0.47341571499085555,0.21400084815379009,0.6870193083438836,0.4643358054095617,0.8038421285011695,0.6970904738693291,0.7791517148352085,0.4612419281035372,0.3873045680778718,0.11127331016984326,0.5755555401778062,0.26318289284934854,0.5940118684913861,0.48897809323977387,0.4992826602214962,0.5069149073707705,1.0
