0,1,2,3,4,5,6,7,8,9,10,11,12,13,14,15,16,17,18
1.0,0.25020099820802405,0.37963940358843973,0.5636199228453785,0.34868497970008594,0.33341362150719245,0.03224999638292774,0.12067783144700374,0.08261791862262033,0.044263607999071884,0.6721726013850226,0.3196816128694503,0.29750050341447004,0.15677285116534606,-0.14707123880689837,0.11285733162591406,0.061344557542273054,0.18186807736205038,-0.16335260201572133
0.25020099820802405,1.0,0.4081047856254708,0.3913537753752552,0.3932299847798988,0.44503036517356614,0.21562921772688207,0.24609213133832955,0.18311432600572544,0.23419721112513306,0.312243948540199,0.6989660984433594,0.08721518422923509,0.2791800815372349,0.44333637870769727,0.2745543952918808,0.3215995344525975,0.4039584632164728,0.29979038182230144
0.37963940358843973,0.4081047856254708,1.0,0.781413481359297,0.9858616246541009,0.7780324349124456,0.44851736356360933,0.34869246953593475,0.3553590369675979,0.3734968574606208,-0.0941109180219669,0.07239126946411222,0.5868000305342296,0.5534034106908325,0.30544800243361453,0.4396774005018357,0.3965768740840022,0.7892799512629508,0.22873183063696453
0.5636199228453785,0.3913537753752552,0.781413481359297,1.0,0.7791969356030393,0.894920422674653,0.3490241077558669,0.5212161692632006,0.27977956786201646,0.5316493032304159,0.06393018579361177,0.1425900160922255,0.5567499875369462,0.6932368556044655,0.3164676193750055,0.6254404437732272,0.5517944833271985,0.8165153127686253,-0.010820490332831246
0.34868497970008594,0.3932299847798988,0.9858616246541009,0.7791969356030393,1.0,0.7864600690248004,0.44859439277421553,0.36074112458655727,0.3539705158735964,0.3928898593677066,-0.12091273758811143,0.04364019823533994,0.5982229364721722,0.5788472260068627,0.31466447491802935,0.45301610897879296,0.40495411813547033,0.8091297088852598,0.2216310491096544
0.33341362150719245,0.44503036517356614,0.7780324349124456,0.894920422674653,0.7864600690248004,1.0,0.4255078805012172,0.588867762779135,0.35836616320876213,0.5681654844258118,-0.07989542510440405,0.14230464381124835,0.49726486669298003,0.8197923943767953,0.39487965189152785,0.6637480727361612,0.5097885717520652,0.888677966366286,0.21169015363548171
0.03224999638292774,0.21562921772688207,0.44851736356360933,0.3490241077558669,0.44859439277421553,0.4255078805012172,1.0,0.6594963362568832,0.9622278262754965,0.6715458787434522,-0.3550740556938636,0.01186058099189217,0.17960326049056696,0.38592680796955775,0.40594615868954814,0.5511005691934292,0.21663563542544198,0.4499667323238588,0.6207788485473393
0.12067783144700374,0.24609213133832955,0.34869246953593475,0.5212161692632006,0.36074112458655727,0.588867762779135,0.6594963362568832,1.0,0.6396566906150603,0.9468163806885237,-0.24354263396045633,0.023350542741665335,0.26149532696559685,0.6071977262868347,0.4361186197441863,0.8772917606686745,0.4315211692010036,0.532875304454029,0.49102258316486763
0.08261791862262033,0.18311432600572544,0.3553590369675979,0.27977956786201646,0.3539705158735964,0.35836616320876213,0.9622278262754965,0.6396566906150603,1.0,0.6341506175139295,-0.2634707875724404,0.03183497949161877,0.12864369939445155,0.33038949842736787,0.30656255969053664,0.4991024809885767,0.1603884590704514,0.3562573914481823,0.6402934054522819
0.044263607999071884,0.23419721112513306,0.3734968574606208,0.5316493032304159,0.3928898593677066,0.5681654844258118,0.6715458787434522,0.9468163806885237,0.6341506175139295,1.0,-0.3471140839678662,-0.005065294235860771,0.2412917500712691,0.5780085788300973,0.4587946111679282,0.9094043220840725,0.5337139750776648,0.5606345504319431,0.4481760664098377
0.6721726013850226,0.312243948540199,-0.0941109180219669,0.06393018579361177,-0.12091273758811143,-0.07989542510440405,-0.3550740556938636,-0.24354263396045633,-0.2634707875724404,-0.3471140839678662,1.0,0.4788486775763728,-0.17752811785754088,-0.24412542298031767,-0.36082696464278174,-0.30894136833633035,-0.2263291446781132,-0.20416603813785247,-0.2475171558117617
0.3196816128694503,0.6989660984433594,0.07239126946411222,0.1425900160922255,0.04364019823533994,0.14230464381124835,0.01186058099189217,0.023350542741665335,0.03183497949161877,-0.005065294235860771,0.4788486775763728,1.0,-0.21389574314917187,0.018499414712463923,0.1368856144128915,0.017090524058099615,0.290407604267911,0.06637171837532388,0.18212682695315421
0.29750050341447004,0.08721518422923509,0.5868000305342296,0.5567499875369462,0.5982229364721722,0.49726486669298003,0.17960326049056696,0.26149532696559685,0.12864369939445155,0.2412917500712691,-0.17752811785754088,-0.21389574314917187,1.0,0.5183105649916382,0.22427933728072777,0.3264953569377541,0.25296407730223824,0.5148284117533646,0.005839113811116235
0.15677285116534606,0.2791800815372349,0.5534034106908325,0.6932368556044655,0.5788472260068627,0.8197923943767953,0.38592680796955775,0.6071977262868347,0.33038949842736787,0.5780085788300973,-0.24412542298031767,0.018499414712463923,0.5183105649916382,1.0,0.2765667511669853,0.6806120468799468,0.47837842658932983,0.7275267793852374,0.22454935140413831
-0.14707123880689837,0.44333637870769727,0.30544800243361453,0.3164676193750055,0.31466447491802935,0.39487965189152785,0.40594615868954814,0.4361186197441863,0.30656255969053664,0.4587946111679282,-0.36082696464278174,0.1368856144128915,0.22427933728072777,0.2765667511669853,1.0,0.44715538254100373,0.036003506472326495,0.4177687425846064,0.14832906318709896
0.11285733162591406,0.2745543952918808,0.4396774005018357,0.6254404437732272,0.45301610897879296,0.6637480727361612,0.5511005691934292,0.8772917606686745,0.4991024809885767,0.9094043220840725,-0.30894136833633035,0.017090524058099615,0.3264953569377541,0.6806120468799468,0.44715538254100373,1.0,0.5665005588632024,0.6229834207611373,0.2995070749425347
0.061344557542273054,0.3215995344525975,0.3965768740840022,0.5517944833271985,0.40495411813547033,0.5097885717520652,0.21663563542544198,0.4315211692010036,0.1603884590704514,0.5337139750776648,-0.2263291446781132,0.290407604267911,0.25296407730223824,0.47837842658932983,0.036003506472326495,0.5665005588632024,1.0,0.5911560085520792,0.09074929029190885
0.18186807736205038,0.4039584632164728,0.7892799512629508,0.8165153127686253,0.8091297088852598,0.888677966366286,0.4499667323238588,0.532875304454029,0.3562573914481823,0.5606345504319431,-0.20416603813785247,0.06637171837532388,0.5148284117533646,0.7275267793852374,0.4177687425846064,0.6229834207611373,0.5911560085520792,1.0,0.1972996949206562
-0.16335260201572133,0.29979038182230144,0.22873183063696453,-0.010820490332831246,0.2216310491096544,0.21169015363548171,0.6207788485473393,0.49102258316486763,0.6402934054522819,0.4481760664098377,-0.2475171558117617,0.18212682695315421,0.005839113811116235,0.22454935140413831,0.14832906318709896,0.2995070749425347,0.09074929029190885,0.1972996949206562,1.0
