0,1,2,3,4,5,6,7,8,9,10,11,12,13,14,15,16,17,18
1.0,0.7095033439561044,0.521573017969531,0.6675793944416182,0.6590181091966469,0.44745303987450763,-0.18654267863130553,-0.1812014847145331,-0.1974913614639207,-0.19794911435008297,0.8176159515779408,0.5746636030508154,0.281266531378442,0.14157130083857272,-0.28992049420319244,-0.23903278132403893,0.9419274092241843,0.3937621181782705,-0.04933638178064888
0.7095033439561044,1.0,0.3236558914994782,0.4619515765019215,0.4380047685403052,0.3237940466083459,-0.11184593314466451,-0.1541592500491918,-0.1202414631957618,-0.1421225600515318,0.6059527141740209,0.596266135141259,0.17157795319735455,0.07931073816484809,0.10676403862877648,-0.19301759416147507,0.7010358015930975,0.269670120389853,-0.09564425870563012
0.521573017969531,0.3236558914994782,1.0,0.5645000254345127,0.7187082833771837,0.5369226574409551,-0.03668483458622786,-0.040743534295832905,-0.07126775261521208,-0.06136519604882091,0.4558070274396325,0.2578195395581809,0.17758401249321043,0.33753436984396507,-0.18110631117781423,-0.016804487678320247,0.45342045909390166,0.5837545035990849,0.024252391782355515
0.6675793944416182,0.4619515765019215,0.5645000254345127,1.0,0.707120916538957,0.8553805577896597,-0.06679618635476992,0.07975443730274359,-0.1063127868749529,0.021821521375444762,0.5526414893241725,0.4099312687441022,0.3380757524904949,0.4547952126900669,0.154475267815446,0.048567063165538105,0.5982171172959037,0.7501239477401445,0.015234451594079839
0.6590181091966469,0.4380047685403052,0.7187082833771837,0.707120916538957,1.0,0.6703379643679006,-0.015299620177318934,-0.06711368391886356,-0.05774409755873735,-0.05913012594496928,0.5837536695266692,0.4166229317267939,0.31707371942466467,0.3857598936048354,-0.1256687708511614,-0.08788720304377878,0.5449013730331019,0.7422848312310429,0.095616385034557
0.44745303987450763,0.3237940466083459,0.5369226574409551,0.8553805577896597,0.6703379643679006,1.0,0.031657555229895544,0.20553230482503612,-0.005929528287872434,0.13590283765576738,0.4012707348029693,0.35036567846069105,0.09771804750423534,0.7255279568932222,0.18167852520697772,0.23087486950482544,0.3530529989774408,0.8447088053205799,0.04934372010826243
-0.18654267863130553,-0.11184593314466451,-0.03668483458622786,-0.06679618635476992,-0.015299620177318934,0.031657555229895544,1.0,0.7136140636171866,0.9739287143322911,0.6989803590958114,-0.2732921777005674,-0.1423511806420653,0.06741152971561032,0.047066774377473176,-0.021764793488917328,0.4528893338388874,-0.1627276735462843,0.009540517327455854,0.7832628162608904
-0.1812014847145331,-0.1541592500491918,-0.040743534295832905,0.07975443730274359,-0.06711368391886356,0.20553230482503612,0.7136140636171866,1.0,0.6994259805834867,0.9524124261733679,-0.15193729366560102,-0.2741539915818686,-0.032126953273056987,0.19426590912158997,0.24546966867623693,0.7975994436068969,-0.18415434320655416,0.12634598250144966,0.6122026850113559
-0.1974913614639207,-0.1202414631957618,-0.07126775261521208,-0.1063127868749529,-0.05774409755873735,-0.005929528287872434,0.9739287143322911,0.6994259805834867,1.0,0.700470046930304,-0.279405332436112,-0.14296393580571196,0.024622510742594864,0.020439406655147326,-0.027048849753742873,0.4408409287716835,-0.1681743264946194,-0.02960117200429256,0.764716445909663
-0.19794911435008297,-0.1421225600515318,-0.06136519604882091,0.021821521375444762,-0.05913012594496928,0.13590283765576738,0.6989803590958114,0.9524124261733679,0.700470046930304,1.0,-0.14937378555031722,-0.2847796082137655,-0.09254727016208662,0.12324460650766021,0.2831657134197976,0.7674244492050105,-0.21860885901804678,0.06898568010054396,0.5668400595081301
0.8176159515779408,0.6059527141740209,0.4558070274396325,0.5526414893241725,0.5837536695266692,0.4012707348029693,-0.2732921777005674,-0.15193729366560102,-0.279405332436112,-0.14937378555031722,1.0,0.47741126196359723,0.2573649234247815,0.1505840807035458,-0.26909932120155294,-0.19132203795718775,0.72042983970438,0.3802003062145002,-0.15760624837862403
0.5746636030508154,0.596266135141259,0.2578195395581809,0.4099312687441022,0.4166229317267939,0.35036567846069105,-0.1423511806420653,-0.2741539915818686,-0.14296393580571196,-0.2847796082137655,0.47741126196359723,1.0,0.09738541538305766,0.29132671671960586,-0.024740262118136704,-0.22570451167148892,0.533997973172162,0.19867551599192348,-0.09490930466505147
0.281266531378442,0.17157795319735455,0.17758401249321043,0.3380757524904949,0.31707371942466467,0.09771804750423534,0.06741152971561032,-0.032126953273056987,0.024622510742594864,-0.09254727016208662,0.2573649234247815,0.09738541538305766,1.0,-0.05989899490916787,-0.124193369153859,-0.228824795930719,0.3179901899098572,0.12443639004061229,0.3148629171716222
0.14157130083857272,0.07931073816484809,0.33753436984396507,0.4547952126900669,0.3857598936048354,0.7255279568932222,0.047066774377473176,0.19426590912158997,0.020439406655147326,0.12324460650766021,0.1505840807035458,0.29132671671960586,-0.05989899490916787,1.0,-0.016850593294316197,0.30209376494917906,0.07497054439582043,0.5543525886045326,0.03284212576253659
-0.28992049420319244,0.10676403862877648,-0.18110631117781423,0.154475267815446,-0.1256687708511614,0.18167852520697772,-0.021764793488917328,0.24546966867623693,-0.027048849753742873,0.2831657134197976,-0.26909932120155294,-0.024740262118136704,-0.124193369153859,-0.016850593294316197,1.0,0.29915144264441595,-0.3362194746007497,0.1851079644252648,-0.3089064060781772
-0.23903278132403893,-0.19301759416147507,-0.016804487678320247,0.048567063165538105,-0.08788720304377878,0.23087486950482544,0.4528893338388874,0.7975994436068969,0.4408409287716835,0.7674244492050105,-0.19132203795718775,-0.22570451167148892,-0.228824795930719,0.30209376494917906,0.29915144264441595,1.0,-0.27210960328153805,0.14267578188365812,0.2954572634573671
0.9419274092241843,0.7010358015930975,0.45342045909390166,0.5982171172959037,0.5449013730331019,0.3530529989774408,-0.1627276735462843,-0.18415434320655416,-0.1681743264946194,-0.21860885901804678,0.72042983970438,0.533997973172162,0.3179901899098572,0.07497054439582043,-0.3362194746007497,-0.27210960328153805,1.0,0.30658896262679014,0.0028051504343808344
0.3937621181782705,0.269670120389853,0.5837545035990849,0.7501239477401445,0.7422848312310429,0.8447088053205799,0.009540517327455854,0.12634598250144966,-0.02960117200429256,0.06898568010054396,0.3802003062145002,0.19867551599192348,0.12443639004061229,0.5543525886045326,0.1851079644252648,0.14267578188365812,0.30658896262679014,1.0,0.04228269040234767
-0.04933638178064888,-0.09564425870563012,0.024252391782355515,0.015234451594079839,0.095616385034557,0.04934372010826243,0.7832628162608904,0.6122026850113559,0.764716445909663,0.5668400595081301,-0.15760624837862403,-0.09490930466505147,0.3148629171716222,0.03284212576253659,-0.3089064060781772,0.2954572634573671,0.0028051504343808344,0.04228269040234767,1.0
