0,1,2,3,4,5,6,7,8,9,10,11,12,13,14,15,16,17,18
1.0,0.37850084797390166,0.5784406234731948,0.37217063692865804,0.4542376556131021,0.28473795231038407,-0.15223936630398607,-0.09686700627259745,-0.1838166012722642,-0.0996345441842723,0.6157505380404358,0.18455236573431355,0.5746859925118004,0.20198990128215408,-0.04647253857482547,0.010268713766448969,0.5801708740545662,0.27517404151556857,-0.10856971222248218
0.37850084797390166,1.0,0.5109724086184996,0.8846251370115246,0.4598135918038241,0.7778786272249069,0.07281904380266517,0.41546450477841795,0.03353162358714471,0.4123854067681652,0.590283370729068,0.8699734351340931,0.567708648725714,0.7296321037153494,0.30900960201436223,0.5534900252286525,0.6117203486643027,0.710159820170319,-0.03232377413038764
0.5784406234731948,0.5109724086184996,1.0,0.602302517075093,0.8439337561372476,0.4795595975716491,-0.16984589078436557,-0.05401084899788368,-0.22035862123575964,-0.05612692595083562,0.5871965122626076,0.34440550380902524,0.6441898510833027,0.2821131716133372,-0.15304226131001064,0.0595217365055846,0.7074642152140849,0.5420441448790272,-0.16651427063781787
0.37217063692865804,0.8846251370115246,0.602302517075093,1.0,0.5836874104798688,0.9204544793693404,0.11496279304607736,0.5224006052667906,0.08563829014684106,0.5106370928506906,0.5493348459395098,0.8770250755780477,0.5788555755829312,0.8229078906588834,0.3902627595482641,0.6782275910342369,0.4831086198360961,0.8785451513926175,0.021237999930331822
0.4542376556131021,0.4598135918038241,0.8439337561372476,0.5836874104798688,1.0,0.5468782797762914,-0.0784279379563824,0.045967580839255534,-0.1393158946968641,0.06709332930072535,0.522716347966132,0.37657215478432104,0.6337118418718705,0.35959173362986324,-0.0594952049214426,0.15331051902661885,0.5005530302164708,0.6725328804786953,-0.0314292680760652
0.28473795231038407,0.7778786272249069,0.4795595975716491,0.9204544793693404,0.5468782797762914,1.0,0.23351527301346006,0.5878365077247226,0.19405316817289747,0.5686896556001795,0.44344860223459887,0.8366030567586756,0.4885198200676293,0.9048735621663925,0.4972088570513652,0.7584912904312816,0.32564631188037096,0.9097632350246057,0.15701965510313043
-0.15223936630398607,0.07281904380266517,-0.16984589078436557,0.11496279304607736,-0.0784279379563824,0.23351527301346006,1.0,0.4145521354021893,0.9605230999202019,0.3940441007485074,-0.24753302581571776,0.07903846623751691,-0.21088629179580118,0.2328942255744685,0.4568932538834928,0.29260879678087187,-0.23221827501855866,0.22942212613633614,0.533026210140174
-0.09686700627259745,0.41546450477841795,-0.05401084899788368,0.5224006052667906,0.045967580839255534,0.5878365077247226,0.4145521354021893,1.0,0.42465256585314126,0.9848970490761707,-0.06618548368013176,0.5192892287584061,-0.04857891061619403,0.6171834771776405,0.33262136418785626,0.8281736145646447,-0.1860956428246765,0.5551383143749251,0.5441073181618488
-0.1838166012722642,0.03353162358714471,-0.22035862123575964,0.08563829014684106,-0.1393158946968641,0.19405316817289747,0.9605230999202019,0.42465256585314126,1.0,0.40952902928542273,-0.2767391338660221,0.04631803470331789,-0.24447060530633474,0.20302729697766952,0.4404737700891166,0.2994957598238422,-0.27434192547095043,0.17983402366617054,0.5051190248743453
-0.0996345441842723,0.4123854067681652,-0.05612692595083562,0.5106370928506906,0.06709332930072535,0.5686896556001795,0.3940441007485074,0.9848970490761707,0.40952902928542273,1.0,-0.06521239637076999,0.5120909838658628,-0.047986431123783424,0.5977752374285964,0.30264108186986605,0.8088556117300356,-0.2008511553802266,0.543024052326538,0.5489035348390936
0.6157505380404358,0.590283370729068,0.5871965122626076,0.5493348459395098,0.522716347966132,0.44344860223459887,-0.24753302581571776,-0.06618548368013176,-0.2767391338660221,-0.06521239637076999,1.0,0.4128747210257062,0.9305699525776142,0.3367721731666797,-0.04807277505780332,0.07467793452723247,0.657852175576464,0.45723842620784905,-0.22692027366602302
0.18455236573431355,0.8699734351340931,0.34440550380902524,0.8770250755780477,0.37657215478432104,0.8366030567586756,0.07903846623751691,0.5192892287584061,0.04631803470331789,0.5120909838658628,0.4128747210257062,1.0,0.41699840773173175,0.8478152876786154,0.3261377853949838,0.7009714431571124,0.3638269271802115,0.7650198085420622,0.0040454319936996325
0.5746859925118004,0.567708648725714,0.6441898510833027,0.5788555755829312,0.6337118418718705,0.4885198200676293,-0.21088629179580118,-0.04857891061619403,-0.24447060530633474,-0.047986431123783424,0.9305699525776142,0.41699840773173175,1.0,0.34246552693956595,-0.0345155914751752,0.08389349735473957,0.6119935481864833,0.5379690377637465,-0.1899068659076
0.20198990128215408,0.7296321037153494,0.2821131716133372,0.8229078906588834,0.35959173362986324,0.9048735621663925,0.2328942255744685,0.6171834771776405,0.20302729697766952,0.5977752374285964,0.3367721731666797,0.8478152876786154,0.34246552693956595,1.0,0.4983723315102143,0.838907156413293,0.19730673302133314,0.7911017473224943,0.1428086986307468
-0.04647253857482547,0.30900960201436223,-0.15304226131001064,0.3902627595482641,-0.0594952049214426,0.4972088570513652,0.4568932538834928,0.33262136418785626,0.4404737700891166,0.30264108186986605,-0.04807277505780332,0.3261377853949838,-0.0345155914751752,0.4983723315102143,1.0,0.43942386463687133,-0.1841427874011756,0.49963240744326715,0.061582824949478525
0.010268713766448969,0.5534900252286525,0.0595217365055846,0.6782275910342369,0.15331051902661885,0.7584912904312816,0.29260879678087187,0.8281736145646447,0.2994957598238422,0.8088556117300356,0.07467793452723247,0.7009714431571124,0.08389349735473957,0.838907156413293,0.43942386463687133,1.0,-0.07500583079840879,0.6846989121736492,0.27302949021366424
0.5801708740545662,0.6117203486643027,0.7074642152140849,0.4831086198360961,0.5005530302164708,0.32564631188037096,-0.23221827501855866,-0.1860956428246765,-0.27434192547095043,-0.2008511553802266,0.657852175576464,0.3638269271802115,0.6119935481864833,0.19730673302133314,-0.1841427874011756,-0.07500583079840879,1.0,0.31722345596436013,-0.22997536672047744
0.27517404151556857,0.710159820170319,0.5420441448790272,0.8785451513926175,0.6725328804786953,0.9097632350246057,0.22942212613633614,0.5551383143749251,0.17983402366617054,0.543024052326538,0.45723842620784905,0.7650198085420622,0.5379690377637465,0.7911017473224943,0.49963240744326715,0.6846989121736492,0.31722345596436013,1.0,0.18855924630824714
-0.10856971222248218,-0.03232377413038764,-0.16651427063781787,0.021237999930331822,-0.0314292680760652,0.15701965510313043,0.533026210140174,0.5441073181618488,0.5051190248743453,0.5489035348390936,-0.22692027366602302,0.0040454319936996325,-0.1899068659076,0.1428086986307468,0.061582824949478525,0.27302949021366424,-0.22997536672047744,0.18855924630824714,1.0
