0,1,2,3,4,5,6,7,8,9,10,11,12,13,14,15,16,17,18
1.0,0.6322571067113536,0.610436433572244,0.5721343505177299,0.4825676762393483,0.41877447988312594,0.024617830015340344,-0.15840158400992285,-0.04783009563435241,-0.18637246070737462,0.7871379677099137,0.2848824809396094,0.6827416602163217,0.2509345978112519,-0.01913964913395309,-0.033003936914181034,0.6808662282593092,0.3828060533090595,-0.025478449155290867
0.6322571067113536,1.0,0.6408350014334319,0.8716673749361106,0.5640078283682018,0.6751861045947152,0.15002451668165148,0.023558268933700527,0.05933730984041902,-0.0007826971036370481,0.5957765086200855,0.7485280002482947,0.5836082618993277,0.5028299258644473,0.2571539603155113,0.14138276801993632,0.7397886214186812,0.5978077035399254,-0.017288930716244173
0.610436433572244,0.6408350014334319,1.0,0.7950995771875969,0.8690726983359771,0.6649785263909747,0.07585455179555652,-0.1979846329660644,-0.03492288114607101,-0.22118788044574408,0.6640945572177921,0.42624715456075285,0.7069433073212436,0.3014290396193098,-0.03138633497543014,-0.0860377342766443,0.7339525951939505,0.7358764550121208,0.017735387581915448
0.5721343505177299,0.8716673749361106,0.7950995771875969,1.0,0.7371373357506378,0.8649877587955929,0.2385160671658519,0.04973955938242242,0.13115278099929079,0.016762932686223576,0.6318558294658063,0.7183981989607757,0.6601691774810249,0.5588440897535691,0.31607356134335557,0.16319219402968713,0.6790384304084999,0.8178036563183759,0.05643424941427256
0.4825676762393483,0.5640078283682018,0.8690726983359771,0.7371373357506378,1.0,0.6797237233827356,0.11575962403452185,-0.13427108486292347,-0.007187192353971421,-0.13405005836674913,0.6320135363066582,0.3810048825384418,0.7166007609225259,0.3106364630631233,0.03048877529484956,-0.05886743242369613,0.5671793374341869,0.8218924606988599,0.09032524801320989
0.41877447988312594,0.6751861045947152,0.6649785263909747,0.8649877587955929,0.6797237233827356,1.0,0.35580925805887753,0.1283560764756033,0.24932406664492857,0.08687910673524302,0.49557239785804824,0.6682208098020125,0.5528406371667575,0.7213817400358928,0.37175213155533676,0.3258908809365541,0.47137211793286066,0.8304618022437847,0.16253847858849074
0.024617830015340344,0.15002451668165148,0.07585455179555652,0.2385160671658519,0.11575962403452185,0.35580925805887753,1.0,0.3990491572243301,0.940704142381083,0.37317080878379333,-0.05130483228863894,0.1332001696302017,-0.021316831479924508,0.3266019056448173,0.3391950881198306,0.32890342160490216,-0.015941471789604676,0.3513907146748835,0.5195911037696468
-0.15840158400992285,0.023558268933700527,-0.1979846329660644,0.04973955938242242,-0.13427108486292347,0.1283560764756033,0.3990491572243301,1.0,0.43588244159237294,0.9745942934443357,-0.2691091100491892,0.03866313461332158,-0.26608841801561456,0.19632328275253663,0.023857944563425756,0.6037185144325918,-0.2243793996121887,0.12853923617426727,0.5656648057666427
-0.04783009563435241,0.05933730984041902,-0.03492288114607101,0.13115278099929079,-0.007187192353971421,0.24932406664492857,0.940704142381083,0.43588244159237294,1.0,0.4212621299207762,-0.1409300341635273,0.08238352928882085,-0.1217334508504613,0.27195214789578526,0.2857180035803584,0.3510504801925779,-0.09285208819711299,0.23200355917080623,0.472221284641601
-0.18637246070737462,-0.0007826971036370481,-0.22118788044574408,0.016762932686223576,-0.13405005836674913,0.08687910673524302,0.37317080878379333,0.9745942934443357,0.4212621299207762,1.0,-0.2999849342293745,0.024336623586322458,-0.30105430885147666,0.1483162243956006,-0.01581328603811464,0.5755037979019301,-0.25421777740649076,0.09463846423157897,0.5618437362969081
0.7871379677099137,0.5957765086200855,0.6640945572177921,0.6318558294658063,0.6320135363066582,0.49557239785804824,-0.05130483228863894,-0.2691091100491892,-0.1409300341635273,-0.2999849342293745,1.0,0.2718801851147135,0.9346771820703152,0.25882096100830876,0.010271131824306516,-0.16369329632151494,0.6197185881691768,0.5248479465499875,-0.10661196825018461
0.2848824809396094,0.7485280002482947,0.42624715456075285,0.7183981989607757,0.3810048825384418,0.6682208098020125,0.1332001696302017,0.03866313461332158,0.08238352928882085,0.024336623586322458,0.2718801851147135,1.0,0.2821648227633808,0.6308039983949243,0.17776899655699785,0.1864063651938105,0.5014188395509867,0.5127970254248481,-0.09107038271445653
0.6827416602163217,0.5836082618993277,0.7069433073212436,0.6601691774810249,0.7166007609225259,0.5528406371667575,-0.021316831479924508,-0.26608841801561456,-0.1217334508504613,-0.30105430885147666,0.9346771820703152,0.2821648227633808,1.0,0.25196204728647564,0.06284315071777685,-0.18356656259970583,0.5782723939569355,0.6201226068273217,-0.11043416828665271
0.2509345978112519,0.5028299258644473,0.3014290396193098,0.5588440897535691,0.3106364630631233,0.7213817400358928,0.3266019056448173,0.19632328275253663,0.27195214789578526,0.1483162243956006,0.25882096100830876,0.6308039983949243,0.25196204728647564,1.0,0.2822777447056087,0.5243378536720529,0.28128460136587136,0.4845811365837404,0.14929203330415755
-0.01913964913395309,0.2571539603155113,-0.03138633497543014,0.31607356134335557,0.03048877529484956,0.37175213155533676,0.3391950881198306,0.023857944563425756,0.2857180035803584,-0.01581328603811464,0.010271131824306516,0.17776899655699785,0.06284315071777685,0.2822777447056087,1.0,0.10216076208181214,-0.1250602004317965,0.41871248719966736,-0.09603027050850238
-0.033003936914181034,0.14138276801993632,-0.0860377342766443,0.16319219402968713,-0.05886743242369613,0.3258908809365541,0.32890342160490216,0.6037185144325918,0.3510504801925779,0.5755037979019301,-0.16369329632151494,0.1864063651938105,-0.18356656259970583,0.5243378536720529,0.10216076208181214,1.0,-0.1273600046709429,0.1868799954564843,0.2706461727810075
0.6808662282593092,0.7397886214186812,0.7339525951939505,0.6790384304084999,0.5671793374341869,0.47137211793286066,-0.015941471789604676,-0.2243793996121887,-0.09285208819711299,-0.25421777740649076,0.6197185881691768,0.5014188395509867,0.5782723939569355,0.28128460136587136,-0.1250602004317965,-0.1273600046709429,1.0,0.47023442665773707,0.0026905414751358494
0.3828060533090595,0.5978077035399254,0.7358764550121208,0.8178036563183759,0.8218924606988599,0.8304618022437847,0.3513907146748835,0.12853923617426727,0.23200355917080623,0.09463846423157897,0.5248479465499875,0.5127970254248481,0.6201226068273217,0.4845811365837404,0.41871248719966736,0.1868799954564843,0.47023442665773707,1.0,0.21390345638980043
-0.025478449155290867,-0.017288930716244173,0.017735387581915448,0.05643424941427256,0.09032524801320989,0.16253847858849074,0.5195911037696468,0.5656648057666427,0.472221284641601,0.5618437362969081,-0.10661196825018461,-0.09107038271445653,-0.11043416828665271,0.14929203330415755,-0.09603027050850238,0.2706461727810075,0.0026905414751358494,0.21390345638980043,1.0
