0,1,2,3,4,5,6,7,8,9,10,11,12,13,14,15,16,17,18
1.0,0.8368148219094868,0.7256187759140277,0.6828848577764972,0.4812504261832283,0.513931734197272,-0.05217761378008394,-0.12587826347486294,-0.14138387900750965,-0.13319172174740024,0.8539608272913097,0.49578148107629244,0.7996286097231922,0.3846985142297174,0.01691940148842993,-0.08624999020637447,0.8629697908651567,0.3997682574500821,-0.07357217630173564
0.8368148219094868,1.0,0.6571535727160702,0.8168374917593564,0.43575349434376287,0.585412752996784,0.020505229170036516,-0.05350550602194247,-0.06412077014107116,-0.0566517862447346,0.7700260142476479,0.7000597133979901,0.7350158487198081,0.4514417754005617,0.2215821620619818,-0.009667656336221126,0.8772176441564613,0.4524502557698318,-0.05065040771621773
0.7256187759140277,0.6571535727160702,1.0,0.8035733233826862,0.8226926208329981,0.6997967892681333,-0.03208381098992267,-0.2032304553178305,-0.12166660930927418,-0.2112774948660067,0.7102796145639212,0.5280361701265238,0.7396234837335642,0.3831171684147012,0.028598639367605035,-0.19384860695792808,0.7178828726927469,0.6629115451423447,-0.06541696366628301
0.6828848577764972,0.8168374917593564,0.8035733233826862,1.0,0.6864315714981426,0.8666811230300012,0.14994978496399022,-0.008859510237432528,0.057177628970401004,-0.02243718720255649,0.6938839816526232,0.7348396447099901,0.7325908135786665,0.5970345395610158,0.37628310514951335,0.0782354976691349,0.7047655793412152,0.7624548171489943,0.010156189330092439
0.4812504261832283,0.43575349434376287,0.8226926208329981,0.6864315714981426,1.0,0.7169385645046518,0.01686280850096071,-0.09045416637208072,-0.08891518647468784,-0.085561460040208,0.5888519871518948,0.4224950980341526,0.6802413145004006,0.3967724396803686,0.08853815309899624,-0.10402937282201163,0.4317043666974325,0.8061248857019253,0.027525088612109214
0.513931734197272,0.585412752996784,0.6997967892681333,0.8666811230300012,0.7169385645046518,1.0,0.191983423833726,0.09743693773071085,0.0830030360735332,0.06738869468747735,0.5986092824379873,0.6441962732581981,0.669515007529997,0.7620944702867604,0.4002474301761253,0.25685275711098554,0.4838296966850624,0.8562075955936114,0.08955103537142808
-0.05217761378008394,0.020505229170036516,-0.03208381098992267,0.14994978496399022,0.01686280850096071,0.191983423833726,1.0,0.40784180920666147,0.9556821862130361,0.38470993161111344,-0.12888252458927313,-0.02253930516738863,-0.08427313308546834,0.0843932576302081,0.3441983980596737,0.23392222363378753,-0.09755970518021373,0.25020583639223065,0.5323922366177647
-0.12587826347486294,-0.05350550602194247,-0.2032304553178305,-0.008859510237432528,-0.09045416637208072,0.09743693773071085,0.40784180920666147,1.0,0.4016566046844917,0.9750871507000249,-0.13862831107912313,-0.16537558108598008,-0.13748299646291698,0.08521740548833197,-0.0017746218266949108,0.6118407307397816,-0.23997079658068665,0.1511749167416806,0.6583306161058065
-0.14138387900750965,-0.06412077014107116,-0.12166660930927418,0.057177628970401004,-0.08891518647468784,0.0830030360735332,0.9556821862130361,0.4016566046844917,1.0,0.38401439313847524,-0.21433950129620516,-0.10699022879442913,-0.17733946715759583,-0.0073053721172055015,0.3083456604005342,0.24961141344004883,-0.17045624950737215,0.14606683391055078,0.5011629696950386
-0.13319172174740024,-0.0566517862447346,-0.2112774948660067,-0.02243718720255649,-0.085561460040208,0.06738869468747735,0.38470993161111344,0.9750871507000249,0.38401439313847524,1.0,-0.15148284221156053,-0.16459842078045822,-0.15703609307601288,0.063546689754016,-0.031812781804685726,0.5893467290192869,-0.2548745486443559,0.12362605454882376,0.6436238538377316
0.8539608272913097,0.7700260142476479,0.7102796145639212,0.6938839816526232,0.5888519871518948,0.5986092824379873,-0.12888252458927313,-0.13862831107912313,-0.21433950129620516,-0.15148284221156053,1.0,0.47535936502074566,0.9593104501037814,0.4528241843334015,0.049649062091713436,-0.0659312581930101,0.7597068141985966,0.5372808017558489,-0.14155930122066818
0.49578148107629244,0.7000597133979901,0.5280361701265238,0.7348396447099901,0.4224950980341526,0.6441962732581981,-0.02253930516738863,-0.16537558108598008,-0.10699022879442913,-0.16459842078045822,0.47535936502074566,1.0,0.4905107263578998,0.5783053055362526,0.15031265485757891,-0.03022447673321909,0.5892208790256364,0.5055258420498461,-0.11993465627632172
0.7996286097231922,0.7350158487198081,0.7396234837335642,0.7325908135786665,0.6802413145004006,0.669515007529997,-0.08427313308546834,-0.13748299646291698,-0.17733946715759583,-0.15703609307601288,0.9593104501037814,0.4905107263578998,1.0,0.47361379632649003,0.11201572626178996,-0.06650719712723156,0.707110957135944,0.6395376875428606,-0.12969705110565544
0.3846985142297174,0.4514417754005617,0.3831171684147012,0.5970345395610158,0.3967724396803686,0.7620944702867604,0.0843932576302081,0.08521740548833197,-0.0073053721172055015,0.063546689754016,0.4528241843334015,0.5783053055362526,0.47361379632649003,1.0,0.3952517790244457,0.3913727883373824,0.3162703194669251,0.5833124895182062,-0.012347007608965786
0.01691940148842993,0.2215821620619818,0.028598639367605035,0.37628310514951335,0.08853815309899624,0.4002474301761253,0.3441983980596737,-0.0017746218266949108,0.3083456604005342,-0.031812781804685726,0.049649062091713436,0.15031265485757891,0.11201572626178996,0.3952517790244457,1.0,0.16064916990088995,0.004173702745336753,0.47891719907178115,-0.10901796926792513
-0.08624999020637447,-0.009667656336221126,-0.19384860695792808,0.0782354976691349,-0.10402937282201163,0.25685275711098554,0.23392222363378753,0.6118407307397816,0.24961141344004883,0.5893467290192869,-0.0659312581930101,-0.03022447673321909,-0.06650719712723156,0.3913727883373824,0.16064916990088995,1.0,-0.20206104548324916,0.19173435954461748,0.2460185495125261
0.8629697908651567,0.8772176441564613,0.7178828726927469,0.7047655793412152,0.4317043666974325,0.4838296966850624,-0.09755970518021373,-0.23997079658068665,-0.17045624950737215,-0.2548745486443559,0.7597068141985966,0.5892208790256364,0.707110957135944,0.3162703194669251,0.004173702745336753,-0.20206104548324916,1.0,0.3662098774238463,-0.07930879499101837
0.3997682574500821,0.4524502557698318,0.6629115451423447,0.7624548171489943,0.8061248857019253,0.8562075955936114,0.25020583639223065,0.1511749167416806,0.14606683391055078,0.12362605454882376,0.5372808017558489,0.5055258420498461,0.6395376875428606,0.5833124895182062,0.47891719907178115,0.19173435954461748,0.3662098774238463,1.0,0.1662089416458772
-0.07357217630173564,-0.05065040771621773,-0.06541696366628301,0.010156189330092439,0.027525088612109214,0.08955103537142808,0.5323922366177647,0.6583306161058065,0.5011629696950386,0.6436238538377316,-0.14155930122066818,-0.11993465627632172,-0.12969705110565544,-0.012347007608965786,-0.10901796926792513,0.2460185495125261,-0.07930879499101837,0.1662089416458772,1.0
