0,1,2,3,4,5,6,7,8,9,10,11,12,13,14,15,16,17,18
1.0,0.5375345863543699,0.5789436894196974,0.4505002248122914,0.4220949751163055,0.31146355411979515,-0.19804045477178858,-0.2528755275831324,-0.22903775762788922,-0.2743828488546884,0.6569931157467139,0.27102297920617013,0.6212102610618371,0.18745170509588358,0.02387099761906391,-0.15030844493660397,0.6498715329177723,0.3179273185555694,-0.16658624805207362
0.5375345863543699,1.0,0.5842601368973446,0.8637746337761992,0.4936988352445628,0.685897810892232,0.02449320526399597,0.09682182698802398,-0.019568606498408584,0.10200230685696764,0.6354423602604851,0.721444519010089,0.6115292145267059,0.5663585563202207,0.25693884716315396,0.2285801925799978,0.7269425479532384,0.6313364323390573,-0.04271374193382557
0.5789436894196974,0.5842601368973446,1.0,0.7414425665739118,0.8413491032851665,0.6457247910823954,-0.00618319708624033,-0.15015675222022884,-0.06824553141288384,-0.17723969538971965,0.632225836614917,0.4167625904665944,0.673871137496048,0.392712461927956,-0.0066358888420240784,-0.13671108179136754,0.7009546841511894,0.6907064442548863,0.033356134693925225
0.4505002248122914,0.8637746337761992,0.7414425665739118,1.0,0.6757944971973737,0.8849217311823154,0.1099453850752681,0.14837564121448132,0.05274699332242061,0.12933061769884402,0.5989281394205095,0.7473355847015347,0.6360324520639319,0.680967538043508,0.3148568981696838,0.2662291804025683,0.6328372352097403,0.8417591960105105,0.047246705198469914
0.4220949751163055,0.4936988352445628,0.8413491032851665,0.6757944971973737,1.0,0.6571353814865543,0.05084828570437771,-0.09447062104775569,-0.022299840639754105,-0.10395865583725285,0.5617499796797271,0.4041027663816325,0.6685344798317723,0.3876125522102525,0.02472597277335432,-0.10878739677468463,0.5207389567397133,0.772282938728377,0.09519510215032823
0.31146355411979515,0.685897810892232,0.6457247910823954,0.8849217311823154,0.6571353814865543,1.0,0.2214039524094653,0.2348295771135443,0.1485206149514729,0.1936719945159444,0.47237900095848046,0.7028126308003987,0.552723742593535,0.8137360202299778,0.3691708313824487,0.3413224448143982,0.46366265174818405,0.8846074153181669,0.17750536317556947
-0.19804045477178858,0.02449320526399597,-0.00618319708624033,0.1099453850752681,0.05084828570437771,0.2214039524094653,1.0,0.48915385806946393,0.9615541450882712,0.4604688274586619,-0.12211483638475847,-0.05590453830858939,-0.09073019480260469,0.17577769488598016,0.26236075283088534,0.24083957149454593,-0.12784175341573625,0.2912600766425524,0.6366695979047204
-0.2528755275831324,0.09682182698802398,-0.15015675222022884,0.14837564121448132,-0.09447062104775569,0.2348295771135443,0.48915385806946393,1.0,0.4958092897320569,0.9751312388450416,-0.1992592765986006,0.08890131776494783,-0.20273781799192586,0.2550685419164932,-0.01735793903570146,0.7221689228809978,-0.21397958673545742,0.24101562836052115,0.6357814298099901
-0.22903775762788922,-0.019568606498408584,-0.06824553141288384,0.05274699332242061,-0.022299840639754105,0.1485206149514729,0.9615541450882712,0.4958092897320569,1.0,0.4777409929094482,-0.16152421926474514,-0.11121412452479923,-0.15241417117266895,0.10337935410412598,0.2415510709547017,0.2535204209739205,-0.15977672114611755,0.21895389737136683,0.6125160568695708
-0.2743828488546884,0.10200230685696764,-0.17723969538971965,0.12933061769884402,-0.10395865583725285,0.1936719945159444,0.4604688274586619,0.9751312388450416,0.4777409929094482,1.0,-0.21196952979432476,0.08180395356994609,-0.2244505270635204,0.20869539144036234,-0.03993770325986162,0.6931404173529354,-0.22464698752609893,0.20198653097179636,0.608013921676661
0.6569931157467139,0.6354423602604851,0.632225836614917,0.5989281394205095,0.5617499796797271,0.47237900095848046,-0.12211483638475847,-0.1992592765986006,-0.16152421926474514,-0.21196952979432476,1.0,0.33627789555406906,0.9335447299630302,0.2986555158027665,0.0044237128224596765,-0.13215047181088577,0.7135598294447576,0.5113428391163223,-0.14137441303543574
0.27102297920617013,0.721444519010089,0.4167625904665944,0.7473355847015347,0.4041027663816325,0.7028126308003987,-0.05590453830858939,0.08890131776494783,-0.11121412452479923,0.08180395356994609,0.33627789555406906,1.0,0.3808101212235101,0.6778610264637105,0.061456430810277615,0.29292763227222895,0.4195491469011222,0.5819645791384276,-0.044768478287158256
0.6212102610618371,0.6115292145267059,0.673871137496048,0.6360324520639319,0.6685344798317723,0.552723742593535,-0.09073019480260469,-0.20273781799192586,-0.15241417117266895,-0.2244505270635204,0.9335447299630302,0.3808101212235101,1.0,0.35354806115852083,0.04725158102493299,-0.12499361706216366,0.636884745610359,0.6117162407752088,-0.10549464940980441
0.18745170509588358,0.5663585563202207,0.392712461927956,0.680967538043508,0.3876125522102525,0.8137360202299778,0.17577769488598016,0.2550685419164932,0.10337935410412598,0.20869539144036234,0.2986555158027665,0.6778610264637105,0.35354806115852083,1.0,0.3442894428182562,0.5074557723881072,0.30100532490818066,0.6751595202361949,0.1282316609958357
0.02387099761906391,0.25693884716315396,-0.0066358888420240784,0.3148568981696838,0.02472597277335432,0.3691708313824487,0.26236075283088534,-0.01735793903570146,0.2415510709547017,-0.03993770325986162,0.0044237128224596765,0.061456430810277615,0.04725158102493299,0.3442894428182562,1.0,0.11502743668997333,-0.05629838395175688,0.4109445585685923,-0.16261196361393573
-0.15030844493660397,0.2285801925799978,-0.13671108179136754,0.2662291804025683,-0.10878739677468463,0.3413224448143982,0.24083957149454593,0.7221689228809978,0.2535204209739205,0.6931404173529354,-0.13215047181088577,0.29292763227222895,-0.12499361706216366,0.5074557723881072,0.11502743668997333,1.0,-0.152088166486944,0.2933822986903549,0.273674599300981
0.6498715329177723,0.7269425479532384,0.7009546841511894,0.6328372352097403,0.5207389567397133,0.46366265174818405,-0.12784175341573625,-0.21397958673545742,-0.15977672114611755,-0.22464698752609893,0.7135598294447576,0.4195491469011222,0.636884745610359,0.30100532490818066,-0.05629838395175688,-0.152088166486944,1.0,0.44769827544283536,-0.06480889743707834
0.3179273185555694,0.6313364323390573,0.6907064442548863,0.8417591960105105,0.772282938728377,0.8846074153181669,0.2912600766425524,0.24101562836052115,0.21895389737136683,0.20198653097179636,0.5113428391163223,0.5819645791384276,0.6117162407752088,0.6751595202361949,0.4109445585685923,0.2933822986903549,0.44769827544283536,1.0,0.2431979668056178
-0.16658624805207362,-0.04271374193382557,0.033356134693925225,0.047246705198469914,0.09519510215032823,0.17750536317556947,0.6366695979047204,0.6357814298099901,0.6125160568695708,0.608013921676661,-0.14137441303543574,-0.044768478287158256,-0.10549464940980441,0.1282316609958357,-0.16261196361393573,0.273674599300981,-0.06480889743707834,0.2431979668056178,1.0
