0,1,2,3,4,5,6,7,8,9,10,11,12,13,14,15,16,17,18
1.0,0.6201484086690797,0.7786899732254334,0.6512501812292851,0.6336793045293834,0.5252641197946781,-0.14789644002671656,-0.18503140449626096,-0.23292520122100135,-0.19329980677167,0.8056333094452157,0.5475062836522173,0.7652260963302848,0.31163082609469933,-0.07913741979337274,-0.11421200224849551,0.8064835426594555,0.5041611756547941,-0.015579302938996953
0.6201484086690797,1.0,0.6186190256598183,0.6887249827718,0.5498576285597004,0.5575166110874954,0.04745780504129813,0.05372341018137458,-0.0018774863156118835,0.047366536024281036,0.5598661607275505,0.6705330453995705,0.6058789828443757,0.3569944660944514,0.32893456141674404,0.11534318608106951,0.6684565721568005,0.47771032556278653,0.061964874186041276
0.7786899732254334,0.6186190256598183,1.0,0.8064559887163978,0.8756793498690599,0.6953034234674097,-0.09727521896910188,-0.13323267186484428,-0.1999682844437318,-0.1597096086154739,0.7254622281815866,0.6217735968686631,0.7620142899921422,0.40978861374440506,-0.052219593434472876,-0.06566132490744012,0.7889415724495707,0.7346571320458837,0.03488450198796455
0.6512501812292851,0.6887249827718,0.8064559887163978,1.0,0.7382335956046354,0.8915006366987481,0.02603265830100969,0.11131993872679745,-0.04986708402295022,0.08721955047720613,0.6165344367343396,0.8157955167935291,0.6795664736614397,0.6172653260464809,0.24246719815023335,0.23162204981624673,0.671621115955895,0.8455269207134625,0.04797176094978504
0.6336793045293834,0.5498576285597004,0.8756793498690599,0.7382335956046354,1.0,0.6946650724530282,-0.005374063605028405,-0.051069694460369165,-0.11531332397442877,-0.0582477920917046,0.6577536366921688,0.5294700431082436,0.7606105968202039,0.3843028971268273,0.018774311991227633,-0.025056913948660837,0.6193696903414647,0.8082044192901946,0.07823189901038619
0.5252641197946781,0.5575166110874954,0.6953034234674097,0.8915006366987481,0.6946650724530282,1.0,0.12557533788426886,0.18729660633147766,0.0353220830182618,0.1566589383661766,0.5050315393490985,0.7304998187730826,0.5891873401179194,0.7678161347067154,0.30898439600087213,0.36614563573534753,0.5016044491742423,0.865469028257289,0.16617629876751572
-0.14789644002671656,0.04745780504129813,-0.09727521896910188,0.02603265830100969,-0.005374063605028405,0.12557533788426886,1.0,0.4763387137866371,0.9643638048612202,0.459418245907676,-0.2699239934259084,-0.04747588367901785,-0.22054274063127383,-0.002098239119191859,0.27760260296682254,0.23336359323420636,-0.17139929722674188,0.18927055395254544,0.544782321848751
-0.18503140449626096,0.05372341018137458,-0.13323267186484428,0.11131993872679745,-0.051069694460369165,0.18729660633147766,0.4763387137866371,1.0,0.47541364356974314,0.9810868737047834,-0.2373792094543007,-0.03969995112194056,-0.2107210835662864,0.15500787974750982,0.024094534731785588,0.6312415336111215,-0.23693099882949384,0.21664722318154672,0.6832344042863916
-0.23292520122100135,-0.0018774863156118835,-0.1999682844437318,-0.04986708402295022,-0.11531332397442877,0.0353220830182618,0.9643638048612202,0.47541364356974314,1.0,0.4647407231999684,-0.34328612129034364,-0.11051876513282373,-0.3083178863692299,-0.08105834697441738,0.291298332688903,0.22719428025847424,-0.249470650705127,0.08632920968723179,0.4914672385830244
-0.19329980677167,0.047366536024281036,-0.1597096086154739,0.08721955047720613,-0.0582477920917046,0.1566589383661766,0.459418245907676,0.9810868737047834,0.4647407231999684,1.0,-0.2505997777867186,-0.04748275404156908,-0.22918396586354772,0.1234634193459544,0.010083644863991659,0.6094506993995719,-0.262885525866614,0.1869096381529591,0.6672737977659694
0.8056333094452157,0.5598661607275505,0.7254622281815866,0.6165344367343396,0.6577536366921688,0.5050315393490985,-0.2699239934259084,-0.2373792094543007,-0.34328612129034364,-0.2505997777867186,1.0,0.43882327155816014,0.9410416644856694,0.31759499569371247,-0.03916520758877363,-0.18991319800151707,0.7099453125971722,0.5184038512453875,-0.1481184342717689
0.5475062836522173,0.6705330453995705,0.6217735968686631,0.8157955167935291,0.5294700431082436,0.7304998187730826,-0.04747588367901785,-0.03969995112194056,-0.11051876513282373,-0.04748275404156908,0.43882327155816014,1.0,0.487241407836228,0.5879740481088215,0.1077644826363089,0.1269086234298294,0.6066586120172213,0.6229868622986451,-0.01322156313753153
0.7652260963302848,0.6058789828443757,0.7620142899921422,0.6795664736614397,0.7606105968202039,0.5891873401179194,-0.22054274063127383,-0.2107210835662864,-0.3083178863692299,-0.22918396586354772,0.9410416644856694,0.487241407836228,1.0,0.34821566002670074,0.05753648053785352,-0.14924854645838906,0.679990785753314,0.6315877844488478,-0.13788860070398232
0.31163082609469933,0.3569944660944514,0.40978861374440506,0.6172653260464809,0.3843028971268273,0.7678161347067154,-0.002098239119191859,0.15500787974750982,-0.08105834697441738,0.1234634193459544,0.31759499569371247,0.5879740481088215,0.34821566002670074,1.0,0.3102663383622691,0.48767945303667026,0.2514286931266416,0.5993947901661726,0.10780796616726854
-0.07913741979337274,0.32893456141674404,-0.052219593434472876,0.24246719815023335,0.018774311991227633,0.30898439600087213,0.27760260296682254,0.024094534731785588,0.291298332688903,0.010083644863991659,-0.03916520758877363,0.1077644826363089,0.05753648053785352,0.3102663383622691,1.0,0.21075521194464375,-0.13475261182718312,0.307299798637301,-0.20052535050209205
-0.11421200224849551,0.11534318608106951,-0.06566132490744012,0.23162204981624673,-0.025056913948660837,0.36614563573534753,0.23336359323420636,0.6312415336111215,0.22719428025847424,0.6094506993995719,-0.18991319800151707,0.1269086234298294,-0.14924854645838906,0.48767945303667026,0.21075521194464375,1.0,-0.1856935475985878,0.30236520852876136,0.31278610853104116
0.8064835426594555,0.6684565721568005,0.7889415724495707,0.671621115955895,0.6193696903414647,0.5016044491742423,-0.17139929722674188,-0.23693099882949384,-0.249470650705127,-0.262885525866614,0.7099453125971722,0.6066586120172213,0.679990785753314,0.2514286931266416,-0.13475261182718312,-0.1856935475985878,1.0,0.4815396902413342,-0.016996555649846753
0.5041611756547941,0.47771032556278653,0.7346571320458837,0.8455269207134625,0.8082044192901946,0.865469028257289,0.18927055395254544,0.21664722318154672,0.08632920968723179,0.1869096381529591,0.5184038512453875,0.6229868622986451,0.6315877844488478,0.5993947901661726,0.307299798637301,0.30236520852876136,0.4815396902413342,1.0,0.20206407807844917
-0.015579302938996953,0.061964874186041276,0.03488450198796455,0.04797176094978504,0.07823189901038619,0.16617629876751572,0.544782321848751,0.6832344042863916,0.4914672385830244,0.6672737977659694,-0.1481184342717689,-0.01322156313753153,-0.13788860070398232,0.10780796616726854,-0.20052535050209205,0.31278610853104116,-0.016996555649846753,0.20206407807844917,1.0
